# bin_4_4
1.444498877567390962e-08
1.471800379891093837e-08
1.503131172702390045e-08
1.538965293560756875e-08
1.579788228225266868e-08
1.626140753407041637e-08
1.678621018188083341e-08
1.737891676805998196e-08
1.804582166421410140e-08
1.879177556819161829e-08
1.961930999925582339e-08
2.053042722284520293e-08
2.152883168736798064e-08
2.261765390393532661e-08
2.379748487397541429e-08
2.506989520798700635e-08
2.643566623815470706e-08
2.789001735589292237e-08
2.941814973509513813e-08
3.099753294936712730e-08
3.258724688518080806e-08
3.413830388968231181e-08
3.562524706469908208e-08
3.704300556164580357e-08
3.837797146491920119e-08
3.953698864218838666e-08
4.042507586491728074e-08
4.103647434118605886e-08
4.134018936811316917e-08
4.127537130251072303e-08
4.077884725597274614e-08
3.985468212518154318e-08
3.849647786654728861e-08
3.669202318197409602e-08
3.450209081346653611e-08
3.196782438629824522e-08
2.918344823538988813e-08
2.624383616182408678e-08
2.326436142797527988e-08
2.035111658819865606e-08
1.759983829336896470e-08
1.507697750212481628e-08
1.281434138507210253e-08
1.081071807321000832e-08
9.043731636663397862e-09
7.488834349223061737e-09
6.134906170949517692e-09
4.983515025527770842e-09
4.033444949297343992e-09
3.265005931485974078e-09
2.643239150336695806e-09
2.138001257665304732e-09
1.731470228172518361e-09
1.406955089210154717e-09
1.147021673104826803e-09
9.383692061916587367e-10
7.702326689716156028e-10
6.337699241655701329e-10
5.221629156021671609e-10
4.301076593063414810e-10
3.535850871724138350e-10
2.895791756310019013e-10
2.358454139890483039e-10
1.907093406445226544e-10
1.529014717751448380e-10
1.214251430755147223e-10
9.545714683265290945e-11
7.427805399077475394e-11
5.723025277491498821e-11
4.369827084215307738e-11
3.310564888887958556e-11
2.492157133242324277e-11
1.867074865777357785e-11
1.394157030810212839e-11
1.038964982034522019e-11
7.735915255153740429e-12
5.760219909026669634e-12
4.292440853591119730e-12
3.202899609889533292e-12
2.393678218283268526e-12
1.791413065973181635e-12
1.341845107611337526e-12
1.005414228171722145e-12
7.534054839578873463e-13
5.646097115806337736e-13
4.231521308781290889e-13
3.172720561031972474e-13
2.379865354056334667e-13
1.786712517967243144e-13
1.343321570399574869e-13
1.012081430879305560e-13
7.649602051390420595e-14
5.810737587079448894e-14
4.445433050576129949e-14
3.436792638935907160e-14
2.695876376881983212e-14
2.157341627643876011e-14
1.770998786324692314e-14
1.499626329159013044e-14
1.314860257642450870e-14
