# bin_4_1
8.547719594744114039e-09
8.686007955822859383e-09
8.843357071408487092e-09
9.021442022590402245e-09
9.221706422444613363e-09
9.445734267713865529e-09
9.695239001449629271e-09
9.972118212850475330e-09
1.027756428194424322e-08
1.061107972374324220e-08
1.096970408217995039e-08
1.134967851620687444e-08
1.174853243882067937e-08
1.216318548370711185e-08
1.258840846394535056e-08
1.302028725965944449e-08
1.345530230344194729e-08
1.388679140384320377e-08
1.430081645441007244e-08
1.467945537549952389e-08
1.499206054888840636e-08
1.520116561505182654e-08
1.529480109234511851e-08
1.528599591546661884e-08
1.519263112596602560e-08
1.496845687625120835e-08
1.456142783781393094e-08
1.401106332839367682e-08
1.334403908930945933e-08
1.256337993918397416e-08
1.166406144074948534e-08
1.069747858189477511e-08
9.702220627278587507e-09
8.685194834944462268e-09
7.702451964562004533e-09
6.762041027783394792e-09
5.890010896142921623e-09
5.087549866409351147e-09
4.357844195370556329e-09
3.695758622460766493e-09
3.104149416770359924e-09
2.585152301369325354e-09
2.141301990660412328e-09
1.771389428976233468e-09
1.464726367752799183e-09
1.205835573000897896e-09
9.895831803807945693e-10
8.125945152060479351e-10
6.660123681784853937e-10
5.468948263608538120e-10
4.504981897201447887e-10
3.714526424016675906e-10
3.065005423212814389e-10
2.530130313116097278e-10
2.087156238796697114e-10
1.718023334563575214e-10
1.409314217684555561e-10
1.150404050387803133e-10
9.333352152535957032e-11
7.518688387090653460e-11
6.010327345907658077e-11
4.766461697022597272e-11
3.750474718188712284e-11
2.929087140180519443e-11
2.271760158232812810e-11
1.750706775971546728e-11
1.341213445294046377e-11
1.021856732512433621e-11
7.745536563448091726e-12
5.843430880090057487e-12
4.390147981765262511e-12
3.286946330666976151e-12
2.454534437886387232e-12
1.829679908327866472e-12
1.362493034109871870e-12
1.014092162155877123e-12
7.546307779155282546e-13
5.616566385373147092e-13
4.182599443522475604e-13
3.117555726620046409e-13
2.326240430990390332e-13
1.737280647438625910e-13
1.298248832272441007e-13
9.710093626205554703e-14
7.271700093099867298e-14
5.450501804103668342e-14
4.099235934154723893e-14
3.091730231886782257e-14
2.344946675859728401e-14
1.793591672455124500e-14
1.387407338369971547e-14
1.090177241069067061e-14
8.754223582677839454e-15
7.214477093788212786e-15
6.132792597409677727e-15
5.386517004414047883e-15
4.888274574159581528e-15
4.559680006503453681e-15
4.349724736832728929e-15
4.212430401078061676e-15
