# bin_4_2
1.221952759489434466e-08
1.242722668148813349e-08
1.266432665317719826e-08
1.293384117857335452e-08
1.323869892159041680e-08
1.358208416494095145e-08
1.396737506677539475e-08
1.439826960885037350e-08
1.487800544864642666e-08
1.540840106131042534e-08
1.598939888455043159e-08
1.662044045815948646e-08
1.730247483700246969e-08
1.803584005357932265e-08
1.881841722151789013e-08
1.964675395687532407e-08
2.051092816767367026e-08
2.139528428160026093e-08
2.227697405866037990e-08
2.311549174776102320e-08
2.388181890397700354e-08
2.456290055764940918e-08
2.516019945086083349e-08
2.564819636576033970e-08
2.594126840000913870e-08
2.600106664653627839e-08
2.584143838294761248e-08
2.544074339408905691e-08
2.476282580737042958e-08
2.379862682625348548e-08
2.258719078645254541e-08
2.113290352907665457e-08
1.947841528609783268e-08
1.768978120175136104e-08
1.582118451434961240e-08
1.395387574055340849e-08
1.215019774422313830e-08
1.046958208687246128e-08
8.946223561393708637e-09
7.590824233016206238e-09
6.394715228023700979e-09
5.339021210486340684e-09
4.410641050406126144e-09
3.607493311247988048e-09
2.932418777942211247e-09
2.381699091386175658e-09
1.939669738999809457e-09
1.581701479213062555e-09
1.288347528634341312e-09
1.052320936616083721e-09
8.643082709925908164e-10
7.126376199772186996e-10
5.895496287498677768e-10
4.895200161127045889e-10
4.071680706097638256e-10
3.388272544949538456e-10
2.815178653587938068e-10
2.330584079466415574e-10
1.918467203183740454e-10
1.567181126184751877e-10
1.268277197739179858e-10
1.015454018989673290e-10
8.036930981876880409e-11
6.286233911105159786e-11
4.860894079235233712e-11
3.719457722824846553e-11
2.820358334386932422e-11
2.122956713308228679e-11
1.589167771857316317e-11
1.184952525522602248e-11
8.812767662623464061e-12
6.543893444469252594e-12
4.855074631477149813e-12
3.601295983688391843e-12
2.672191017561305643e-12
1.984333512126091235e-12
1.474963478834013436e-12
1.097256364248259586e-12
8.166556021415271469e-13
6.078281033169134364e-13
4.523742183621417880e-13
3.367028161317899726e-13
2.507035400153367443e-13
1.867258345981024570e-13
1.391513071392514850e-13
1.038054265242008150e-13
7.755761094449548864e-14
5.807834517906104256e-14
4.365274611393068712e-14
3.299879322577892770e-14
2.515694114709289640e-14
1.940892798159678383e-14
1.523493661340345008e-14
1.223544460996018130e-14
1.011762193726607253e-14
8.661693137263696289e-15
7.698477462831484556e-15
7.098752110571853202e-15
6.761787866672724489e-15
6.599464883450370378e-15
