# bin_2_2
1.107803194280205738e-08
1.125700585868309905e-08
1.146072466339897590e-08
1.169147849825102149e-08
1.195137037505435153e-08
1.224265777083892966e-08
1.256768753267121395e-08
1.292902194817426751e-08
1.332863816086440629e-08
1.376695883884349686e-08
1.424239960633897727e-08
1.475281410138327771e-08
1.529761106418271470e-08
1.587571275330815957e-08
1.648374133201624315e-08
1.711725654098079507e-08
1.776567229148161282e-08
1.841324283010564088e-08
1.903721082570851009e-08
1.959714948325462820e-08
2.006548617244415291e-08
2.043332591183727689e-08
2.070980662889939374e-08
2.087700379210299287e-08
2.085561456571295449e-08
2.061788825672760022e-08
2.019279104473311402e-08
1.957323003025614244e-08
1.873713801317238666e-08
1.769071912603527901e-08
1.648757609667427139e-08
1.514126793937330491e-08
1.369905877097064035e-08
1.222339103522307621e-08
1.075523513702880284e-08
9.353074334299083773e-09
8.048862590501221009e-09
6.869270853876253200e-09
5.819958590424376282e-09
4.894349390008303788e-09
4.080791129393569281e-09
3.369171417038944019e-09
2.757424270148599247e-09
2.246156046846380127e-09
1.829107329431983760e-09
1.490984744933401101e-09
1.216504843541464749e-09
9.943242350662446361e-10
8.150843004190156469e-10
6.711483817674276374e-10
5.548358757669481609e-10
4.603600492504884064e-10
3.830767675935705758e-10
3.192379540621002960e-10
2.659846600681070762e-10
2.211361543284288194e-10
1.830747891104189565e-10
1.506185092514931027e-10
1.229129023432500467e-10
9.933368639327811359e-11
7.940707157545016127e-11
6.274645762462987165e-11
4.900428559737478489e-11
3.784408436182860130e-11
2.892798409685622903e-11
2.191861719661567469e-11
1.648939031567734700e-11
1.233741232341754792e-11
9.194694965703334379e-12
6.834318674251663216e-12
5.071375179643603528e-12
3.759746291975213809e-12
2.786528020370237308e-12
2.065726246395652347e-12
1.532378944942900240e-12
1.137674368387346567e-12
8.452101300877062922e-13
6.281566429900593187e-13
4.669452583266022255e-13
3.471286014628036393e-13
2.580647572533804653e-13
1.918690805643762679e-13
1.427468955513807618e-13
1.062605249506234099e-13
7.918091443995308746e-14
5.911281314269012458e-14
4.425121271402503829e-14
3.325633439825114484e-14
2.515109305424213351e-14
1.920314859506306934e-14
1.486248420800524381e-14
1.171627574670085069e-14
9.470621169391672909e-15
7.894669877757172378e-15
6.819716711890431903e-15
6.116871326132879295e-15
5.684218344621089005e-15
5.442312748817381713e-15
5.328099791133710640e-15
5.285932801515998746e-15
