# bin_2_1
7.609805753812159561e-09
7.722175855900334135e-09
7.849436853435080043e-09
7.992693514801037913e-09
8.152814812352070512e-09
8.330708962204046720e-09
8.527280324154531711e-09
8.743540049770963817e-09
8.979959568004705557e-09
9.235706535264954346e-09
9.508298348650194916e-09
9.794833822712767599e-09
1.009376548902064044e-08
1.040326948662382159e-08
1.071985544951176867e-08
1.103955159976298720e-08
1.135394404064837228e-08
1.165105513239239669e-08
1.191434781495469263e-08
1.211451665633832461e-08
1.223362080189553942e-08
1.226946381298777240e-08
1.223482679497433953e-08
1.212338505978177131e-08
1.188336954859119142e-08
1.150392498528430228e-08
1.101925211494531756e-08
1.043624540767429428e-08
9.750286161848310780e-09
8.975377898191229622e-09
8.158287647239293842e-09
7.310469058694629828e-09
6.461661941252617961e-09
5.646693972645500380e-09
4.878352228555382848e-09
4.178764275584455494e-09
3.550176814660842523e-09
2.994524195808233512e-09
2.505618903110317740e-09
2.078326912037504962e-09
1.710738625309448479e-09
1.400009902382126077e-09
1.142428363578034557e-09
9.329172647745873244e-10
7.635822209288150828e-10
6.248249179761302842e-10
5.127143236130525296e-10
4.233561648461562986e-10
3.502542846937084260e-10
2.908365414573614868e-10
2.423246888551604248e-10
2.022315269887391947e-10
1.687549111657262142e-10
1.405829811740063625e-10
1.166612205047312835e-10
9.625335905021536664e-11
7.880972420327297229e-11
6.393303156465416971e-11
5.132432632656148998e-11
4.074146627256817982e-11
3.197080989119885594e-11
2.480871991292889485e-11
1.905177671433897512e-11
1.449702243816794082e-11
1.094660488463989401e-11
8.215271698962243117e-12
6.137057512748895619e-12
4.569376936322095124e-12
3.394462269021627003e-12
2.518050001598012938e-12
1.866487180538725087e-12
1.383209978675057747e-12
1.025274821754097728e-12
7.603154766694773132e-13
5.641357284000279764e-13
4.187496020641476105e-13
3.108698022422190114e-13
2.307920228030097842e-13
1.714016175035613058e-13
1.273211846456968838e-13
9.459479680857091547e-14
7.030552791980651091e-14
5.233405403306398007e-14
3.900911878659971775e-14
2.914298181825941841e-14
2.185925439480753092e-14
1.648906488250728599e-14
1.253759926303360344e-14
9.650791742267050224e-15
7.560665945198845594e-15
6.063720304876218056e-15
5.005505721693016534e-15
4.278412811648325970e-15
3.793448666488293763e-15
3.485771175881329233e-15
3.305207293191066227e-15
3.209868941852059655e-15
3.165312884772410895e-15
3.150053683578568995e-15
3.145446216957740321e-15
