# bin_3_1
8.309790135797388034e-09
8.435792710941037225e-09
8.578740647752012082e-09
8.740004807271628019e-09
8.920755956392307913e-09
9.122227514303122706e-09
9.345647324803027056e-09
9.592420392761421014e-09
9.863418715615624630e-09
1.015821992142835496e-08
1.047481396749898824e-08
1.081074239404608028e-08
1.116487999124944739e-08
1.153567617065065336e-08
1.191976711688102624e-08
1.231242932059039904e-08
1.270439775885987136e-08
1.308248615944303720e-08
1.342812820907508192e-08
1.371111208814427885e-08
1.391459526232358331e-08
1.403657387208358413e-08
1.408615535366469161e-08
1.404679555721878551e-08
1.386342999201349464e-08
1.353101388708188894e-08
1.307681308037312186e-08
1.250141975831233752e-08
1.179580331331086506e-08
1.097839311187250547e-08
1.009329649556824421e-08
9.149978230487196197e-09
8.187666939075512479e-09
7.241243666193798432e-09
6.332527975861513597e-09
5.488411303503147607e-09
4.717400387245212846e-09
4.023510214444564888e-09
3.402348675378771310e-09
2.848977841498911358e-09
2.363654018160516912e-09
1.946775504242274752e-09
1.598166377799644023e-09
1.313728830720090223e-09
1.080981919938570255e-09
8.847360050702209913e-10
7.226328128569326557e-10
5.938115178195185993e-10
4.890350376995566701e-10
4.040469334081172368e-10
3.345765843700469909e-10
2.775148071992265500e-10
2.305987191388382860e-10
1.914811469712472186e-10
1.586863567027613911e-10
1.310176630116244001e-10
1.075749512767041464e-10
8.769956630424824773e-11
7.089686641604140633e-11
5.677998970435641183e-11
4.502980418894137255e-11
3.536293376326608032e-11
2.751257593491823841e-11
2.122183614021484813e-11
1.624464210651692442e-11
1.235179319300686248e-11
9.337490918731240968e-12
7.023486830548995110e-12
5.260439332701174049e-12
3.926238632588376067e-12
2.922710342092209459e-12
2.171887462531813836e-12
1.612500894793794049e-12
1.196909546053276070e-12
8.885832329923740537e-13
6.598647157239113671e-13
4.900888325644973458e-13
3.641062552949902057e-13
2.707179481606131632e-13
2.014090695901677013e-13
1.499075504508866035e-13
1.116034823423339933e-13
8.317152233231816183e-14
6.202907368685853786e-14
4.633547783295500639e-14
3.469412158429190930e-14
2.608053731207271671e-14
1.971071286178954343e-14
1.502145667287963886e-14
1.158899275972255535e-14
9.093823610841332840e-15
7.294886703429912291e-15
6.026355882227653585e-15
5.144208612309492337e-15
4.549140495775495541e-15
4.166142680071861875e-15
3.930981504504611479e-15
3.793307606727888328e-15
3.718053995278601818e-15
3.674160762837466797e-15
