# bin_5_5
2.598336133990126313e-05
2.608718169781761535e-05
2.615240166698292118e-05
2.620404921702957615e-05
2.625211088752006126e-05
2.630068976957767316e-05
2.635104675678693467e-05
2.640327638365483153e-05
2.645659217367414629e-05
2.650965171886372377e-05
2.660969801668510730e-05
2.665404409098027605e-05
2.672518758606182241e-05
2.676623198405388531e-05
2.677095299611757003e-05
2.670071154709145210e-05
2.653106678990583788e-05
2.626049293496254152e-05
2.574915412333257607e-05
2.489398910238576726e-05
2.384473015121379996e-05
2.265764207016716540e-05
2.087240247657414554e-05
1.907031979636127268e-05
1.713164323373933613e-05
1.523074271950809461e-05
1.340015649997040150e-05
1.195584619462345226e-05
1.086265241489675691e-05
9.894321379363577054e-06
8.881858085535383195e-06
7.560848769479656843e-06
6.165096285086769664e-06
5.003230762706313041e-06
4.328767302506794354e-06
3.776331257250260061e-06
3.066842881909488525e-06
2.482047654155288225e-06
2.109759000820084633e-06
1.717832702592183317e-06
1.415706683105709554e-06
1.167180497842411856e-06
9.622361464979981070e-07
7.946068639718424005e-07
6.591641951180366930e-07
5.488335798554468277e-07
4.592329527214610852e-07
3.864357481500527263e-07
3.271014929298310233e-07
2.785021872604294958e-07
2.384153966094385792e-07
2.050355123165670104e-07
1.768992410641981114e-07
1.528430178603826593e-07
1.319685632387166866e-07
1.136029556357517724e-07
9.727282306926874645e-08
8.267304777317912579e-08
6.962660685266901731e-08
5.804412672025604434e-08
4.787869724785138353e-08
3.909551298645033994e-08
3.163749022063642393e-08
2.541386162499496688e-08
2.030274804537796601e-08
1.615961909715526942e-08
1.283343031964333067e-08
1.017904251947972458e-08
8.069086034447559689e-09
6.396623877903879349e-09
5.074078259909381972e-09
4.032633973129905094e-09
3.218644743870417360e-09
2.578152391151398532e-09
2.066352888131219762e-09
1.655831223536198892e-09
1.326609600790234703e-09
1.062652644085173544e-09
8.510719013426711169e-10
6.815120851544792258e-10
5.456560394705077258e-10
4.368257477245052545e-10
3.496610841748023821e-10
