# bin_2_2
3.626090843914168933e-05
3.888822729438747174e-05
4.137851209388457264e-05
4.376768251567434456e-05
4.600861592912277903e-05
4.806039390462990595e-05
4.989792608114165660e-05
5.150918966229429030e-05
5.289129824854565102e-05
5.404749159824119250e-05
5.571380451261847758e-05
5.624529724299400668e-05
5.676704659944999365e-05
5.665514554132325468e-05
5.601499415629874963e-05
5.428358683601421228e-05
5.189950473224028870e-05
4.912715218301339605e-05
4.519101934988447564e-05
4.038878261655901540e-05
3.610773851617169047e-05
3.251974568233658211e-05
2.863837587609755644e-05
2.578542446547172089e-05
2.328265163732128011e-05
2.090236491229809605e-05
1.813933857654279595e-05
1.531801168283392124e-05
1.279442013466074948e-05
1.062010549569691870e-05
9.104333435574049122e-06
7.725452624148806819e-06
6.423271796751253586e-06
5.295617828353719732e-06
4.448554902853922027e-06
3.708880818983744758e-06
3.094856888687566820e-06
2.596227918212790842e-06
2.181622169020175322e-06
1.842689407830149633e-06
1.564027275653495155e-06
1.334827949730577319e-06
1.145617104802573552e-06
9.884019167660459021e-07
8.565877643735620286e-07
7.447767548790678461e-07
6.486200867442977387e-07
5.647050875923137266e-07
4.904256679625945357e-07
4.239112716233885025e-07
3.639219698424463578e-07
3.097261354411875564e-07
2.609673501795184779e-07
2.175135130118038061e-07
1.793145501499330076e-07
1.462821775110576656e-07
1.182171778084151792e-07
9.478479783450878712e-08
7.552698593456458801e-08
5.990882768798974479e-08
4.737156315972870725e-08
3.738045498326800629e-08
2.945597832500713623e-08
2.318969947509430945e-08
1.824586567328834478e-08
1.435450566792833136e-08
1.129966683741305148e-08
8.908224218146069309e-09
7.038911161757682538e-09
5.571774290436877472e-09
4.412369971612507753e-09
3.493838198918206421e-09
2.766138438858753594e-09
2.189723666846080446e-09
1.733217351944178139e-09
1.371731410725349563e-09
1.085529164122603709e-09
8.589627504909155088e-10
6.796286208905606529e-10
5.376969092069303530e-10
4.253789740120693127e-10
3.365047081808444083e-10
2.661871136742097089e-10
