# bin_6_6
1.283383622750786493e-05
1.294771933854727835e-05
1.303439742922416470e-05
1.311412574836190854e-05
1.319309782256008432e-05
1.327416275544156717e-05
1.335753209467589605e-05
1.344272301137354555e-05
1.352900954974708666e-05
1.361538681917485370e-05
1.378406731114261365e-05
1.386449881173128760e-05
1.401360344977080092e-05
1.414266845825518378e-05
1.424801787595050939e-05
1.435637602120404816e-05
1.440161676235039797e-05
1.438310758552719359e-05
1.426290807355083931e-05
1.397311919689839603e-05
1.355231373605152723e-05
1.302977478517264784e-05
1.218448296945168067e-05
1.127594093291752699e-05
1.024269218053351493e-05
9.169700790899649960e-06
8.067462987981556961e-06
7.154953325435476671e-06
6.445561359048805059e-06
5.843792895413612983e-06
5.334342931564287306e-06
4.690032937029296682e-06
3.928204176963271111e-06
3.155089502657507113e-06
2.625769772705778722e-06
2.304188356904621030e-06
1.959632733805181784e-06
1.564157661211024320e-06
1.296527089550359769e-06
1.089200788064169296e-06
8.796585429379275055e-07
7.299099170393242119e-07
5.968527465775774295e-07
4.923809896624363109e-07
4.057908108453079740e-07
3.358262736628306410e-07
2.791564305256224174e-07
2.331911826976648663e-07
1.958788949791802672e-07
1.655050146058103218e-07
1.406484281187937444e-07
1.201726584991489491e-07
1.031432557951155561e-07
8.880982714972368146e-08
7.657947759758861010e-08
6.599170845874351426e-08
5.670398413165101326e-08
4.847294143456329640e-08
4.114099815152943992e-08
3.461277875994889671e-08
2.883579531861742703e-08
2.378125503260892044e-08
1.942398343984213732e-08
1.573009474383639154e-08
1.265000809200133393e-08
1.012054410281899218e-08
8.068751078465475460e-09
6.419518547768873164e-09
5.101669013748650350e-09
4.052937077056946890e-09
3.220825620415242043e-09
2.562293331700440972e-09
2.044424798693951439e-09
1.638886901807317630e-09
1.316928067709316033e-09
1.058289318635728889e-09
8.502736933621515958e-10
6.830127663547941622e-10
5.485553980341431300e-10
4.404938876927776413e-10
3.536655090603737325e-10
2.839129053549873210e-10
2.278891130351317559e-10
