# bin_4_4
2.223210914248403491e-05
2.236587117490973823e-05
2.246324778964497827e-05
2.255645254700284081e-05
2.265710220745946577e-05
2.276829758121899760e-05
2.288936372433458721e-05
2.301792940576623546e-05
2.315077281307843766e-05
2.328457037372415537e-05
2.354294514789081514e-05
2.366217578239051335e-05
2.387009625044714034e-05
2.402711627428583238e-05
2.412491150584811350e-05
2.415136781818656288e-05
2.403088839064380030e-05
2.376915002603739225e-05
2.322176985302943267e-05
2.227430087333371787e-05
2.111563649050443006e-05
1.983303647704555742e-05
1.797726814898538127e-05
1.620284110720269778e-05
1.441520614909081785e-05
1.279932967943357942e-05
1.135258640469697235e-05
1.026217135564639047e-05
9.409133594747488724e-06
8.406509571736610337e-06
7.233963922212934659e-06
5.899995701353348920e-06
4.831292328681186364e-06
4.134324432761822348e-06
3.601400686475510845e-06
2.954903198542570584e-06
2.396868947558522077e-06
2.026662473222902796e-06
1.666711214478451097e-06
1.372794853265105723e-06
1.137796943683614628e-06
9.405767000036876796e-07
7.807657442872588785e-07
6.504217876413844591e-07
5.441872713853103161e-07
4.577191378728771844e-07
3.872073410249292124e-07
3.294917025108632532e-07
2.819729173204669447e-07
2.425226141568196103e-07
2.094176309576111769e-07
1.812600034267041307e-07
1.569479026230166337e-07
1.356427355111770356e-07
1.167318085019080305e-07
9.980219105963257591e-08
8.460404453464633129e-08
7.100799485076185202e-08
5.895749435138787445e-08
4.842313568343527294e-08
3.937071864871426300e-08
3.173170416443646561e-08
2.539737332582004636e-08
2.022525220449994701e-08
1.605317106452727412e-08
1.271642117663514187e-08
1.006147957788809630e-08
7.955929748616596851e-09
6.290376289999739192e-09
4.975916152934435559e-09
3.942595507361579294e-09
3.135464843195700936e-09
2.502146597723010250e-09
1.998421769307205256e-09
1.595868041901037596e-09
1.274171428562819508e-09
1.017149193977035228e-09
8.118441478074339576e-10
6.478839655720103062e-10
5.169679802781508771e-10
4.124556213578135325e-10
3.290360159767168911e-10
2.624629789297439170e-10
