# bin_3_3
4.071802727483562096e-05
4.116637133868436224e-05
4.154983698544920833e-05
4.191615604664158793e-05
4.228002894774616588e-05
4.264338391648612444e-05
4.300274907649249089e-05
4.335214394323241589e-05
4.368503258240769813e-05
4.399524228704829523e-05
4.452638877784838875e-05
4.473901187771602104e-05
4.504400320543420675e-05
4.517809551547020773e-05
4.513690470780337943e-05
4.475417993262909103e-05
4.401496675473326952e-05
4.296545572222835226e-05
4.117879316972914675e-05
3.851762365490686221e-05
3.562190623984951021e-05
3.271283691519508586e-05
2.892761318324330586e-05
2.572017652894959786e-05
2.286598906773792362e-05
2.053309551130453830e-05
1.855570305295866227e-05
1.688873834729567216e-05
1.503164666041546422e-05
1.259435284552543996e-05
1.030108699817594144e-05
8.522389779726111591e-06
7.424600520176251686e-06
6.338062003449211910e-06
5.155012209325770051e-06
4.258466159498181295e-06
3.590631681514333250e-06
2.951549989641194196e-06
2.453692853925581406e-06
2.037809951034029538e-06
1.696949148905699923e-06
1.417840849599104132e-06
1.190111517892966913e-06
1.003988076745936165e-06
8.517837817729151016e-07
7.269140570059227075e-07
6.238840613546814540e-07
5.381553597925702597e-07
4.660537928924646831e-07
4.045920906518152089e-07
3.513917466835337833e-07
3.046295286854936830e-07
2.629754591637081568e-07
2.255292547646984354e-07
1.917508037487538131e-07
1.613772662876669358e-07
1.343140497175677331e-07
1.105355244736293103e-07
9.000071800985616386e-08
7.259770594603200208e-08
5.811646145557764389e-08
4.626072912678750741e-08
3.668191353991349717e-08
2.901578058713362852e-08
2.291782419213153113e-08
1.808427047033602627e-08
1.426259183413820112e-08
1.124763577404150462e-08
8.874579791874409745e-09
7.016004947511598865e-09
5.566675112790741935e-09
4.427370250064040594e-09
3.522391724389667272e-09
2.801929576424748636e-09
2.228461233805834294e-09
1.772090505919558597e-09
1.408978697241353720e-09
1.120122406467782073e-09
8.903769177581771830e-10
7.076759994932580387e-10
5.624087204288141623e-10
4.469217685150790400e-10
3.551221978674919210e-10
