# bin_1_1
7.127298645684884150e-05
7.797156336030265156e-05
8.373202903325696307e-05
8.880498882292447342e-05
9.311821097387927495e-05
9.661297004953008495e-05
9.927890785015706389e-05
1.011436276304528218e-04
1.022590216264933187e-04
1.026910254300351222e-04
1.018003824641334646e-04
1.006292524527321690e-04
9.720022688010055377e-05
9.276055280392246974e-05
8.776082614169465927e-05
7.996968622425754570e-05
7.253748107226996508e-05
6.590114230972671109e-05
5.851916337696249168e-05
5.144911476449955448e-05
4.608646210351409673e-05
4.170168492565145928e-05
3.642951324321223915e-05
3.180563384653924510e-05
2.726442788893536552e-05
2.311797847935475006e-05
1.925080426686995069e-05
1.621335499531038164e-05
1.383754978694985093e-05
1.156796575493649244e-05
9.682666718929971270e-06
8.087350276995635033e-06
6.819212974614156190e-06
5.703041494013625616e-06
4.811269324341986269e-06
4.075783683974706440e-06
3.468499900005270634e-06
2.967677996516368429e-06
2.553075222674127127e-06
2.208062394942022441e-06
1.918599959702930724e-06
1.673049384985609766e-06
1.461940074914706887e-06
1.277730475006409468e-06
1.114638798373367267e-06
9.684395860253037746e-07
8.362663657602172642e-07
7.163890834200314957e-07
6.079320975472506247e-07
5.105660806933825666e-07
4.242051006919708852e-07
3.487508306628736802e-07
2.839140905028107939e-07
2.291322946971538796e-07
1.835797268752604183e-07
1.462358561415332171e-07
1.159815480436172874e-07
9.169580591711900438e-08
7.233147821237302505e-08
5.696313282240816521e-08
4.480568335078745789e-08
3.521293883893303503e-08
2.766344830321488038e-08
2.173770437121951542e-08
1.709464969555367695e-08
1.345905730749167556e-08
1.060982367460055780e-08
8.369694404714831916e-09
6.603273410105523202e-09
5.209200455187468722e-09
4.109027882509737005e-09
3.240903386981425885e-09
2.555967147753302737e-09
2.015625480864192937e-09
1.589399159027006360e-09
1.253221540129252735e-09
9.880925428127610747e-10
7.790144836483958788e-10
6.141505509436236168e-10
4.841599123132424535e-10
3.816724046437559519e-10
3.008735197580405009e-10
2.371766520113409643e-10
