# bin_2_2
3.585003692783543178e-11
3.660280445267193236e-11
3.747335111965757233e-11
3.847846906602598377e-11
3.963714150437276038e-11
4.097114509585353136e-11
4.250549245520312545e-11
4.426917628246733064e-11
4.629483512349267768e-11
4.861793599005009649e-11
5.127688047173206727e-11
5.431537914506150178e-11
5.778495407910963119e-11
6.174185308423490533e-11
6.624378371286545551e-11
7.134925860914755417e-11
7.711666209361683775e-11
8.360512337117272197e-11
9.088635883842992005e-11
9.906069523404803903e-11
1.082426109353775170e-10
1.185118338256800855e-10
1.298828211224699978e-10
1.423573508821699724e-10
1.559662756848283161e-10
1.706331263063043520e-10
1.861523700104678248e-10
2.022327028609211336e-10
2.184965699776535015e-10
2.343801616244269138e-10
2.491663723812946195e-10
2.620091879374107375e-10
2.718751576514022621e-10
2.776729025182231389e-10
2.783059465437687006e-10
2.728907586821543045e-10
2.609958924686924877e-10
2.429642834120797494e-10
2.201447174411100149e-10
1.948686901462606814e-10
1.699736626800568112e-10
1.477614426006535644e-10
1.288747711959089243e-10
1.120558286020507887e-10
9.554872338243352920e-11
7.894413069711101757e-11
6.357153539129994143e-11
5.111940732197158176e-11
4.161901751079207588e-11
3.349487521238445322e-11
2.662629464493589153e-11
2.126077197889566851e-11
1.699116276832757753e-11
1.359560803459015808e-11
1.094526129837384339e-11
8.860922434055049996e-12
7.229372229029453636e-12
5.945546456355636396e-12
4.926961428565612775e-12
4.108549841659266275e-12
3.439659305683995315e-12
2.882094427406608908e-12
2.408099176083962977e-12
1.998693450064596233e-12
1.642005325027649880e-12
1.331399431834416266e-12
1.063517992706679829e-12
8.364222232049198798e-13
6.481104296832762975e-13
4.956772852839467010e-13
3.751429108815457745e-13
2.817564242086479697e-13
2.105454131384611520e-13
1.568424302478743039e-13
1.166264859742189835e-13
8.665223068079667162e-14
6.440109207393484711e-14
4.793835686656483538e-14
3.578305483051220487e-14
2.678051712410214818e-14
2.006518118422570360e-14
1.503387374999746775e-14
1.126188690884074389e-14
8.434796439423665683e-15
6.316408995785383413e-15
4.729469734916738850e-15
3.540946275409609675e-15
2.650979701968112104e-15
1.984698282751184355e-15
1.485961096037490132e-15
1.112688616679471846e-15
8.333552665282635462e-16
6.243478220920561393e-16
4.679815929153843466e-16
3.510227280204671385e-16
2.635856477788794427e-16
1.982909068937665799e-16
1.496468992988708227e-16
1.135578182821284594e-16
8.749062542232581038e-17
