# bin_4_3
9.832463639200367461e-12
9.955142131771634863e-12
1.009338727183791360e-11
1.024814160776920838e-11
1.042020991222823324e-11
1.061046102435194579e-11
1.081985633943415932e-11
1.104964769937281954e-11
1.130096993436249144e-11
1.157391954031066416e-11
1.186737860821911281e-11
1.218013974276038936e-11
1.251210088785173965e-11
1.286302310801659831e-11
1.322784110452011890e-11
1.359937172865638087e-11
1.396760631628711435e-11
1.432307148567304876e-11
1.466800012529389890e-11
1.502543257590820836e-11
1.542346571389003366e-11
1.586838531166828173e-11
1.634758073436216479e-11
1.688255724579835096e-11
1.752714219229510788e-11
1.828940871816610135e-11
1.915904588961774603e-11
2.013755917317578402e-11
2.123614509265927304e-11
2.242256071471276442e-11
2.368748629013975906e-11
2.500297708239176480e-11
2.632224184658060921e-11
2.759290979503747662e-11
2.873669413701599995e-11
2.965817558906737784e-11
3.023942678644587896e-11
3.035041447771361596e-11
2.986608348193861503e-11
2.869248191904713377e-11
2.680999807578892549e-11
2.431893224735402264e-11
2.146444393840089947e-11
1.860577217473081152e-11
1.610014902331232462e-11
1.411087430407171022e-11
1.245075547906482891e-11
1.071323143307842479e-11
8.738045504011877406e-12
6.902436906941251020e-12
5.590113303565598567e-12
4.585854657298083835e-12
3.619135303849753075e-12
2.852378027391420025e-12
2.261701309816213206e-12
1.775310029372931152e-12
1.399380244455416012e-12
1.104745421025485911e-12
8.754065570648504859e-13
6.977766612372427309e-13
5.601114249418860565e-13
4.531484481264232975e-13
3.695590377312496819e-13
3.036061167037792635e-13
2.508592239916676010e-13
2.079313478114215391e-13
1.723114252108558956e-13
1.422152196252423511e-13
1.164536040037094951e-13
9.429875365968835568e-14
7.533847660538149595e-14
5.933004448799019182e-14
4.607865034372640632e-14
3.535754787617568438e-14
2.687640328449969934e-14
2.029583501932817270e-14
1.526425075528768983e-14
1.145462644597593174e-14
8.588834877469119138e-15
6.444218262504633314e-15
4.848655084451552622e-15
3.665509222902426760e-15
2.780439223230964447e-15
2.110722624370185317e-15
1.602225368617765071e-15
1.216055111046174687e-15
9.228826213712185768e-16
7.003830755038646807e-16
5.315655904365196162e-16
4.035105350788703879e-16
3.064001284942987599e-16
2.327709330707386103e-16
1.769593870723307274e-16
1.346652334357865916e-16
1.026250502656119635e-16
7.836021107493839562e-17
5.999029086603333014e-17
4.608595900128609554e-17
3.556279696608893729e-17
2.760117696964244874e-17
