# bin_2_1
9.573937451227035317e-11
9.729298289603796699e-11
9.906780464462170827e-11
1.010875848147144688e-10
1.033773617627992498e-10
1.059648686557451759e-10
1.088810906180729844e-10
1.121619845654644651e-10
1.158449132312754308e-10
1.199628880064592256e-10
1.245426895083113125e-10
1.296136530666568900e-10
1.352169383570542975e-10
1.413890941920865340e-10
1.481450027901952450e-10
1.554733342843358968e-10
1.633328422261260205e-10
1.716590667442422842e-10
1.804255426140576725e-10
1.897294917754585571e-10
1.997372961146896159e-10
2.104732272066475076e-10
2.217095978448561401e-10
2.332653374360587572e-10
2.452620876308677096e-10
2.575431370797984932e-10
2.696223212149472612e-10
2.809734121507906753e-10
2.911355562067789545e-10
2.993243219941948535e-10
3.046780939899713913e-10
3.064555830729059257e-10
3.037627363955608409e-10
2.960377858771772704e-10
2.829476480787768836e-10
2.647268902710217221e-10
2.422085228307352624e-10
2.169197385869716824e-10
1.908496465592720452e-10
1.659854158246166464e-10
1.437478816963774107e-10
1.243713652860622546e-10
1.068076801458444748e-10
8.980736633616651372e-11
7.369467263603306886e-11
5.997931411153315710e-11
4.876563683541890930e-11
3.929753923695240416e-11
3.172248527690810753e-11
2.553225689672150390e-11
2.047542741141573247e-11
1.650752434668687710e-11
1.334192535098441200e-11
1.084067949149040966e-11
8.864056686583925141e-12
7.294884162606445878e-12
6.041617065697707562e-12
5.029660299897266802e-12
4.200943278731301018e-12
3.511276670127400976e-12
2.927977315981507347e-12
2.427996527140140980e-12
1.995962198892318692e-12
1.622272070460394125e-12
1.301175391040582507e-12
1.028925993630688737e-12
8.022694899913567117e-13
6.174767090269775191e-13
4.699887477979933945e-13
3.545671472555923850e-13
2.657399469351784561e-13
1.982688664314201905e-13
1.475001314319471227e-13
1.095425643575001362e-13
8.128795258638914164e-14
6.033365125874320801e-14
4.484437561793734251e-14
3.339493529854018600e-14
2.490959254365472205e-14
1.859977984315065001e-14
1.389238466918650089e-14
1.037573130964954780e-14
7.748398027361846991e-15
5.786301186039993941e-15
4.321159184869649748e-15
3.227452168237530139e-15
2.411351758298201122e-15
1.802476565878037570e-15
1.348344966547779834e-15
1.009712543819002776e-15
7.572583899198590257e-16
5.691268357980124988e-16
4.290250453977056518e-16
3.247926565530437400e-16
2.474102015415952099e-16
1.902063890918448099e-16
1.482728571460535386e-16
1.181156536901930311e-16
9.687495214601957858e-17
8.330274643329505211e-17
