# bin_3_2
8.942231688959587373e-12
9.088445590825678835e-12
9.255783822377750776e-12
9.446644668052905548e-12
9.663618182786938671e-12
9.909662275440631302e-12
1.018816931989857987e-11
1.050315181455760124e-11
1.085902402565055797e-11
1.126004942114572805e-11
1.171028447078516684e-11
1.221439244069285437e-11
1.277849991180303700e-11
1.340941727611385127e-11
1.411155015944743503e-11
1.488870042799797235e-11
1.574354308962702461e-11
1.667977204829675120e-11
1.770932021844869445e-11
1.885807271744469202e-11
2.015496216332289367e-11
2.161331938768420832e-11
2.323179510752790178e-11
2.502849592248328350e-11
2.703821147445573152e-11
2.925825306306663185e-11
3.166368959222078733e-11
3.422647940826591674e-11
3.691440900986667886e-11
3.964942461057484894e-11
4.235096610323068939e-11
4.490932905239960118e-11
4.718612844842546182e-11
4.902744466910961134e-11
5.025866869296730398e-11
5.070277995762722617e-11
5.019483287738891915e-11
4.861272778844131269e-11
4.591886259498636539e-11
4.221055722614796174e-11
3.776531933128811806e-11
3.303212537446737756e-11
2.853647797404178804e-11
2.470115757012616736e-11
2.162267250163019227e-11
1.889598947363681589e-11
1.592230602748930389e-11
1.271980357804004509e-11
1.008517970384385042e-11
8.304282747361016172e-12
6.735652862943887329e-12
5.275234698008429204e-12
4.229375031127580155e-12
3.345145158444637362e-12
2.663754890072487507e-12
2.120592036773148075e-12
1.698794672197834139e-12
1.369174145882971522e-12
1.111430454192386309e-12
9.091298244247235352e-13
7.490771642375318050e-13
6.209443648448925211e-13
5.167865081968491038e-13
4.306042654784997114e-13
3.579896041203817068e-13
2.958605371292688180e-13
2.421952726935505650e-13
1.957892781651558010e-13
1.559793091395179394e-13
1.223697057387834434e-13
9.460481160316830558e-14
7.222051981599358844e-14
5.459618053667667920e-14
4.099705393056957092e-14
3.065989093532609020e-14
2.287765695607217797e-14
1.705265486312593927e-14
1.270900978465205973e-14
9.481931294529322587e-15
7.097159287826508017e-15
5.334129677867804248e-15
4.015653189259035476e-15
3.023305594279812413e-15
2.275772935319036022e-15
1.712772284993058621e-15
1.288868542504630853e-15
9.697914532698839310e-16
7.296804123176604036e-16
5.490322425536552224e-16
4.131482419618379950e-16
3.109555030976183908e-16
2.341122145297164963e-16
1.763407526277814244e-16
1.329158126910478012e-16
1.002830941960289418e-16
7.577193119317357292e-17
5.737692694088431302e-17
4.358978360198864643e-17
3.327448781543559977e-17
2.560707442509353480e-17
