# bin_4_4
2.913603173094723957e-11
2.951451687839732200e-11
2.993959843158323856e-11
3.041248322440889173e-11
3.093327186782083423e-11
3.150192220298909387e-11
3.211795084566409953e-11
3.278124772494703236e-11
3.348856932911756228e-11
3.422787393128100926e-11
3.497693140703986690e-11
3.571034787622849890e-11
3.641091555173608446e-11
3.706106043360931505e-11
3.763795836838605161e-11
3.812984312030658448e-11
3.853060438304674103e-11
3.883157505865541072e-11
3.901859921876740706e-11
3.904333529895533352e-11
3.883614560845168212e-11
3.834505498036212210e-11
3.763352165217651810e-11
3.690408322955140365e-11
3.627426144581502570e-11
3.560497188950361701e-11
3.476642339726484647e-11
3.394906006531473364e-11
3.326245807491633977e-11
3.262838239685039161e-11
3.198646501648609640e-11
3.149378671008692247e-11
3.115865827230966034e-11
3.088635585180082803e-11
3.075722563328557991e-11
3.063795590053673975e-11
3.046729915870600401e-11
3.011460146400582715e-11
2.947933660211770791e-11
2.844675792623408992e-11
2.693566050153095485e-11
2.491469448182288063e-11
2.244938036823683159e-11
1.972836206205867990e-11
1.704477055971918095e-11
1.469443704726115375e-11
1.281426532499167954e-11
1.126135968195714532e-11
9.692342222926243613e-12
7.928383658530772904e-12
6.259164108106093034e-12
5.052117193511341309e-12
4.150945975456269976e-12
3.282517163230743399e-12
2.575250002435890957e-12
2.043337236343188798e-12
1.595549664456229045e-12
1.253290459377560066e-12
9.817303449257785694e-13
7.711271930693756199e-13
6.079924396320965110e-13
4.818076455009324379e-13
3.842348483660184901e-13
3.086079877635326893e-13
2.496757885727031504e-13
2.033502768077288300e-13
1.664747673877327865e-13
1.366584102660938312e-13
1.121378168183313266e-13
9.166012811971594051e-14
7.437993686111899251e-14
5.975441005730188331e-14
4.743976079558944380e-14
3.719972310780007161e-14
2.883330290739424297e-14
2.213014494690354445e-14
1.685923023734188898e-14
1.277929535190880600e-14
9.658393419967620928e-15
7.291684633380744805e-15
5.508370159910439024e-15
4.173120638289539858e-15
3.177375462685342081e-15
2.428621964645649647e-15
1.858165953402843336e-15
1.421770339082717830e-15
1.088178095029646785e-15
8.330664787388371142e-16
6.381054467345844950e-16
4.891699510617079027e-16
3.754072882872239849e-16
2.885418486618499345e-16
2.222562573093458974e-16
1.716916175658203007e-16
1.331541298630463514e-16
1.037866475102300280e-16
8.141269228598240267e-17
6.435988108615570636e-17
5.135834175843362997e-17
4.144664299264950352e-17
