# bin_1_1
4.619666633419455065e-10
4.698296766295646454e-10
4.788066828973555231e-10
4.890075540731083647e-10
5.005431395763373619e-10
5.135339339331417753e-10
5.281081088626534445e-10
5.444069191166239577e-10
5.625549283816067863e-10
5.826101405353280491e-10
6.045417563341429878e-10
6.283023579467467021e-10
6.539146761191671077e-10
6.813913384679543179e-10
7.106680032457944483e-10
7.417190943001634290e-10
7.744498164199930935e-10
8.086427241051967018e-10
8.437065964319667954e-10
8.786297920458050007e-10
9.121120764189725128e-10
9.432075013478365473e-10
9.721298929554656208e-10
9.993976832286959178e-10
1.023578672981578066e-09
1.041357442704230006e-09
1.051263682272252116e-09
1.053653560574393301e-09
1.046605774089491968e-09
1.027775358143888546e-09
9.961929372385535982e-10
9.528125044847699102e-10
8.968664345160542258e-10
8.303145386746931454e-10
7.556209786349235267e-10
6.757099721645532061e-10
5.947152092006314258e-10
5.165945095513780800e-10
4.448978401940333364e-10
3.811094487468122943e-10
3.245602253982697151e-10
2.738497092342592004e-10
2.280818369335416177e-10
1.868177297406377022e-10
1.511253607695822520e-10
1.228592069565351394e-10
1.002366358801142107e-10
8.091291050277846564e-11
6.558874242206503077e-11
5.331605921193158562e-11
4.342715496928068790e-11
3.556356414836836882e-11
2.925569292467235750e-11
2.418694124081594235e-11
2.008102553280699197e-11
1.672219652955214171e-11
1.394227371987549883e-11
1.161317817763853587e-11
9.640077859412334534e-12
7.954631674785910229e-12
6.509028435965750903e-12
5.270541313630907184e-12
4.216523124315960889e-12
3.329906341857183773e-12
2.595731017478971022e-12
1.998782538958519290e-12
1.522594483713881693e-12
1.149619417720090637e-12
8.621526148105764796e-13
6.434472741838137526e-13
4.786613680584967833e-13
3.553406480876994343e-13
2.634807780001542410e-13
1.952908308275650550e-13
1.447934432393324463e-13
1.074571280756438753e-13
7.986963616017705253e-14
5.943084957832085653e-14
4.423985048637311054e-14
3.293827838361262357e-14
2.452329225018063470e-14
1.825737244240743215e-14
1.359234222477261311e-14
1.012353502042405822e-14
7.541807630151440593e-15
5.622559484258695270e-15
4.195986067799386212e-15
3.136904645056879341e-15
2.350624532969707007e-15
1.767736818880117860e-15
1.336351030580343199e-15
1.017775303548171122e-15
7.833630097972245105e-16
6.125387816651513757e-16
4.892159771160527438e-16
4.014642609291946669e-16
3.407684732579570745e-16
3.017228798570248026e-16
2.780718867142607215e-16
2.662099301238256756e-16
