# bin_3_3
7.637914386803753661e-12
7.800620324979297989e-12
7.989008178855483848e-12
8.206829702300777335e-12
8.458356934954714533e-12
8.748530458086700573e-12
9.083067733083057372e-12
9.468636817634470115e-12
9.912856190800246324e-12
1.042415582133166754e-11
1.101187860083653135e-11
1.168679347928147727e-11
1.246163457893770516e-11
1.335089938252614242e-11
1.436960370821943707e-11
1.553426872805081484e-11
1.686280527131253406e-11
1.837558439865070288e-11
2.009879047537331140e-11
2.206694523449557568e-11
2.431774423681663265e-11
2.688321456191262010e-11
2.978935758566197966e-11
3.307068449241859845e-11
3.676774196664952016e-11
4.090086628065099972e-11
4.547370418343724465e-11
5.047537516369182689e-11
5.587910368864104090e-11
6.162226849874906104e-11
6.761389814231939804e-11
7.371539227823695352e-11
7.973480864160375573e-11
8.542321567898053197e-11
9.046376026083375370e-11
9.447440401986066517e-11
9.701667962061398783e-11
9.762975992841602910e-11
9.590006473567438848e-11
9.158046222573371546e-11
8.475626984035147151e-11
7.600226744062633556e-11
6.641380978435912816e-11
5.736408181866366999e-11
4.995843774151175613e-11
4.426910130879240081e-11
3.903488682557322897e-11
3.279739978398548351e-11
2.597510183984085379e-11
2.061627022508754573e-11
1.705299767294550430e-11
1.373181410938393852e-11
1.072897779415841914e-11
8.530763080448850792e-12
6.722189396969390488e-12
5.293959683062877596e-12
4.179649237487664418e-12
3.313985828918039635e-12
2.641654242041307775e-12
2.121339781284845388e-12
1.717935173693429539e-12
1.403612257266341030e-12
1.156431465441266837e-12
9.593648838082259376e-13
7.993464563070971675e-13
6.665762673365048835e-13
5.540369896584683425e-13
4.570329444611065388e-13
3.727443309118408120e-13
2.997042554066363627e-13
2.372277009977844177e-13
1.848839289691600158e-13
1.421140239856887705e-13
1.080455034766164426e-13
8.151085453172820528e-14
6.119779401959688269e-14
4.582410493226836477e-14
3.426937521711837710e-14
2.562457534823419521e-14
1.918945845268162488e-14
1.443052820720976994e-14
1.090242273968890685e-14
8.251035548738090050e-15
6.243900214250065745e-15
4.723786139558843830e-15
3.572891879963358219e-15
2.701823900804309838e-15
2.042744963337311985e-15
1.544201408090460287e-15
1.167185909105381332e-15
8.821397193885965343e-16
6.666717752362816100e-16
5.038289681926209920e-16
3.807789767060798670e-16
2.878120884199879342e-16
2.175835911154647738e-16
1.645394788377044733e-16
1.244798066822570121e-16
9.422920334273581602e-17
7.138878572073973068e-17
