# bin_4_2
2.114333896620138006e-11
2.140106021068368042e-11
2.169064351910627732e-11
2.201361869954997670e-11
2.237107811086590728e-11
2.276404314762664455e-11
2.319354259190351338e-11
2.366108539060140452e-11
2.416747069372422211e-11
2.471086318631452478e-11
2.528621488301386546e-11
2.588812748285985042e-11
2.651399977313273689e-11
2.715900995264889584e-11
2.781106273310876511e-11
2.845003420929301198e-11
2.904739671890028750e-11
2.956942062299724568e-11
2.999789158637456871e-11
3.035889404250061135e-11
3.070750844026666044e-11
3.106328905784995458e-11
3.137847270203600130e-11
3.163374028317980149e-11
3.191998912248011451e-11
3.225910100461981494e-11
3.259178021210939507e-11
3.287268369498819683e-11
3.310731644113183170e-11
3.322959809349099513e-11
3.317307141342781285e-11
3.291806365988769020e-11
3.238212084496865801e-11
3.154016595227876846e-11
3.034755694485079811e-11
2.879892076258901912e-11
2.689955453163716416e-11
2.469657803072827809e-11
2.227603462887387805e-11
1.976034799142820071e-11
1.729502681658436002e-11
1.499800973041637266e-11
1.291234300571698691e-11
1.102579237458475995e-11
9.334741144332384750e-12
7.832798086620271217e-12
6.465081538112368343e-12
5.234116807734723658e-12
4.234065111854118917e-12
3.439917616813439512e-12
2.766755915312532707e-12
2.215105453299592402e-12
1.784116307821948877e-12
1.432921927697698326e-12
1.155718474510582692e-12
9.355829948468896059e-13
7.606773774072178070e-13
6.215185334380609650e-13
5.098703383416173178e-13
4.196186021784767077e-13
3.458989168129824174e-13
2.850214968362719904e-13
2.342432816822519486e-13
1.915624159701719073e-13
1.555440478982500091e-13
1.251648864296850480e-13
9.967624429310819119e-14
7.849441107373555737e-14
6.111894177552322738e-14
4.708135704969962075e-14
3.592298198211772812e-14
2.719292756396008050e-14
2.045933859340004051e-14
1.532630304959118469e-14
1.144832408464159276e-14
8.537944580711939093e-15
6.364641709381432575e-15
4.746749891300345784e-15
3.544498470773367074e-15
2.651998522380373949e-15
1.988055123375609864e-15
1.491889784521461898e-15
1.120151005049153810e-15
8.414255399325219841e-16
6.322310520987221640e-16
4.752505078419922935e-16
3.575237125987773777e-16
2.692370184493984454e-16
2.030508086559034814e-16
1.534429526637419307e-16
1.162658865917920226e-16
8.841492102711478856e-17
6.756395948366333098e-17
5.196756998503678462e-17
4.032369205379264534e-17
3.165937868008557564e-17
2.524250574752117043e-17
2.051911033827760024e-17
1.706390079115341876e-17
1.460854557682236785e-17
