# bin_3_1
3.232363786226068688e-11
3.273250469171136068e-11
3.319323608659138390e-11
3.370895078035266485e-11
3.428224169119887110e-11
3.491576499274884297e-11
3.561224917575065729e-11
3.637499915162383785e-11
3.720654067697839701e-11
3.810555337197250690e-11
3.906613318249739249e-11
4.008099907363773817e-11
4.114484248019150590e-11
4.225005217625469540e-11
4.337142848475101775e-11
4.447399165117330213e-11
4.551004268378691281e-11
4.642900846088841368e-11
4.721192267505121751e-11
4.789940841917514363e-11
4.854124612308202905e-11
4.911132279281663431e-11
4.951758491705551338e-11
4.977224754404521713e-11
4.998858930704976628e-11
5.013538031047251343e-11
5.012574637300571609e-11
4.991744232875473106e-11
4.950958594851877212e-11
4.877582700139902744e-11
4.768919130109417317e-11
4.621253428165233313e-11
4.431259465178357282e-11
4.201765365798445949e-11
3.936444336494205624e-11
3.642932315793585035e-11
3.330115384913045498e-11
3.007918746286385621e-11
2.685344264045008173e-11
2.367918203779187444e-11
2.059643880841987261e-11
1.766167103147928756e-11
1.495873760688759446e-11
1.257640353483027985e-11
1.057772821570279868e-11
8.914323123317067230e-12
7.395615991263307928e-12
5.964738324892559951e-12
4.795316511611604200e-12
3.910654404435221092e-12
3.177102813200767655e-12
2.551994092062871895e-12
2.065215580398102149e-12
1.671452428127238800e-12
1.357000771520775367e-12
1.104841583164778391e-12
9.024811838834948586e-13
7.390616529453630971e-13
6.060896030459589832e-13
4.970888167769047187e-13
4.070990695474649868e-13
3.323990662150720396e-13
2.702043351048556521e-13
2.184044714460346457e-13
1.753521975872711305e-13
1.397167297122647947e-13
1.103882040063256597e-13
8.642499089838065793e-14
6.702112169746018146e-14
5.147930165826992216e-14
3.918764881067928526e-14
2.959945296801817044e-14
2.222147293536996593e-14
1.661276860557493821e-14
1.238928731436505483e-14
9.229392007969282218e-15
6.874393825028856699e-15
5.121718800818257163e-15
3.818892225446595862e-15
2.852769367717185757e-15
2.136194610416516257e-15
1.601641717499155934e-15
1.201307486199074344e-15
9.012484192275900888e-16
6.764192647639748769e-16
5.079901745558400173e-16
3.818931348006397196e-16
2.875335229798378265e-16
2.169446626912368731e-16
1.641559967190081745e-16
1.247052567844715059e-16
9.523249703940528384e-17
7.324648258187324724e-17
5.688304696981949619e-17
4.475406858955918341e-17
3.581321131421288723e-17
2.929252873586308696e-17
2.462190561278511642e-17
2.132261382206376711e-17
1.906814179411503728e-17
