# bin_4_1
1.065247821769437351e-10
1.080259635608074171e-10
1.097207280981820643e-10
1.116196346458554169e-10
1.137303943637371121e-10
1.160604050660522902e-10
1.186160013081049113e-10
1.214042259193915713e-10
1.244232532815520460e-10
1.276464344946561159e-10
1.310162577065564129e-10
1.344676990884994835e-10
1.379581505923500460e-10
1.414430026475995652e-10
1.448573345348701611e-10
1.481568104010235093e-10
1.512883218086931859e-10
1.541792800531906107e-10
1.566662141357989252e-10
1.584886445894185890e-10
1.593380368805589842e-10
1.590668116808751361e-10
1.579484701639617928e-10
1.564086381720525931e-10
1.543121497860791982e-10
1.509811929492296595e-10
1.463623025006174325e-10
1.410073376419818983e-10
1.347714981202645800e-10
1.273611868828567823e-10
1.188671998178551504e-10
1.098717408157766617e-10
1.002153441601037718e-10
9.033940192373302876e-11
8.056082319931835255e-11
7.101230372146879179e-11
6.195633818685860534e-11
5.349212064211349408e-11
4.579514987423403593e-11
3.893580407067482008e-11
3.288407232819137083e-11
2.757656344797573248e-11
2.294754360806083250e-11
1.891949415121701347e-11
1.549227218872356959e-11
1.270762112612989941e-11
1.042823922581910950e-11
8.509271748465860623e-12
6.959295687490228502e-12
5.701716878505486702e-12
4.669030331677624041e-12
3.831760932320774554e-12
3.154138758141538319e-12
2.600206035290376440e-12
2.143255636178342494e-12
1.767248217031962780e-12
1.454165978799967115e-12
1.192713973404472952e-12
9.734360710952306038e-13
7.894238837673943431e-13
6.353018870200215916e-13
5.068478229958757348e-13
4.006185361089304823e-13
3.136440821369656141e-13
2.432682700018158729e-13
1.870442652981654782e-13
1.427019921678379529e-13
1.081549217708195957e-13
8.153188830267939914e-14
6.120367556631442904e-14
4.579728457832696261e-14
3.418881380560528862e-14
2.548112333479573194e-14
1.897201664568588852e-14
1.411874415708469942e-14
1.050686624449034947e-14
7.822264905943851691e-15
5.825949759386679558e-15
4.340196035976983450e-15
3.235534044710005660e-15
2.413150846181917972e-15
1.800674511115614692e-15
1.344447842654785138e-15
1.005738687872063178e-15
7.532257607634985227e-16
5.655135242798729885e-16
4.259712646307643512e-16
3.225238632071919674e-16
2.457769783472942227e-16
1.890071822715237721e-16
1.471280765155325161e-16
1.163304321850938067e-16
9.380730734665385272e-17
7.758804110236411679e-17
6.605897654223624096e-17
5.800497890036466299e-17
5.251718684714591515e-17
4.891820422359014683e-17
4.661402799173623250e-17
4.524316809292237576e-17
