# bin_2_2
5.987864340435222163e-06
5.840156652035696818e-06
5.657300447540813234e-06
5.424878582637609087e-06
5.126497014020228345e-06
4.752853254578781740e-06
4.307996299251487792e-06
3.811227645521092812e-06
3.293626160962548475e-06
2.789653732884782699e-06
2.328172257729027338e-06
1.927022212460451382e-06
1.592270351106146046e-06
1.320765763177463484e-06
1.103861657461200825e-06
9.307582287357990276e-07
7.908679157059357814e-07
6.751057421251638095e-07
5.764155838544355792e-07
4.898699499738442669e-07
4.123079790504495918e-07
3.409796535123323634e-07
2.755744112103144544e-07
2.183519455728430959e-07
1.700175019300323795e-07
1.291989896317705922e-07
