# bin_4_1
5.050568017354259567e-06
4.828856995364755688e-06
4.569769632137063290e-06
4.275376873482829147e-06
3.948826300614043302e-06
3.595944125442025023e-06
3.224641646410732725e-06
2.844988295572991818e-06
2.469722335793462417e-06
2.112977596798873592e-06
1.787380847076676503e-06
1.501293663777617662e-06
1.257619352556610482e-06
1.054443264143099486e-06
8.866996445969525027e-07
7.480438707251432944e-07
6.322540135364026843e-07
5.338128201757611357e-07
4.479857082820127095e-07
3.729591004741344116e-07
3.079443401345640053e-07
2.511496141010039128e-07
2.009986393181767294e-07
1.567899846084101453e-07
1.200265264250155312e-07
9.012740950293260027e-08
