# bin_3_1
3.438325972916455719e-06
3.336518120005277258e-06
3.212733930485499603e-06
3.062637752707272357e-06
2.882754321442702570e-06
2.672582744775306748e-06
2.434640570580170927e-06
2.174968017348097778e-06
1.903827413719474346e-06
1.634643100440258980e-06
1.381061895902802389e-06
1.153732053921680033e-06
9.584106979618225919e-07
7.959590411258684115e-07
6.636112804889930028e-07
5.566151219495604626e-07
4.696882132024315523e-07
3.979413341757886091e-07
3.375218567399124791e-07
2.848731268236817243e-07
2.382856002621039945e-07
1.977446688422250178e-07
1.615871213653536512e-07
1.285450857476255390e-07
1.003393732566335651e-07
7.683219923929726642e-08
