# bin_4_2
9.591232761213327267e-06
9.327966852695062448e-06
8.996019837610348007e-06
8.568634255340385129e-06
8.018932231863901741e-06
7.339581279698440031e-06
6.552727685922449704e-06
5.706522758134343754e-06
4.861318515583298946e-06
4.072212440583575178e-06
3.376619894849290663e-06
2.790785440025704214e-06
2.313287433936837487e-06
1.931480505447645438e-06
1.627677114671020653e-06
1.383675468693832571e-06
1.183405916279592700e-06
1.013881428018742419e-06
8.654493705631349806e-07
7.339476170046676966e-07
6.135704219373597992e-07
4.991902772929240151e-07
3.975955383090617030e-07
3.117473057825301047e-07
2.394547483047106877e-07
1.783703612098088577e-07
