# bin_2_1
2.188043523641657599e-06
2.141705118071865562e-06
2.087894240496850275e-06
2.022172461419369654e-06
1.938638671565378131e-06
1.832148312596076695e-06
1.699901736636227377e-06
1.543104941166369259e-06
1.367949076531156574e-06
1.184697269836657648e-06
1.005085721226173783e-06
8.393543586442441422e-07
6.942136596087508851e-07
5.723395538588967239e-07
4.730716560858057730e-07
3.936281189096000026e-07
3.303084947069154212e-07
2.793449966282384372e-07
2.374508724413412617e-07
2.021754390772843977e-07
1.714530202283215292e-07
1.440290485647076421e-07
1.192330231688920670e-07
9.655079785140614554e-08
7.675037021119152001e-08
5.983617786046056428e-08
