# bin_4_3
2.653387522668732986e-05
2.531195444342992522e-05
2.376121831655089793e-05
2.186845596388179556e-05
1.967790473889084586e-05
1.730547655943580516e-05
1.490728243144139468e-05
1.263311846778216841e-05
1.059311578323932453e-05
8.844286347231093343e-06
7.394954709366110784e-06
6.219116737815818441e-06
5.272427840934079873e-06
4.505287310438481647e-06
3.871425725292801438e-06
3.332504314300291862e-06
2.860008763462369727e-06
2.435111144580158243e-06
2.047966076050384373e-06
1.685898271629259721e-06
1.351194011204861121e-06
1.064543028929468471e-06
8.241278779036856707e-07
6.209705555353448167e-07
4.522555261670762143e-07
3.176970009736310897e-07
