# bin_4_4
3.787092287016399783e-05
3.558895854901886468e-05
3.283517848231282533e-05
2.968301184308197257e-05
2.627349403120462129e-05
2.280506556295691493e-05
1.948159661139379456e-05
1.646233114467863964e-05
1.383933482150149327e-05
1.163803144206831376e-05
9.832452782401109398e-06
8.365936548599332389e-06
7.169867061188147622e-06
6.177361963760786056e-06
5.331348626021833217e-06
4.588363724212057341e-06
3.919460720158504578e-06
3.307973046324285061e-06
2.737700989292831729e-06
2.209183524228879643e-06
1.747962642746724809e-06
1.358723307638344105e-06
1.030679458368135932e-06
7.574374613280754344e-07
5.375270377738797623e-07
3.684906821271044126e-07
