# bin_3_2
9.059454516014117504e-06
8.819547457303180725e-06
8.515541636108442118e-06
8.122578469412932469e-06
7.615784239983748404e-06
6.987500884364988024e-06
6.256286702223337145e-06
5.464738570427663021e-06
4.668057022591519942e-06
3.918382423871156360e-06
3.252717422366577745e-06
2.688669098281168469e-06
2.226889887051322221e-06
1.856746152514952480e-06
1.562145464261646577e-06
1.325973797908465723e-06
1.132797771980103564e-06
9.700884748768874141e-07
8.286269371060986940e-07
7.028789813618295663e-07
5.883649321418691310e-07
4.806024743302632052e-07
3.839974315130165646e-07
3.017477598256005081e-07
2.324266188890502396e-07
1.738653532551263622e-07
