# bin_3_3
2.166583259737661597e-05
2.078511591543874155e-05
1.965586272306849841e-05
1.824831627528954308e-05
1.657309460851076225e-05
1.470318344657134869e-05
1.275721726661513160e-05
1.086333507643995188e-05
9.127098385137387686e-06
7.613306509168683455e-06
6.344100579608725779e-06
5.308314860100997428e-06
4.474625224776891340e-06
3.803482599040346052e-06
3.255641991123150303e-06
2.797117415224120725e-06
2.401444373732946420e-06
2.050115365110590539e-06
1.732500252922850228e-06
1.439354935288459865e-06
1.164624437128636628e-06
9.235365436548895879e-07
7.207777991044726030e-07
5.494212120476109361e-07
4.057489774691978457e-07
2.891969155743802957e-07
