# bin_1_1
1.130418743053653740e-06
1.099084389463106587e-06
1.064950012627444851e-06
1.027049375910728698e-06
9.835904235935488956e-07
9.326277360516584221e-07
8.723577024837461142e-07
8.018635687555816396e-07
7.220458435676745912e-07
6.359574090464775544e-07
5.482374938313703048e-07
4.639116781724758946e-07
3.871367701458303741e-07
3.203960054349623743e-07
2.644884413835026015e-07
2.188505836961190208e-07
1.820820649672634733e-07
1.524275285699279733e-07
1.282542499487359102e-07
1.083088149940091191e-07
9.147785515715524757e-08
7.689277531261748407e-08
6.396715458150874729e-08
5.230862851780788613e-08
4.199276565721647566e-08
3.308804776588925222e-08
