# bin_2
0.000000000000000000e+00
6.028805783618263854e-06
1.205761156807301679e-05
1.808641741195435193e-05
4.724472639021241372e-04
1.375140152491509827e-03
2.277833037150634506e-03
3.180525932375534437e-03
4.083218808624801237e-03
7.114169181048542526e-03
1.227337702659687078e-02
1.743258485557895587e-02
2.259179270962544464e-02
2.775100053781731982e-02
5.231096710795343080e-02
9.627169233139763749e-02
1.402324176096446107e-01
1.841931428411566485e-01
2.281538681167869231e-01
2.912208009711781398e-01
3.733939414637028054e-01
4.555670819351762546e-01
5.377402224316437662e-01
6.199133629047890448e-01
6.850747514351303025e-01
7.332243879696180855e-01
7.813740245199235490e-01
8.295236610710721159e-01
8.776732976069103742e-01
1.023616247606323526e+00
1.267352511067381560e+00
1.511088774517312716e+00
1.754825037969860890e+00
1.998561301426502679e+00
2.212959376330838168e+00
2.398019262695614717e+00
2.583079149059065660e+00
2.768139035419025173e+00
2.953198921779883968e+00
3.130810809615281798e+00
3.300974698916441685e+00
3.471138588216436727e+00
3.641302477518496339e+00
3.811466366820852603e+00
3.994594065541837491e+00
4.190685573680770659e+00
4.386777081826275015e+00
4.582868589969702811e+00
4.778960098104606757e+00
4.772758719066381161e+00
4.564264452844699171e+00
4.355770186621744422e+00
4.147275920397487603e+00
3.938781654174845048e+00
3.473052728518436716e+00
2.750089143426829086e+00
2.027125558340200140e+00
1.304161973248831208e+00
5.811983881638929095e-01
2.078261903469970917e-01
1.840453798043451827e-01
1.602645692751146489e-01
1.364837587497021720e-01
1.127029481995569793e-01
9.296176874979326932e-02
7.726022035322646642e-02
6.155867199522480071e-02
4.585712358873376276e-02
3.015557523159820980e-02
2.061738370975616311e-02
1.724254905704182897e-02
1.386771442156756531e-02
1.049287976193323535e-02
7.118045137936092163e-03
5.046180375455600574e-03
4.277285516924287691e-03
3.508390647765742207e-03
2.739495803739812330e-03
1.970600927429439972e-03
1.806880370666789654e-03
2.248334109979939054e-03
2.689787847682376890e-03
3.131241583235321903e-03
3.572695328482640258e-03
3.829176523556781370e-03
3.900685261377208161e-03
3.972193979705384258e-03
4.043702711557742129e-03
4.115211409157383884e-03
4.240137132308697578e-03
4.418479865718846766e-03
4.596822599261450766e-03
4.775165335188111260e-03
4.953508068569282760e-03
4.724864961038304986e-03
4.089236029728026897e-03
3.453607087073504254e-03
2.817978155635315896e-03
2.182349217002072655e-03
1.761589030822301345e-03
1.555697606132689162e-03
1.349806183729199442e-03
1.143914754801457229e-03
9.380233296930336846e-04
8.566336686622252894e-04
8.997457703086147182e-04
9.428578535025412821e-04
9.859699451371748552e-04
1.029082036125820391e-03
9.510511417908224224e-04
7.518772534049355692e-04
5.527033533632274426e-04
3.535294653856159994e-04
1.543555759603271020e-04
5.637258800095560577e-05
5.958053270567889375e-05
6.278847611752441671e-05
6.599641749201358562e-05
6.920436357641852085e-05
9.176147419132661741e-05
1.336677579052775384e-04
1.755740504184183110e-04
2.174803418238762092e-04
2.593866262678079168e-04
2.820093214849291215e-04
2.853483962014333620e-04
2.886874868165853979e-04
2.920265689568767552e-04
2.953656562697027136e-04
4.529105104948334703e-04
7.646611344505157464e-04
1.076411769560801793e-03
1.388162399595059158e-03
1.699913030534336506e-03
1.823159047055631721e-03
1.757900444433564994e-03
1.692641848692432675e-03
1.627383250721174332e-03
1.562124648901785191e-03
1.445000792893671830e-03
1.276011669120916516e-03
1.107022531385244224e-03
9.380334066706357606e-04
7.690442757213772395e-04
6.857893494743640692e-04
6.882685996592816666e-04
6.907478499233614183e-04
6.932271057501494501e-04
6.957063566643794912e-04
7.244523949583599578e-04
7.794652459336890143e-04
8.344780770044009453e-04
8.894909033565592035e-04
9.445037394141427272e-04
9.009172314554264333e-04
7.587313648907956492e-04
6.165455049184469238e-04
4.743596334846585994e-04
3.321737727171886353e-04
2.367141150420666498e-04
1.879806653529745653e-04
1.392472094750354928e-04
9.051375665847883950e-05
4.178030807698816524e-05
1.567559147320538620e-05
1.219960381743076096e-05
8.723601573388008315e-06
5.247599484892387948e-06
1.771609872699541779e-06
3.576370963755161624e-06
1.066188254284410129e-05
1.774739211532791694e-05
2.483290944721312698e-05
3.191842037205991725e-05
3.212762603781479486e-05
2.546053964252023834e-05
1.879344664069905303e-05
1.212635444046666726e-05
5.459263729046161189e-06
5.080041508546214990e-06
1.098870452092739839e-05
1.689735434408806239e-05
2.280601359145594144e-05
2.871467158266897577e-05
2.850210251800563643e-05
2.216830323319904023e-05
1.583449193933396927e-05
9.500700836666812720e-06
3.166898627209610490e-06
-5.558297067992405127e-12
-6.351102717751598073e-13
5.999602547361905608e-12
-1.628387286119289893e-12
-4.764310010941193008e-12
5.605644308103616226e-12
1.020274198427451961e-12
2.203800239648417157e-12
3.570162246617767823e-12
-8.018110382348059715e-13
1.715534753503156723e-12
8.669648916097996859e-13
1.270796987191678196e-12
-3.484869294985386641e-12
3.461289698229839058e-12
1.029205072270812079e-12
1.734515660145983609e-12
-3.220303261945805333e-12
2.506206065682204034e-12
-1.960043691040313135e-12
3.265220136401100358e-07
9.795608447355792493e-07
1.632594923117514546e-06
2.285625890452515791e-06
2.938664596992754617e-06
3.327257563842206769e-06
3.451410157482725348e-06
3.575556238987697573e-06
3.699710559722009822e-06
3.823851439715379950e-06
6.081829683009311586e-06
1.047363367044207278e-05
1.486544278582532825e-05
1.925724607747722789e-05
2.364905315144182537e-05
3.207570063064717485e-05
4.453720564797932857e-05
5.699870171666090524e-05
6.946020120159550728e-05
8.192170768585527391e-05
1.021625834789987886e-04
1.301828529031455787e-04
1.582031154691503712e-04
1.862233809620656951e-04
2.142436516389408885e-04
2.486043059033221300e-04
2.893053566250699247e-04
3.300064028629309874e-04
3.707074465955155734e-04
4.114085003431036886e-04
4.406856598290247650e-04
4.585389221120629013e-04
4.763921857758531041e-04
4.942454546911676742e-04
5.120987182085132801e-04
5.349758478950297205e-04
5.628768491475732430e-04
5.907778519580798339e-04
6.186788544599303294e-04
6.465798565200648251e-04
6.301935789394454580e-04
5.695200316106786018e-04
5.088464802071451798e-04
4.481729276572983534e-04
3.874993826354423444e-04
3.601964843071651370e-04
3.662642479944892447e-04
3.723320053543420906e-04
3.783997677107478583e-04
3.844675279225574392e-04
4.181867538593109918e-04
4.795574444826833285e-04
5.409281383577976398e-04
6.022988224782158768e-04
6.636695107960908406e-04
6.362745518517471744e-04
5.201139323099522203e-04
4.039533219623649444e-04
2.877927116487733698e-04
1.716320938006053981e-04
1.022498949721409420e-04
7.964612624850394987e-05
5.704234872619351156e-05
3.443857825829029574e-05
1.183480259650690121e-05
3.348413759833757434e-06
8.979410126114579466e-06
1.461040866867255222e-05
2.024140667552887937e-05
2.587241171555005904e-05
3.804222732801608409e-05
5.675085431694393327e-05
7.545949717842987889e-05
9.416813364965209265e-05
1.128767599311338433e-04
1.158064221084864788e-04
1.029571236958175154e-04
9.010782983982182793e-05
7.725852596544255683e-05
6.440922505666128132e-05
7.911167292172099918e-05
1.213658628783783017e-04
1.636200477793815344e-04
2.058742449117475538e-04
2.481284382226002635e-04
3.467773646749449626e-04
5.018210312353210299e-04
6.568647008046531914e-04
8.119083603346466350e-04
9.669520231353781426e-04
9.400192291500687660e-04
