# bin_5
0.000000000000000000e+00
1.664831507589953059e-04
3.329663014448719632e-04
4.994494522229688243e-04
8.020506423664913861e-04
1.240769862748503788e-03
1.679489106477408860e-03
2.118208304990526220e-03
2.556927563165267096e-03
3.468763899016217948e-03
4.853717392587484671e-03
6.238670884204603612e-03
7.623624376979198577e-03
9.008577836541924524e-03
8.879389780769859908e-03
7.236060114329997614e-03
5.592730433094348329e-03
3.949400765427150961e-03
2.306071111599100869e-03
1.702078193258961232e-03
2.137422053979900777e-03
2.572765860127871566e-03
3.008109722996876473e-03
3.443453548125590021e-03
4.012343970629890511e-03
4.714780923018252121e-03
5.417217928996940352e-03
6.119654894243974422e-03
6.822091858018205709e-03
7.283719930792325291e-03
7.504539016871846976e-03
7.725358163039886157e-03
7.946177253323298550e-03
8.166996387443241703e-03
7.663186526674551843e-03
6.434747710260931876e-03
5.206308897895792209e-03
3.977870061949977804e-03
2.749431262264861401e-03
2.362309863068436967e-03
2.816505862703533574e-03
3.270701916318997666e-03
3.724897926511016363e-03
4.179093944475963628e-03
4.317257389565336279e-03
4.139388216126944388e-03
3.961519071850207359e-03
3.783649959892255998e-03
3.605780751558154088e-03
3.422526650809192515e-03
3.233887534918657072e-03
3.045248421164139987e-03
2.856609296958974743e-03
2.667970198636083253e-03
4.681567438453893178e-03
8.897401003267864372e-03
1.311323461022828249e-02
1.732906816022635257e-02
2.154490175757535833e-02
2.232003785648604618e-02
1.965447647662171490e-02
1.698891510158497334e-02
1.432335372894974479e-02
1.165779233713157281e-02
1.908917661654167819e-02
3.661750658232905409e-02
5.414583653015157816e-02
7.167416649784458249e-02
8.920249643768712877e-02
1.038616798975090794e-01
1.156517168417203478e-01
1.274417537958471569e-01
1.392317907666119070e-01
1.510218277041882606e-01
2.001985316029745443e-01
2.867619024054325894e-01
3.733252732077259606e-01
4.598886440244968066e-01
5.464520148624142371e-01
8.511684210436206710e-01
1.374037862640938412e+00
1.896907304245183834e+00
2.419776745840153342e+00
2.942646187424101001e+00
3.651228487411191548e+00
4.545523645795019441e+00
5.439818804169379796e+00
6.334113962542503806e+00
7.228409120905546104e+00
7.421381430387219424e+00
6.913030890933415940e+00
6.404680351511147229e+00
5.896329812073542342e+00
5.387979272637413608e+00
4.829886805389358884e+00
4.222052410328600125e+00
3.614218015264435646e+00
3.006383620219020170e+00
2.398549225150194530e+00
1.952426377654491896e+00
1.668015077721319406e+00
1.383603777774429222e+00
1.099192477818354163e+00
8.147811778776226088e-01
6.151932985478824056e-01
5.004288398204449484e-01
3.856643811491923257e-01
2.708999223803331136e-01
1.561354636487042868e-01
9.616714990460688284e-02
9.099498107223948085e-02
8.582281225097404542e-02
8.065064342939040620e-02
7.547847461794347790e-02
6.843162170084096663e-02
5.951008467959770926e-02
5.058854766800896519e-02
4.166701064636128132e-02
3.274547362481035340e-02
2.675870146451885673e-02
2.370669410783030062e-02
2.065468679506687194e-02
1.760267948073580488e-02
1.455067214097649497e-02
1.408411127335964901e-02
1.620299701107223711e-02
1.832188267468538509e-02
2.044076839110290505e-02
2.255965403299809574e-02
2.165796631034299508e-02
1.773570506923923679e-02
1.381344389629135527e-02
9.891182701976452760e-03
5.968921492304666947e-03
4.072438071957121958e-03
4.201732386102543723e-03
4.331026672612618353e-03
4.460321015435638609e-03
4.589615310351312372e-03
5.193645195612046732e-03
6.272410651086046153e-03
7.351176135811016144e-03
8.429941604284871964e-03
9.508707071416834175e-03
9.379589523511873417e-03
8.042588943383480529e-03
6.705588370582242150e-03
5.368587780919020606e-03
4.031587227071561745e-03
3.252985302594268557e-03
3.032782093064224221e-03
2.812578861380603604e-03
2.592375646353260905e-03
2.372172398387313672e-03
2.232086829258738379e-03
2.172118861667380468e-03
2.112150906272637803e-03
2.052182966387520839e-03
1.992215023312221382e-03
2.028926544543326570e-03
2.162317594829330294e-03
2.295708615907156042e-03
2.429099639121587786e-03
2.562490678723124745e-03
2.605233406524998761e-03
2.557327755053323982e-03
2.509422129276153018e-03
2.461516508423342454e-03
2.413610881081352470e-03
2.873666811099466652e-03
3.841684306040333858e-03
4.809701803100057370e-03
5.777719302823411916e-03
6.745736794398838818e-03
7.243009920575326811e-03
7.269538629222535055e-03
7.296067345132044302e-03
7.322596062492455447e-03
7.349124769092034264e-03
6.911355209511746596e-03
6.009287351115844174e-03
5.107219495827280790e-03
4.205151670661664079e-03
3.303083809860230154e-03
2.645168275379338515e-03
2.231405084042840069e-03
1.817641855136838775e-03
1.403878669522524124e-03
9.901154644482662668e-04
8.064966643468959341e-04
8.530222757014892460e-04
8.995478699233663052e-04
9.460735094927551344e-04
9.925991383250840679e-04
9.958136790983093938e-04
9.557171325094064671e-04
9.156206013684136356e-04
8.755240729272278704e-04
8.354275482192885646e-04
7.656146416431561068e-04
6.660853885510502380e-04
5.665561181881497658e-04
4.670268611264240168e-04
3.674975859764140879e-04
3.187098720847934591e-04
3.206637253168700442e-04
3.226175808056724143e-04
3.245714175643532183e-04
3.265252740105831393e-04
5.155953343506470892e-04
8.917816087729060195e-04
1.267967878090574480e-03
1.644154138254666497e-03
2.020340423839656757e-03
2.012718489549021259e-03
1.621288396224871082e-03
1.229858273786296275e-03
8.384281537475886652e-04
4.469980519713642156e-04
2.516749371965249383e-04
2.524588542230493389e-04
2.532427581790538669e-04
2.540266836768324018e-04
2.548105996857265407e-04
2.335208383856106102e-04
1.901573837965103762e-04
1.467939297955605474e-04
1.034304892205901359e-04
6.006702114588613467e-05
3.937360633219912044e-05
4.135024876419797740e-05
4.332686735408088329e-05
4.530348947131173824e-05
4.728011277901920451e-05
4.519096312736574247e-05
3.903601967633347613e-05
3.288108859489635152e-05
2.672614451275376140e-05
2.057123080117840113e-05
3.807707425244142977e-05
7.924374182662490853e-05
1.204104241287813246e-04
1.615770858547917969e-04
2.027437582708200149e-04
2.830220324201015037e-04
4.024119204468012230e-04
5.218018078943848686e-04
6.411916822562845021e-04
7.605815630388421946e-04
7.808757724208695555e-04
7.020742941708509955e-04
6.232728452996983120e-04
5.444713479825328021e-04
4.656699128833529386e-04
3.856572425489751240e-04
3.044333817841549670e-04
2.232095385317379858e-04
1.419857141138674216e-04
6.076184099733829421e-05
2.699571351407103667e-05
4.068731571441381890e-05
5.437890536002237135e-05
6.807049092399893909e-05
8.176207129638720446e-05
1.050922384507273194e-04
1.380609528825530981e-04
1.710296996052260241e-04
2.039984336565489782e-04
2.369671430011603480e-04
2.446413582353902227e-04
2.270210732884725879e-04
2.094007746831577318e-04
1.917804769613892042e-04
1.741601736009222112e-04
1.840360261992063763e-04
2.214080487542219918e-04
2.587800298965064528e-04
2.961520172233879649e-04
3.335240439900503994e-04
3.624544759392042898e-04
3.829433569191615532e-04
4.034322328142160487e-04
4.239211067561957438e-04
4.444099664118359664e-04
4.305066447998095623e-04
3.822111167992155666e-04
3.339155795144567169e-04
2.856200485563273545e-04
2.373245224672408779e-04
1.933268498433175569e-04
1.536270771605457866e-04
1.139272773565084017e-04
7.422746933152853522e-05
3.452770631424638539e-05
3.246219380171841575e-05
6.803097928763603326e-05
1.035997875730730643e-04
1.391685778618242074e-04
1.747373538995475024e-04
1.733487414117098387e-04
