# bin_4
0.000000000000000000e+00
4.580761281292376036e-04
9.161522562575687059e-04
1.374228384384006520e-03
2.990585031024837245e-03
5.765222196336610566e-03
8.539859360919544590e-03
1.131449652674193507e-02
1.408913369282613522e-02
1.524770045297767739e-02
1.479019681378597462e-02
1.433269317712127650e-02
1.387518953878075570e-02
1.341768588951221773e-02
1.293936828851655584e-02
1.244023669771891945e-02
1.194110512445137155e-02
1.144197352523096747e-02
1.094284195444960098e-02
1.301508686580285339e-02
1.765870828318052976e-02
2.230232970567219350e-02
2.694595111989729966e-02
3.158957253266628934e-02
3.477351950227545313e-02
3.649779200517769273e-02
3.822206450516996840e-02
3.994633703011010728e-02
4.167060951136394159e-02
4.043372475127230553e-02
3.623568268322169966e-02
3.203764061196863466e-02
2.783959854917188170e-02
2.364155648789131869e-02
2.065739265558494062e-02
1.888710703524809978e-02
1.711682145209023759e-02
1.534653583671075940e-02
1.357625022987542229e-02
1.241521415909558126e-02
1.186342758610054414e-02
1.131164103242418041e-02
1.075985447270218047e-02
1.020806790729175857e-02
1.103110483139680721e-02
1.322896525333139457e-02
1.542682565074836656e-02
1.762468607845940616e-02
1.982254647625417837e-02
2.000108080050064241e-02
1.816028902475661302e-02
1.631949724952808448e-02
1.447870547157064855e-02
1.263791369175276680e-02
2.030729666228113864e-02
3.748685433115755972e-02
5.466641202327578164e-02
7.184596970920577308e-02
8.902552739252106440e-02
1.138585694798628367e-01
1.463450959628181947e-01
1.788316224333673377e-01
2.113181489180679662e-01
2.438046753965699698e-01
4.520128747503593392e-01
8.359427469712024106e-01
1.219872619192623464e+00
1.603802491414256792e+00
1.987732363637857214e+00
2.498714852003522946e+00
3.136749956516361237e+00
3.774785061028130162e+00
4.412820165541700312e+00
5.050855270052735158e+00
5.388605756212759168e+00
5.426071624016851835e+00
5.463537491825324111e+00
5.501003359625989297e+00
5.538469227432569753e+00
5.430004742056087963e+00
5.175609903500651754e+00
4.921215064943364581e+00
4.666820226387057957e+00
4.412425387831094170e+00
3.983007028038163089e+00
3.378565147004085389e+00
2.774123265970652952e+00
2.169681384939825541e+00
1.565239503911352026e+00
1.184749256819084273e+00
1.028210643686110259e+00
8.716720305359157983e-01
7.151334174016381606e-01
5.585948042529214064e-01
4.472574225205157572e-01
3.811212721882236143e-01
3.149851218516758200e-01
2.488489715117731815e-01
1.827128211882681208e-01
1.422870033403524637e-01
1.275715179837768609e-01
1.128560326284539089e-01
9.814054727230164810e-02
8.342506191739107457e-02
7.197129943667200658e-02
6.377925981083133744e-02
5.558722020592081481e-02
4.739518058749196683e-02
3.920314096386400687e-02
3.303726111020661993e-02
2.889754094995353531e-02
2.475782082433966580e-02
2.061810069182544794e-02
1.647838055201728685e-02
1.354612159152925217e-02
1.182132379874780738e-02
1.009652600907154363e-02
8.371728230055245842e-03
6.646930430352811225e-03
5.599054030176170600e-03
5.228099002361876260e-03
4.857143984798620653e-03
4.486188961765721211e-03
4.115233952200589469e-03
3.819000072694691758e-03
3.597487335515960841e-03
3.375974587289445709e-03
3.154461838526895819e-03
2.932949091474802792e-03
2.689948692025591944e-03
2.425460626021508879e-03
2.160972555434483282e-03
1.896484485115026639e-03
1.631996425517446073e-03
1.500733995022498395e-03
1.502697196902850899e-03
1.504660414494877552e-03
1.506623607289200167e-03
1.508586819659909952e-03
1.625643504325267712e-03
1.857793656508286047e-03
2.089943802850650033e-03
2.322093966029982904e-03
2.554244123315913689e-03
2.599931669818754485e-03
2.459156579881383031e-03
2.318381498486342916e-03
2.177606418333197409e-03
2.036831344618682781e-03
1.915864368001666661e-03
1.814705501501783684e-03
1.713546635648772586e-03
1.612387763693490673e-03
1.511228902982418533e-03
1.431258654169155183e-03
1.372476989959031928e-03
1.313695337561844936e-03
1.254913684969392483e-03
1.196132028072154118e-03
1.127307437214470926e-03
1.048439883315769238e-03
9.695723428088982724e-04
8.907047941350435070e-04
8.118372479374103348e-04
7.189385119994442727e-04
6.120085683275847946e-04
5.050786266005117707e-04
3.981486806060891438e-04
2.912187445080292175e-04
3.345742652064674898e-04
5.282152395740836179e-04
7.218562253477889268e-04
9.154971989570421728e-04
1.109138180332061747e-03
1.245638707996313569e-03
1.324998776268291592e-03
1.404358851800852157e-03
1.483718922557726149e-03
1.563078996816463220e-03
1.555284039156920204e-03
1.460334055942410407e-03
1.365384053257436307e-03
1.270434071661929835e-03
1.175484074625008290e-03
1.080136470125340987e-03
9.843912427038971694e-04
8.886460332270369961e-04
7.929008079898267666e-04
6.971555717925584806e-04
7.254763774519854295e-04
8.778631844453239170e-04
1.030249994840683799e-03
1.182636813877925705e-03
1.335023625632420722e-03
1.380095271992468065e-03
1.317851748085183084e-03
1.255608223702964427e-03
1.193364688587213651e-03
1.131121169008851741e-03
1.046890618738111718e-03
9.406730571871242284e-04
8.344555064187780119e-04
7.282379460755022960e-04
6.220203875073044945e-04
5.404072194413867382e-04
4.833984663327260244e-04
4.263896903314952553e-04
3.693809226962318560e-04
3.123721559453153601e-04
3.218246806444659876e-04
3.977385029535698705e-04
4.736523164885900260e-04
5.495661308381296403e-04
6.254799462474465747e-04
6.162935829754962900e-04
5.220070441568959180e-04
4.277205040907491548e-04
3.334339688590965247e-04
2.391474197195051019e-04
1.758776781271326368e-04
1.436247216558620408e-04
1.113717681276175979e-04
7.911880138229430222e-05
4.686585802658578900e-05
4.648993024041218127e-05
7.799104284269470276e-05
1.094921505290994540e-04
1.409932745173948288e-04
1.724943692494240114e-04
1.777805884089948092e-04
1.568519030079271745e-04
1.359232070582306207e-04
1.149945162209545365e-04
9.406582421411660913e-05
1.103632726912908536e-04
1.638868536930809577e-04
2.174104390411971902e-04
2.709340335335990932e-04
3.244576010458691089e-04
3.296411853482038908e-04
2.864847550792319316e-04
2.433283193403749836e-04
2.001718818349960483e-04
1.570154556214597638e-04
1.848859954675926101e-04
2.837835072823352415e-04
3.826810108955490614e-04
4.815785175036777443e-04
5.804760241909548120e-04
6.050515238221752020e-04
5.553050152488632311e-04
5.055585153760363626e-04
4.558120042587330070e-04
4.060654904161738665e-04
3.706048116822437339e-04
3.494299459322898591e-04
3.282550860820075233e-04
3.070802306230487012e-04
2.859053681268873526e-04
2.967955587085561249e-04
3.397508091752487157e-04
3.827060503943676252e-04
4.256612830078801814e-04
4.686165326249967203e-04
4.899669166317033656e-04
4.897124441712272539e-04
4.894579497703265133e-04
4.892034835720433144e-04
4.889490024215088727e-04
5.247606337036874900e-04
5.966383838557320603e-04
6.685161435599945882e-04
7.403938915677490962e-04
8.122716523110391036e-04
7.915139570142833408e-04
6.781208264339935515e-04
5.647276902144516761e-04
4.513345622806976551e-04
3.379414285359740901e-04
2.751320445007058354e-04
2.629064237500224098e-04
2.506807721559391557e-04
2.384551566394718398e-04
2.262295225529317982e-04
2.117285001732816744e-04
1.949520995011083072e-04
1.781756925699854181e-04
1.613992880619960816e-04
1.446228713817949117e-04
1.342527097353697467e-04
1.302887837921259799e-04
1.263248550963344844e-04
1.223609250594970895e-04
1.183970061591850309e-04
1.934816214301251992e-04
3.476147980292663628e-04
5.017479599807163175e-04
6.558811271070487132e-04
8.100142971089005928e-04
7.989249800290669154e-04
