# bin_1
0.000000000000000000e+00
2.291219769621849044e-03
4.582439539443094144e-03
6.873659308856329246e-03
9.632837829315748016e-03
1.285997510025187890e-02
1.608711237362576638e-02
1.931424965019200302e-02
2.254138690889841840e-02
6.068354478657945333e-02
1.337407232662955192e-01
2.067979017458968782e-01
2.798550802061073872e-01
3.529122586824803287e-01
4.930710967527452415e-01
7.003315944092146639e-01
9.075920920559849003e-01
1.114852589715209286e+00
1.322113087380673457e+00
1.719559420058836219e+00
2.307191587739836347e+00
2.894823755435402823e+00
3.482455923124746278e+00
4.070088090826273763e+00
4.332229097048495348e+00
4.268878941818612383e+00
4.205528786584165957e+00
4.142178631352518181e+00
4.078828476111959311e+00
4.138520047126261758e+00
4.321253344391378981e+00
4.503986641656184453e+00
4.686719938918943562e+00
4.869453236180373956e+00
4.817806782490729134e+00
4.531780577846603819e+00
4.245754373210627541e+00
3.959728168564704109e+00
3.673701963925987801e+00
3.261260290550242580e+00
2.722403148419593411e+00
2.183546006297875319e+00
1.644688864182026533e+00
1.105831722066718426e+00
7.828928951569578132e-01
6.758723834552791132e-01
5.688518717717987450e-01
4.618313600918586559e-01
3.548108483880326181e-01
2.773322312099506526e-01
2.293955085613798572e-01
1.814587859091905397e-01
1.335220632362046633e-01
8.558534057762474945e-02
5.572188158552286719e-02
4.393168625270080230e-02
3.214149094057563993e-02
2.035129559810742658e-02
8.561100269117858513e-03
2.564741136015990294e-03
2.362218174847161185e-03
2.159695198605803782e-03
1.957172242828677383e-03
1.754649287215669920e-03
3.699860539937605171e-03
7.792806002551647473e-03
1.188575146894299030e-02
1.597869693209417671e-02
2.007164240942723235e-02
2.014683458832197335e-02
1.620427349375896942e-02
1.226171239135994719e-02
8.319151293283123805e-03
4.376590203297865168e-03
2.435506003494005475e-03
2.495898707300231271e-03
2.556291407907371107e-03
2.616684102091119176e-03
2.677076798823715097e-03
2.564970601946055685e-03
2.280365527654800405e-03
1.995760441018646584e-03
1.711155349100132710e-03
1.426550263636917589e-03
1.437386386427112013e-03
1.743663730647219490e-03
2.049941073503561313e-03
2.356218407029233436e-03
2.662495745300747299e-03
2.749707182745579192e-03
2.617852685591223055e-03
2.485998201947449762e-03
2.354143720401831886e-03
2.222289240776264933e-03
2.086129168440593439e-03
1.945663542902178978e-03
1.805197912414606247e-03
1.664732267702265234e-03
1.524266656592321778e-03
1.363375182105105738e-03
1.182057866515112080e-03
1.000740584197435182e-03
8.194232856711030971e-04
6.381059670035631919e-04
6.096458282688092464e-04
7.340428924525626599e-04
8.584399293861307836e-04
9.828370020886270913e-04
1.107234068288737421e-03
1.150231095270493357e-03
1.111828055604245418e-03
1.073425030994473945e-03
1.035021998380246649e-03
9.966189741192150921e-04
9.500811022383750734e-04
8.954083636718462077e-04
8.407356359041243945e-04
7.860628791011875938e-04
7.313901250306561325e-04
6.961381808085602982e-04
6.803069873233180340e-04
6.644757914977979501e-04
6.486445858881860352e-04
6.328133819687382965e-04
5.922561174031222607e-04
5.269727824021160859e-04
4.616894239946303029e-04
3.964060759810588189e-04
3.311227369229721804e-04
3.306080012667398358e-04
3.948618900340501899e-04
4.591157634976079211e-04
5.233696315303746358e-04
5.876235378970619695e-04
6.278079561559086553e-04
6.439229308150972060e-04
6.600379286444694104e-04
6.761528980331265540e-04
6.922678839770044336e-04
6.626132982383948567e-04
5.871891864624975742e-04
5.117650735414261669e-04
4.363409408512361801e-04
3.609168432979924430e-04
3.065469476413392488e-04
2.732312917301688037e-04
2.399156126928836202e-04
2.065999457708855359e-04
1.732842791880128807e-04
1.513174817886918291e-04
1.406995855974379616e-04
1.300816695484680637e-04
1.194637561308537892e-04
1.088458693554145395e-04
1.058052683595309346e-04
1.103419929083918240e-04
1.148787349023800059e-04
1.194154379172536826e-04
1.239521822782441293e-04
1.212363610789812113e-04
1.112680335201280855e-04
1.012997109400021748e-04
9.133138557181524940e-05
8.136307001632176069e-05
6.892591408528300594e-05
5.401991787393400294e-05
3.911391270817827159e-05
2.420793148762833698e-05
9.301937947469066884e-06
1.129827889407751430e-05
3.019697398399256598e-05
4.909567386669589999e-05
6.799436175688944523e-05
8.689307167613540082e-05
1.340341078615784178e-04
2.094175152716552227e-04
2.848009230400842915e-04
3.601843062452677441e-04
4.355677130084541302e-04
4.530281802228384026e-04
4.125656882813818582e-04
3.721031785051608326e-04
3.316407116541374373e-04
2.911782082125099059e-04
2.777777841342242882e-04
2.914394587599456127e-04
3.051011117696394472e-04
3.187627701302607735e-04
3.324244138947124493e-04
3.306063380113380477e-04
3.133084805654835010e-04
2.960106190076697546e-04
2.787127746559241756e-04
2.614148843655853894e-04
2.754623030716491839e-04
3.208550922883702953e-04
3.662478146591083392e-04
4.116405692371702678e-04
4.570333423959679962e-04
4.770704349069636980e-04
4.717519038563337081e-04
4.664333210873025637e-04
4.611147719397321780e-04
4.557961912322790470e-04
4.487141289931585080e-04
4.398685574389815819e-04
4.310229927929741674e-04
4.221774455966440355e-04
4.133318658556157390e-04
3.895226923766177923e-04
3.507499743023768132e-04
3.119772343485619978e-04
2.732045023273762369e-04
2.344317552756298583e-04
1.935479819055121076e-04
1.505531353482647886e-04
1.075583142347931909e-04
6.456348548849600146e-05
2.156864359186689406e-05
3.210368782891780603e-05
9.616865895643606638e-05
1.602335585878647605e-04
2.242985057914625318e-04
2.883634532632377376e-04
2.939002520239211431e-04
2.409089520613531669e-04
1.879177246310675627e-04
1.349264305023298587e-04
8.193514164148477628e-05
5.121849814440065099e-05
4.277645031018554157e-05
3.433440856775461374e-05
2.589239989407945793e-05
1.745034091139273391e-05
1.708864631501190562e-05
2.480724031055947474e-05
3.252583771599221445e-05
4.024444570285868347e-05
4.796305531037380222e-05
4.915947584085776618e-05
4.383355510710694024e-05
3.850775999188836671e-05
3.318193098947480217e-05
2.785606453920380735e-05
5.832045820053491153e-05
1.245750502649993897e-04
1.908296687763383435e-04
2.570842709603359086e-04
3.233388869362602757e-04
3.853133455390400641e-04
4.430077514980264959e-04
5.007020709982792006e-04
5.583964990172995534e-04
6.160908425594569015e-04
6.128582973247043326e-04
5.486988135482476735e-04
4.845393138773175599e-04
4.203798358879580477e-04
3.562204016045698862e-04
2.918812317718376360e-04
2.273626067384250415e-04
1.628438992866599764e-04
9.832520390484497197e-05
3.380655238427746013e-05
9.388921873218374463e-06
2.507232405484554203e-05
4.075581214059342187e-05
5.643926099421339634e-05
7.212270849678334807e-05
7.196797808143861892e-05
5.597511806523122838e-05
3.998224915878595387e-05
2.398930417530708377e-05
7.996484887012245059e-06
8.077248821210105889e-12
1.674070709228399745e-11
-9.702537308995997128e-13
5.587811157205833065e-11
2.017229040814781355e-11
1.382067237790821601e-08
4.156960730569023158e-08
6.923872745505758951e-08
9.692902695314777470e-08
1.246102862885072906e-07
1.246689925844809904e-07
9.693796964149799147e-08
6.926528607090140606e-08
4.156532028481712284e-08
1.389975154034767884e-08
7.532318695988125154e-07
2.259658427137939538e-06
3.766150778046130686e-06
5.272593465294770472e-06
6.779046810392759854e-06
2.533025587806183557e-04
7.448433827944932846e-04
1.236384140237765071e-03
1.727924869858588194e-03
2.219465635338493947e-03
2.218431354750451546e-03
