# bin_1_1
6.256678398058541357e-06
5.383864564081337208e-06
4.573444375363094911e-06
3.834748442998399498e-06
3.176176688086494670e-06
2.604007590843007187e-06
2.120420118324627054e-06
1.722002691282091520e-06
1.400013649010007485e-06
1.142180688093581770e-06
9.352048722536790102e-07
7.669866972159920751e-07
6.278953585442510149e-07
5.109442036030262547e-07
4.114827613896668526e-07
3.265963845871835530e-07
2.544576043468656638e-07
1.937405555883163301e-07
1.433525191508320590e-07
1.025346115801321010e-07
7.052966503769432869e-08
4.637501116453839684e-08
2.895870120012815557e-08
1.672556917102717386e-08
8.521787707265670247e-09
3.367932760950985006e-09
