# bin_3_3
7.561584205394198223e-05
6.262837410545298001e-05
5.156444379826425429e-05
4.238930765913972483e-05
3.492214485493283998e-05
2.889040730936974060e-05
2.399603879235128785e-05
1.996603685979700878e-05
1.658255111592407406e-05
1.368950201667669682e-05
1.118447742363369263e-05
9.005178251559682706e-06
7.115736251100108081e-06
5.495402589472238559e-06
4.130138007298556218e-06
3.006750292233977024e-06
2.109429726247786911e-06
1.418399858951990662e-06
9.117421226121427750e-07
5.593209339509861291e-07
3.129188056100932995e-07
1.478374861139296818e-07
5.153962600231234387e-08
4.025065940753569134e-09
-1.443976242601693722e-08
-1.819772894788579321e-08
