# bin_4_3
8.734279259806865757e-05
7.225822246529509877e-05
5.953626926755793122e-05
4.906222190637925029e-05
4.055986838147479647e-05
3.367187990284427459e-05
2.803970118398031101e-05
2.335427093600693697e-05
1.938015838282730765e-05
1.595496798568184790e-05
1.297561389053073062e-05
1.038119369790589425e-05
8.137189363410316577e-06
6.223013988300533103e-06
4.622984616615136215e-06
3.320051252869324706e-06
2.292765045891266313e-06
1.514359685775443031e-06
9.569356246770882265e-07
5.726773709690434960e-07
3.038779175275836890e-07
1.310028019492367016e-07
3.627845159601023728e-08
-6.807188715381203400e-09
-2.114441931478282954e-08
-2.197380465677770968e-08
