# bin_4_1
1.819878825590757928e-05
1.540088193569464199e-05
1.290987617413098604e-05
1.072884768814266477e-05
8.852698777542042719e-06
7.268492678744077646e-06
5.953570835216141876e-06
4.874835323728262645e-06
3.992744492732619065e-06
3.267665311709161945e-06
2.665320152954293115e-06
2.159417016155181437e-06
1.731460092606016641e-06
1.369058622984366193e-06
1.063846332324646363e-06
8.097850009593746837e-07
6.020635530715758228e-07
4.360150695023273994e-07
3.052495259677546582e-07
2.042866354346339474e-07
1.301002083775435425e-07
7.872817528457002422e-08
4.512449138507448744e-08
2.251868429785415614e-08
8.590490414052750053e-09
1.106856049796691644e-09
