# bin_3_1
1.627288418471689046e-05
1.378387273268768069e-05
1.154241021559147306e-05
9.567573404566256953e-06
7.867053332849939266e-06
6.436537548475570416e-06
5.258530373885841973e-06
4.302875659489489994e-06
3.531470647892625682e-06
2.905059705320697881e-06
2.389113017164416953e-06
1.956915967919026365e-06
1.589777593024072189e-06
1.275569923152239738e-06
1.006757711954780678e-06
7.785573944009601727e-07
5.876125339475059133e-07
4.310459601447171088e-07
3.062901573639993451e-07
2.093335121838546590e-07
1.357898149087583695e-07
8.329728816868105992e-08
4.827334134199176703e-08
2.461214326757610485e-08
9.902836271200843561e-09
1.856597542340005425e-09
