# bin_2_1
1.167360747887189818e-05
9.957543450039773935e-06
8.378143476368318766e-06
6.959015547830794856e-06
5.718070820107845895e-06
4.664004040244549408e-06
3.793270990816404418e-06
3.089643063132334569e-06
2.527702914903104561e-06
2.078459070509602608e-06
1.714660696007018951e-06
1.414140052315738690e-06
1.160792138063534492e-06
9.439382049152691445e-07
7.569961373850120285e-07
5.960757334377900981e-07
4.588586304461370981e-07
3.437276100663325073e-07
2.492350002293562410e-07
1.740925274648063394e-07
1.164889883713318205e-07
7.406136708940373046e-08
4.434224840390716517e-08
2.383514159330986924e-08
1.065940180158849818e-08
3.066233460460149589e-09
