# bin_4_4
1.142683624463250257e-04
9.478099739703156720e-05
7.853626691000903631e-05
6.519590010413914706e-05
5.428409658194355091e-05
4.529995694746225188e-05
3.779916793967831286e-05
3.142905971152631196e-05
2.593711715323387352e-05
2.115814419865184897e-05
1.699213425897483400e-05
1.338172743069722237e-05
1.029293354608636908e-05
7.700616802413749526e-06
5.578595838615990928e-06
3.894052044492919615e-06
2.606729788739584298e-06
1.670931671036663365e-06
1.018022919049820844e-06
5.641106039263385813e-07
2.653970798012304607e-07
9.250464572305666833e-08
7.690576222964897636e-09
-2.520916109998606467e-08
-3.198655027365842784e-08
-2.795736245086105601e-08
