# bin_2_2
2.661424855613988286e-05
2.241644332692365051e-05
1.863670532492487533e-05
1.532922384808853170e-05
1.252095681775011418e-05
1.020348157462737622e-05
8.332964052070226789e-06
6.839481919193310352e-06
5.643583275841614534e-06
4.671609380231275592e-06
3.864618587076385433e-06
3.180551480467834353e-06
2.592004743912315758e-06
2.082377117761612282e-06
1.642084002012949555e-06
1.265508785929774084e-06
9.488565045884427998e-07
6.887318468921254608e-07
4.812943065169354660e-07
3.219074493878714340e-07
2.053670456589244987e-07
1.237436397871737776e-07
6.742207610589042520e-08
3.037056988781776832e-08
9.099906025755181815e-09
-1.076254302459150065e-09
