# bin_3_2
3.891261705775393584e-05
3.253744522443124661e-05
2.688725475937017706e-05
2.203274726794099222e-05
1.798631398769740805e-05
1.469699079578759900e-05
1.206322406110555376e-05
9.957426803785421972e-06
8.253773648639401225e-06
6.847123846610479038e-06
5.659888856335879936e-06
4.640188380710671490e-06
3.755989390602919709e-06
2.988708874482233298e-06
2.327822510434456852e-06
1.766851501051970250e-06
1.300687979811961558e-06
9.237183693341824251e-07
6.289919802436919666e-07
4.090928809386754376e-07
2.541381153511336595e-07
1.457646818084985229e-07
7.206041610317413026e-08
2.693361425563806483e-08
3.628930416134586661e-09
-5.902653877914997792e-09
