# bin_4_2
4.056353648168923681e-05
3.386665688213355059e-05
2.794983504462794714e-05
2.288532255872420212e-05
1.868043439345100316e-05
1.527342736230491503e-05
1.254986824068621685e-05
1.037099373254214177e-05
8.603609783101259936e-06
7.138960679345579222e-06
5.898365514466041109e-06
4.830080078746267871e-06
3.902577117067938415e-06
3.097734369095411120e-06
2.405290668825401951e-06
1.818769951650749375e-06
1.332920056494463839e-06
9.415971543219049854e-07
6.363931805449279437e-07
4.106909397506704542e-07
2.536435321416856241e-07
1.433724456174551435e-07
6.870827014003185304e-08
2.387032558200223325e-08
1.462465289674165621e-09
-7.180723151971694349e-09
