# bin_4_4
-5.100009089455771746e-10
-5.222601789630688103e-10
-5.365041709499316551e-10
-5.530399171092164896e-10
-5.722196006191496429e-10
-5.944446067758602084e-10
-6.201713923655949265e-10
-6.499198798650404667e-10
-6.842790518583258135e-10
-7.239152838457967424e-10
-7.695813883115130585e-10
-8.221239897792577963e-10
-8.824862596453942957e-10
-9.516971244871890124e-10
-1.030861045497300878e-09
-1.121210831474124644e-09
-1.224126127060186783e-09
-1.341069654655625702e-09
-1.473545157667586927e-09
-1.623078162474049252e-09
-1.791176474369447379e-09
-1.979429202288477688e-09
-2.189371955144875702e-09
-2.422355731844756800e-09
-2.679691590089300897e-09
-2.962442001717741639e-09
-3.271025093624683804e-09
-3.604810881674499635e-09
-3.962218218755299068e-09
-4.339843781862393492e-09
-4.731567943633796525e-09
-5.128428345101009311e-09
-5.517733846592198392e-09
-5.882665568994002200e-09
-6.201986110410098203e-09
-6.450168297248508333e-09
-6.598097443154273318e-09
-6.615113407573423085e-09
-6.473677979356838971e-09
-6.157593949026865901e-09
-5.673679115967385330e-09
-5.063469231550159394e-09
-4.405919817913884870e-09
-3.799992165345397385e-09
-3.312295870902231779e-09
-2.942884129645550697e-09
-2.598917092978218320e-09
-2.166499038724184932e-09
-1.694901663916531829e-09
-1.349272884754086818e-09
-1.131175424574046658e-09
-8.992829739588097075e-10
-7.009012773547446887e-10
-5.620310164281683194e-10
-4.396285583528701499e-10
-3.477582566651404003e-10
-2.745481734838359799e-10
-2.178302755369086887e-10
-1.738652510852310310e-10
-1.398080644069635300e-10
-1.133800828103139564e-10
-9.276329510978552439e-11
-7.652534248618453541e-11
-6.355694030851035016e-11
-5.300237055796890735e-11
-4.422102938997058037e-11
-3.675537048563652950e-11
-3.030195454619146047e-11
-2.468242808812941374e-11
-1.980841312362589285e-11
-1.564138507949190359e-11
-1.215750954797789409e-11
-9.320600234996493673e-12
-7.070160330035201892e-12
-5.324768373381782296e-12
-3.993371854814942650e-12
-2.988186058092545984e-12
-2.233791065003100358e-12
-1.670000344325440178e-12
-1.250604062314471694e-12
-9.410310439637073181e-13
-7.115576882032944904e-13
-5.386370749954226809e-13
-4.076586039049918399e-13
-3.084496783845824224e-13
-2.333286578564741705e-13
-1.764651576255309142e-13
-1.334348480841324356e-13
-1.008818294544321854e-13
-7.626158857665348423e-14
-5.764574322497507951e-14
-4.357327705559010113e-14
-3.293750942923893061e-14
-2.490062025112804297e-14
-1.882850279762660632e-14
-1.424133029025449261e-14
-1.077649884994393733e-14
-8.160292122800875425e-15
-6.185310652280251555e-15
-4.694253207004391747e-15
