# bin_3_1
-2.290967711089598217e-09
-2.348963109464892438e-09
-2.416442716011600301e-09
-2.494904725196452494e-09
-2.586065787600388340e-09
-2.691887222319375063e-09
-2.814601440703633313e-09
-2.956739464683533790e-09
-3.121157163981019044e-09
-3.311058371347100765e-09
-3.530013722650143085e-09
-3.781945574818353609e-09
-4.071144476388698776e-09
-4.402233841585463439e-09
-4.780130049089274693e-09
-5.209939573455385139e-09
-5.696719736287584284e-09
-6.245289369670672861e-09
-6.859926970530195739e-09
-7.544021009512508884e-09
-8.299766638825801503e-09
-9.127256736025615253e-09
-1.002383088023403949e-08
-1.098351308201470087e-08
-1.199581666746540145e-08
-1.304417865604711288e-08
-1.410579461716816811e-08
-1.515086863193974858e-08
-1.614111656717213585e-08
-1.703084113515609858e-08
-1.776892892559380261e-08
-1.830278031925870320e-08
-1.858505603179047858e-08
-1.858200022187907672e-08
-1.828121651579147800e-08
-1.769442440679389488e-08
-1.685127959192841751e-08
-1.578042821564843130e-08
-1.449708848551589456e-08
-1.301023328336077919e-08
-1.136617706816659689e-08
-9.715751362712086934e-09
-8.276874202161158112e-09
-7.151897228879992436e-09
-6.243350607551370006e-09
-5.315461284020488289e-09
-4.288504950450133236e-09
-3.370926172638135151e-09
-2.758111720551554842e-09
-2.272523559333269745e-09
-1.787985161421166492e-09
-1.435162307977465634e-09
-1.150813692893853299e-09
-9.216372531534051104e-10
-7.423420832763648032e-10
-6.006789523903475679e-10
-4.888336064277455711e-10
-4.001737533849468651e-10
-3.293465821512968237e-10
-2.722073968884305504e-10
-2.255875074602751992e-10
-1.871076720857710436e-10
-1.549993102291069901e-10
-1.279393638585961571e-10
-1.049517280939674195e-10
-8.533016814191858703e-11
-6.858478764369494511e-11
-5.438959394400308812e-11
-4.251741680443132990e-11
-3.277546763554844520e-11
-2.495841411162493058e-11
-1.882521862084754004e-11
-1.410682164916861968e-11
-1.053087402241909576e-11
-7.846226023543800945e-12
-5.840219662723840138e-12
-4.345314554717560063e-12
-3.234062698835670181e-12
-2.411818740694528909e-12
-1.805982369467281610e-12
-1.355477061270115833e-12
-1.017449473038105878e-12
-7.635587593853808749e-13
-5.729120214371194273e-13
-4.297916837746489240e-13
-3.223752167738105383e-13
-2.417735261023070275e-13
-1.813052376543198119e-13
-1.359500268064874144e-13
-1.019369423293579987e-13
-7.643418259347495300e-14
-5.731625525424065698e-14
-4.298890321707952361e-14
-3.225663533537597144e-14
-2.422505869690495579e-14
-1.822928871296729899e-14
-1.378805537376664704e-14
-1.057566438420344726e-14
-8.273807506401352127e-15
-6.602295829456162427e-15
