# bin_6_1
-3.571224648610127431e-10
-3.640877609351171674e-10
-3.720984877013155686e-10
-3.812894911579856867e-10
-3.918068860729842531e-10
-4.038062239531442676e-10
-4.174512347147837423e-10
-4.329088555133264963e-10
-4.503452459259739105e-10
-4.699203974063591523e-10
-4.917822558228837678e-10
-5.160576279000857587e-10
-5.428419749181516860e-10
-5.721615613033355910e-10
-6.039981600600843891e-10
-6.382708442706736647e-10
-6.748510977183877580e-10
-7.134892934214870461e-10
-7.536498787589191583e-10
-7.946537398344337559e-10
-8.357165137226761462e-10
-8.760723779740878645e-10
-9.146254494852943825e-10
-9.499897431438194705e-10
-9.809476541285902530e-10
-1.006309961501521657e-09
-1.024751375534275158e-09
-1.035382649876563366e-09
-1.037427574142713587e-09
-1.030583952568787255e-09
-1.014971757477062988e-09
-9.911819741995113608e-10
-9.601631191078544452e-10
-9.230290008879763796e-10
-8.808076695403247145e-10
-8.343779876892073773e-10
-7.844706683833907476e-10
-7.316095812807711090e-10
-6.760789487324464022e-10
-6.171433592084520295e-10
-5.534024933863732024e-10
-4.862134900390224058e-10
-4.198886728039526502e-10
-3.582074873454103061e-10
-3.039557505072757408e-10
-2.595442235384162852e-10
-2.228248623820641151e-10
-1.885710937391319722e-10
-1.547274433900919879e-10
-1.235902450117427746e-10
-9.972087881597943226e-11
-8.220630016997177636e-11
-6.590533263949907194e-11
-5.260506416424403277e-11
-4.245327079915960446e-11
-3.392628453143883134e-11
-2.724622973768349007e-11
-2.186913609395234039e-11
-1.757598296707092867e-11
-1.414219894908410938e-11
-1.139172450206855498e-11
-9.185384822186529468e-12
-7.412919348368556192e-12
-5.986448123584933009e-12
-4.835823970251838042e-12
-3.904434429101970769e-12
-3.146925860773230821e-12
-2.527571098103181284e-12
-2.018917268550937736e-12
-1.600427515614848415e-12
-1.256969785179221323e-12
-9.771701947139902236e-13
-7.519669638893150067e-13
-5.734434539859362885e-13
-4.341459304925301515e-13
-3.269997550945723006e-13
-2.455273731548211365e-13
-1.840547936749482015e-13
-1.379059968681260064e-13
-1.034031450304028777e-13
-7.768813978270281287e-14
-5.858493986434617413e-14
-4.432126663163347364e-14
-3.355912757572677234e-14
-2.541204886623387493e-14
-1.924265943086415086e-14
-1.457169707726902847e-14
-1.103645593706133714e-14
-8.361873097701807349e-15
-6.339378997642980113e-15
-4.811122678926184668e-15
-3.657407830382397168e-15
-2.787777038148392637e-15
-2.133684770222702850e-15
-1.642986597786137523e-15
-1.275185399431216456e-15
-1.000347388258986596e-15
-7.975751139883906370e-16
-6.472771323489800364e-16
-5.359613397397198717e-16
