# bin_5_3
-1.283206127931266456e-09
-1.317438417054231731e-09
-1.357369872445868306e-09
-1.403937424601182332e-09
-1.458228506454875555e-09
-1.521504356980219547e-09
-1.595226824509291131e-09
-1.681089083600470157e-09
-1.781050773509029699e-09
-1.897378204566533457e-09
-2.032689619408295272e-09
-2.190003218337852067e-09
-2.372791462977156948e-09
-2.585045177766279319e-09
-2.831328415014299114e-09
-3.116798683826717574e-09
-3.447259051292575226e-09
-3.829185019567800439e-09
-4.269637197342812655e-09
-4.776241350487307874e-09
-5.357096391834595490e-09
-6.020584329047785208e-09
-6.775169547674489805e-09
-7.629017068593891562e-09
-8.589587353563308266e-09
-9.663047321034270342e-09
-1.085343611350786075e-08
-1.216038334990325789e-08
-1.357808787868575669e-08
-1.509673620285719573e-08
-1.669598408702611808e-08
-1.834504167518113878e-08
-2.000054520021646871e-08
-2.160340775382972884e-08
-2.307744157183280667e-08
-2.432777698880356075e-08
-2.524203679985154470e-08
-2.569579679238760441e-08
-2.556607417968580993e-08
-2.475684829131726797e-08
-2.323956194825378547e-08
-2.110175866458512248e-08
-1.858075870802514444e-08
-1.604547918264252769e-08
-1.387675309921867646e-08
-1.221831348314246076e-08
-1.093810526254400345e-08
-9.473619337538272202e-09
-7.595763328276302001e-09
-5.858404171947075339e-09
-4.836717839957325046e-09
-4.026614099989740147e-09
-3.073485119610324393e-09
-2.462488342973032593e-09
-1.932547080588515153e-09
-1.520136645292506089e-09
-1.191968101061376521e-09
-9.408451244710914207e-10
-7.450773339288653104e-10
-5.938877143747632908e-10
-4.772029781246258397e-10
-3.869028305601293536e-10
-3.165721338387550751e-10
-2.612103063520812893e-10
-2.169667379751924581e-10
-1.808881934704009082e-10
-1.507923215773854244e-10
-1.251381904444107416e-10
-1.029267553962953760e-10
-8.359159149841939690e-11
-6.686074412620662192e-11
-5.261651000872987994e-11
-4.077519452867655715e-11
-3.119210048160498813e-11
-2.363326463769581367e-11
-1.779687660957970716e-11
-1.335710049615476811e-11
-1.000876794462185503e-11
-7.496947640178482846e-12
-5.620155758991523663e-12
-4.226871458556856857e-12
-3.199613509960717425e-12
-2.429308556521848839e-12
-1.844242430176852926e-12
-1.399665021470444952e-12
-1.061967544906646048e-12
-8.055452392154404283e-13
-6.109008473097199001e-13
-4.631953398269958022e-13
-3.511404629885970395e-13
-2.661530338189295161e-13
-2.017095560580669632e-13
-1.528540168972936196e-13
-1.158226874509224177e-13
-8.775827934076699402e-14
-6.649228484344732344e-14
-5.037952892210749418e-14
-3.817232152993648084e-14
-2.892462221018419964e-14
-2.191924226201589338e-14
