# bin_3_3
-1.473845368830768919e-09
-1.512938246965036913e-09
-1.558531788571498069e-09
-1.611692525158771965e-09
-1.673657732421879997e-09
-1.745861639809106849e-09
-1.829965185453668649e-09
-1.927889626765315854e-09
-2.041853838419594594e-09
-2.174416814403657788e-09
-2.328525645678542005e-09
-2.507561367680865228e-09
-2.715380464670953021e-09
-2.956348965444076743e-09
-3.235392172710664126e-09
-3.558006147508467282e-09
-3.930207698711171033e-09
-4.358519033094613760e-09
-4.849905720297310029e-09
-5.411638471378237735e-09
-6.051137984880401545e-09
-6.775671352375802562e-09
-7.592015372822470803e-09
-8.506017938650921653e-09
-9.521929089491991884e-09
-1.064099493698074295e-08
-1.185969696535796647e-08
-1.317073599987865376e-08
-1.455999823813155264e-08
-1.600361279721764688e-08
-1.746804039290114024e-08
-1.890698401939238591e-08
-2.026027495107927704e-08
-2.145249239772946259e-08
-2.239301856203223126e-08
-2.297857187873791893e-08
-2.310076603787699834e-08
-2.266182405084352805e-08
-2.160284705241936432e-08
-1.994411350523173000e-08
-1.782559609083754426e-08
-1.551957385512612096e-08
-1.337768001153225232e-08
-1.165084762138216451e-08
-1.034772590403382870e-08
-9.165545225891770372e-09
-7.669790659309057984e-09
-6.003181540229899320e-09
-4.761847303517557451e-09
-4.006312251946196218e-09
-3.202009089360788808e-09
-2.488746427658024348e-09
-2.010451788824734064e-09
-1.574053491097676525e-09
-1.253442957763717543e-09
-9.941238039598513669e-10
-7.936336973127614215e-10
-6.379124452606837535e-10
-5.168537445037379168e-10
-4.224889177173944824e-10
-3.484220412422916504e-10
-2.896028514406669632e-10
-2.421171703031505740e-10
-2.029539258649559786e-10
-1.698867585475936659e-10
-1.413697210791424819e-10
-1.164303976557161999e-10
-9.455401266603087702e-11
-7.553688858769669536e-11
-5.931748033038003479e-11
-4.583705018630897519e-11
-3.494693059783216474e-11
-2.638080759210653326e-11
-1.978745680538091243e-11
-1.478811337190710587e-11
-1.103020308979970201e-11
-8.218778382483585512e-12
-6.123164718888994243e-12
-4.567465875551316046e-12
-3.421551657521829817e-12
-2.575489132196496234e-12
-1.940515060720097024e-12
-1.461762326054698652e-12
-1.100848671747565355e-12
-8.288537549675937798e-13
-6.239314946514560214e-13
-4.695847201866847918e-13
-3.533608472558930492e-13
-2.658641241091568718e-13
-2.000080047737059445e-13
-1.504495579984421917e-13
-1.131618662733578472e-13
-8.511089024003926039e-14
-6.401134450451721094e-14
-4.814247251201610942e-14
-3.620914397515115343e-14
-2.723722038185469836e-14
-2.049465270328050780e-14
-1.542854641179971838e-14
-1.162110352552188947e-14
