# bin_1_4
-2.979546210271959186e-09
-3.052108816945048947e-09
-3.136428824715551749e-09
-3.234321229937624330e-09
-3.347849582630036437e-09
-3.479355026733025620e-09
-3.631479673097831858e-09
-3.807188925408135909e-09
-4.009773611906982652e-09
-4.242834654817260576e-09
-4.510244871878213163e-09
-4.816112259029320059e-09
-5.164843825017798137e-09
-5.561003865954014159e-09
-6.009224271616813277e-09
-6.514065741170846108e-09
-7.079428278119686548e-09
-7.708041507461945281e-09
-8.401232991099103245e-09
-9.158656820646098151e-09
-9.977600607437068538e-09
-1.085111989829467041e-08
-1.176729071872332294e-08
-1.270886366554210024e-08
-1.365142566244231691e-08
-1.456182955775910409e-08
-1.539850468205363540e-08
-1.611107537189826454e-08
-1.664238587541539809e-08
-1.693288870640261889e-08
-1.692786078840892296e-08
-1.658779040158830463e-08
-1.590016530029907362e-08
-1.489018451800095617e-08
-1.362522200117789779e-08
-1.220871416554510040e-08
-1.076268711432674307e-08
-9.393413024606177515e-09
-8.158434056760164545e-09
-7.049544140275268207e-09
-6.022966326431165565e-09
-5.061162657466482460e-09
-4.178294937803417888e-09
-3.397098675670015237e-09
-2.739376080562086201e-09
-2.221940473838427518e-09
-1.801797974070132254e-09
-1.446328545248271995e-09
-1.166801863336751007e-09
-9.445626967714407870e-10
-7.677366666542454299e-10
-6.282971928072331251e-10
-5.178810970968062712e-10
-4.300649007599869451e-10
-3.595902575493638181e-10
-3.022209152225420961e-10
-2.546889853167871722e-10
-2.145382337153400011e-10
-1.800062490046376464e-10
-1.499145503410658813e-10
-1.235397970226249147e-10
-1.004859423338237194e-10
-8.055019396077587527e-11
-6.360245702141870001e-11
-4.949603363048741032e-11
-3.801885539077765349e-11
-2.888583966508586539e-11
-2.176119984373949053e-11
-1.629315306885897040e-11
-1.214751269092485948e-11
-9.031095553060997220e-12
-6.701914309718200214e-12
-4.968462690341016389e-12
-3.682944430665433309e-12
-2.731959686334024530e-12
-2.029113621061959607e-12
-1.509321870476159879e-12
-1.123603820704568376e-12
-8.365303318704901296e-13
-6.227333567896339028e-13
-4.635234886880390855e-13
-3.449823855214564491e-13
-2.567346426641326484e-13
-1.910471680347626224e-13
-1.421586506037032604e-13
-1.057779462643291982e-13
-7.870838633871498668e-14
-5.856952164928263445e-14
-4.358863555917134879e-14
-3.244620439719254989e-14
-2.415976043899244187e-14
-1.800020200745599195e-14
-1.343139525441447722e-14
-1.005758645333239701e-14
-7.589551367852177275e-15
-5.824090064923661465e-15
-4.622868341052258821e-15
-3.895955430497708457e-15
-3.502143780904086127e-15
-3.342750103615254191e-15
