# bin_3_4
-5.758321645041432662e-10
-5.902136802439388986e-10
-6.069454335504265577e-10
-6.263992403776998222e-10
-6.490018775517536627e-10
-6.752422832790447192e-10
-7.056790938813256837e-10
-7.409490641589961470e-10
-7.817758240157009547e-10
-8.289789749670242892e-10
-8.834841775385610729e-10
-9.463228618848329935e-10
-1.018646820682488828e-09
-1.101727164141804835e-09
-1.196962312035439324e-09
-1.305868023132053038e-09
-1.430018137483568280e-09
-1.571027105768959432e-09
-1.730515631383419983e-09
-1.910065499699448902e-09
-2.111182702890925285e-09
-2.335064004392802234e-09
-2.582513955701203019e-09
-2.853872759302783194e-09
-3.148726257080387477e-09
-3.465436794658197256e-09
-3.800954346606159767e-09
-4.150848277545823967e-09
-4.508574901496528737e-09
-4.865199673814927713e-09
-5.209602940635918410e-09
-5.528348393966637410e-09
-5.806074573429505170e-09
-6.025818727196085311e-09
-6.169389849742485323e-09
-6.217684662759108967e-09
-6.151408247294190700e-09
-5.952830098674809549e-09
-5.611278722759182290e-09
-5.133028663828071347e-09
-4.553772135188360793e-09
-3.944478226640944628e-09
-3.393643438121055411e-09
-2.954428813863284573e-09
-2.615444033644790816e-09
-2.288849483489075711e-09
-1.891587498457412081e-09
-1.482730250425360450e-09
-1.191451400602616056e-09
-9.952615662639104450e-10
-7.892139321740170124e-10
-6.214883753481695123e-10
-4.995584402649551098e-10
-3.940314003136103450e-10
-3.143752327419567028e-10
-2.506954480845092499e-10
-2.011241219570224231e-10
-1.624174278806725095e-10
-1.321280523356466800e-10
-1.083194849720022632e-10
-8.945205740246242998e-11
-7.432008273081108928e-11
-6.199528810610259908e-11
-5.176647084591695505e-11
-4.310889932537756012e-11
-3.565702242178996938e-11
-2.917879425729682185e-11
-2.354685250632055916e-11
-1.870205627607669134e-11
-1.461398339632640107e-11
-1.124959531077368231e-11
-8.553740847665617095e-12
-6.445947736361473856e-12
-4.829973540383836655e-12
-3.607420305737969108e-12
-2.689512910994342244e-12
-2.003336430091090865e-12
-1.492184960416177593e-12
-1.113120640005244895e-12
-8.339422411725341521e-13
-6.272673892893438517e-13
-4.721644114550950924e-13
-3.553613617380298271e-13
-2.673953671635226200e-13
-2.011622224259477701e-13
-1.513061899926337106e-13
-1.137875819374183204e-13
-8.556023574004802791e-14
-6.432800346027497030e-14
-4.836074624517429000e-14
-3.635521285102333366e-14
-2.733014178525223441e-14
-2.054707071665120211e-14
-1.545038217877893839e-14
-1.162242288247755129e-14
-8.749814545880968354e-15
-6.598231298660286691e-15
-4.992901929656519692e-15
-3.796017860282478560e-15
-2.900825547239941212e-15
