# bin_5_2
-1.694066483130134836e-10
-1.736477403020589111e-10
-1.785800696599838618e-10
-1.843122913238936507e-10
-1.909689357309486172e-10
-1.986924077140948263e-10
-2.076451954455462063e-10
-2.180122754658221673e-10
-2.300037596282003638e-10
-2.438578247388829686e-10
-2.598439384569347671e-10
-2.782662799788656230e-10
-2.994674963337589532e-10
-3.238327921015021090e-10
-3.517925312125503412e-10
-3.838226031658447587e-10
-4.204456278814245018e-10
-4.622259145583530362e-10
-5.097550617770757670e-10
-5.636495146829542061e-10
-6.245297012238059829e-10
-6.930087983361211299e-10
-7.696662829714266965e-10
-8.550047891098258421e-10
-9.493977943597086971e-10
-1.053023098787292533e-09
-1.165759553182307721e-09
-1.287042014483757526e-09
-1.415792970707081354e-09
-1.550427128218870478e-09
-1.688476744301298963e-09
-1.826588735639541977e-09
-1.960326399135894130e-09
-2.083934196081124681e-09
-2.190225228950355204e-09
-2.270654286123186546e-09
-2.315855626961088642e-09
-2.316658759549918620e-09
-2.265559816554966670e-09
-2.158492995184373452e-09
-1.997407248887231956e-09
-1.793522954736041349e-09
-1.569140672968662615e-09
-1.354298749346093441e-09
-1.174452706662104842e-09
-1.033231262744211580e-09
-9.110818103716828748e-10
-7.720339230685009897e-10
-6.152463015900518404e-10
-4.826541018671050963e-10
-3.982369868978851852e-10
-3.254901571097229092e-10
-2.514064930396550118e-10
-2.012288776377933759e-10
-1.582206557368410844e-10
-1.249875898780335024e-10
-9.855284685117147380e-11
-7.821885799252297453e-11
-6.236484991538116814e-11
-5.006575697785317089e-11
-4.051036463578640662e-11
-3.304871190603099437e-11
-2.717020152553773278e-11
-2.247982968779545875e-11
-1.867584934908818874e-11
-1.553093450801964863e-11
-1.288048918986914394e-11
-1.061127278531590176e-11
-8.651620101530589784e-12
-6.960797398956321119e-12
-5.517056255380788253e-12
-4.306687135732630134e-12
-3.315567340894205039e-12
-2.523878327155834007e-12
-1.905707875947545439e-12
-1.431708480017179887e-12
-1.072706327664752124e-12
-8.027515837579697043e-13
-6.007175257085611498e-13
-4.501469724417638945e-13
-3.385472333720996239e-13
-2.559916344931904852e-13
-1.939857061944330010e-13
-1.469784824807493586e-13
-1.113328238137901913e-13
-8.431169918481206048e-14
-6.383492150801274899e-14
-4.832211765135225117e-14
-3.657317116179393836e-14
-2.767712929304118134e-14
-2.094281467486979294e-14
-1.584604599719757038e-14
-1.198951467326451330e-14
-9.072159814481935634e-15
-6.865840480484143136e-15
-5.197437905037826557e-15
-3.935795186971400337e-15
-2.982120003078674074e-15
-2.261956927938564794e-15
-1.719560230904016491e-15
