# bin_1_3
-1.522170800724998965e-09
-1.560185106214009121e-09
-1.604405136789077292e-09
-1.655805090064188532e-09
-1.715498246034324277e-09
-1.784754143178766069e-09
-1.865014112600670178e-09
-1.957906672606847879e-09
-2.065255272377209735e-09
-2.189079152126206337e-09
-2.331584866469803568e-09
-2.495157084258400772e-09
-2.682385076231212392e-09
-2.896007711990134665e-09
-3.138873741132018228e-09
-3.413876501603312522e-09
-3.723706920666262641e-09
-4.070621789643620879e-09
-4.456292898769775859e-09
-4.881615888361377163e-09
-5.346348869066809969e-09
-5.848248297659006301e-09
-6.382582652044479573e-09
-6.941821494294546938e-09
-7.514590801320476437e-09
-8.084703636465526820e-09
-8.630918483649556082e-09
-9.126309244259333733e-09
-9.538579588352833996e-09
-9.831390678948889635e-09
-9.967200219449491264e-09
-9.912258170954586041e-09
-9.643794869079147625e-09
-9.158808167936219166e-09
-8.482017445602020530e-09
-7.668783768346590140e-09
-6.798580390347109582e-09
-5.953270316721418602e-09
-5.189066614402945653e-09
-4.513958037407993101e-09
-3.895436785880020901e-09
-3.305414959010350189e-09
-2.742089041988952322e-09
-2.230538218626615034e-09
-1.801273490736973218e-09
-1.466118752391803199e-09
-1.189963342389714743e-09
-9.529469687693964215e-10
-7.670137562059154914e-10
-6.188717983950938451e-10
-5.010786073277715265e-10
-4.078133325070667264e-10
-3.344087873686763017e-10
-2.762292157900968695e-10
-2.299736881644080321e-10
-1.926954672115667620e-10
-1.621991684741089893e-10
-1.367553963757440076e-10
-1.150903770670223136e-10
-9.631920025426110331e-11
-7.987426141323509880e-11
-6.543437839877245872e-11
-5.284258407404372905e-11
-4.202417613964856101e-11
-3.291746205010269454e-11
-2.542783365011652704e-11
-1.941067287788119828e-11
-1.467886165775123009e-11
-1.102359100076440016e-11
-8.238010151878149567e-12
-6.135434945415239848e-12
-4.558789001703226711e-12
-3.382216126931686335e-12
-2.507888035562480682e-12
-1.860418266503155993e-12
-1.381920460051290222e-12
-1.028222801464896309e-12
-7.657871749626122808e-13
-5.704390786079397008e-13
-4.249213415266137282e-13
-3.165263630371584738e-13
-2.357707030198716409e-13
-1.756027282832056013e-13
-1.307774907307024030e-13
-9.738727052078879270e-14
-7.251849660401014201e-14
-5.399875561500438080e-14
-4.020877220080372303e-14
-2.994166742686793282e-14
-2.229822761783214780e-14
-1.660844627317727160e-14
-1.237377154417509645e-14
-9.224556963897475286e-15
-6.886480859169916060e-15
-5.157576921684520408e-15
-3.894924163772604051e-15
-3.004408891459536292e-15
-2.433901557314570438e-15
-2.107378009250505524e-15
-1.967754876123810049e-15
