# bin_2_2
-8.287583052463527266e-09
-8.507636525365115379e-09
-8.764258867248699902e-09
-9.063429657570254697e-09
-9.412071260649393417e-09
-9.818184296224082455e-09
-1.029099677098316249e-08
-1.084112441295183443e-08
-1.148073634143507237e-08
-1.222371852813670610e-08
-1.308582911703386959e-08
-1.408483934670859471e-08
-1.524062690216592195e-08
-1.657518263565493523e-08
-1.811253458597807300e-08
-1.987857942950535754e-08
-2.190071879687197522e-08
-2.420726724148946588e-08
-2.682659897560229178e-08
-2.978591978564840024e-08
-3.310960443188976110e-08
-3.681667733371655287e-08
-4.091722831745819611e-08
-4.540848109639674652e-08
-5.026968960983648755e-08
-5.545775163819859809e-08
-6.090082481273089950e-08
-6.648772304617792736e-08
-7.206343416368602095e-08
-7.742168125687150036e-08
-8.229992175924582434e-08
-8.637976759694686505e-08
-8.929575404937400248e-08
-9.065993016821178665e-08
-9.010981329430073809e-08
-8.738640176474047826e-08
-8.244081349705905060e-08
-7.554556633085386930e-08
-6.735867088761392042e-08
-5.885070984353929228e-08
-5.102053875731238756e-08
-4.447132238433572559e-08
-3.900385382438950583e-08
-3.383363450210929869e-08
-2.826802672713260173e-08
-2.270129156315758684e-08
-1.814344815231893020e-08
-1.484711003538919290e-08
-1.206578041647638046e-08
-9.530922461988692950e-09
-7.634139216334552711e-09
-6.102320113988510179e-09
-4.881825074114538275e-09
-3.926246530227637843e-09
-3.177664728017533184e-09
-2.590858318502976228e-09
-2.130336339861273683e-09
-1.766407498052455498e-09
-1.475442547250012835e-09
-1.238923626119230806e-09
-1.042654065105677210e-09
-8.761505399049031244e-10
-7.320712934934845039e-10
-6.057604765683938240e-10
-4.946672834485182385e-10
-3.976827563676436074e-10
-3.144256101248404818e-10
-2.445983900504124984e-10
-1.875582216040387649e-10
-1.421638868285649875e-10
-1.068537866504071778e-10
-7.987148198630656175e-11
-5.950254855793829796e-11
-4.423884412800464765e-11
-3.285109615798805353e-11
-2.438582482292984677e-11
-1.811806430186527785e-11
-1.349427629120341888e-11
-1.008342916731867028e-11
-7.545997513412721240e-12
-5.646842939377690982e-12
-4.224786670153086646e-12
-3.160240758451939952e-12
-2.363521734124535023e-12
-1.767383707908678485e-12
-1.321422490610123029e-12
-9.878703473659032275e-13
-7.384370145088279327e-13
-5.519377673014548754e-13
-4.125132238114868323e-13
-3.082937972617218429e-13
-2.303982548436708918e-13
-1.721830754267613172e-13
-1.286796369823642725e-13
-9.617437746835672495e-14
-7.189794226203622328e-14
-5.379114755643016348e-14
-4.033389189788362502e-14
-3.040151013892425684e-14
-2.339642242278923271e-14
