# bin_5_4
-5.316746393677577087e-10
-5.455488569081239106e-10
-5.617162493157394923e-10
-5.805482153381791820e-10
-6.024740456562704320e-10
-6.279893767215288357e-10
-6.576658269593279077e-10
-6.921619384999326447e-10
-7.322356395336385302e-10
-7.787584521632067859e-10
-8.327315969556439267e-10
-8.953033611036267264e-10
-9.677881711920313078e-10
-1.051689897341657699e-09
-1.148723361297058301e-09
-1.260822441082762576e-09
-1.390154752241818141e-09
-1.539133304475908680e-09
-1.710380655992668810e-09
-1.906718930371899367e-09
-2.131137502483382908e-09
-2.386733776677482217e-09
-2.676642585564413259e-09
-3.003896805826600420e-09
-3.371277609694703216e-09
-3.781115139808605843e-09
-4.235005246171505764e-09
-4.733057797836081779e-09
-5.273269801988092483e-09
-5.852310157066101537e-09
-6.463226943436556845e-09
-7.095089886838412174e-09
-7.732390122943910292e-09
-8.353504580256968086e-09
-8.930031580104932857e-09
-9.426063599588267466e-09
-9.798676997628190488e-09
-1.000006800458592278e-08
-9.982309998084113252e-09
-9.705956658591181821e-09
-9.154564286533408637e-09
-8.353831238321721707e-09
-7.386857485539845915e-09
-6.390783845805587679e-09
-5.518674404526353081e-09
-4.843006285407063544e-09
-4.332143395459439088e-09
-3.784711825035960039e-09
-3.071251797082429210e-09
-2.367154641202672251e-09
-1.929834078107855080e-09
-1.620192676832540262e-09
-1.245872188376502740e-09
-9.877524394131481721e-10
-7.816562622698747504e-10
-6.112558528292381475e-10
-4.798772033953927164e-10
-3.780716604484926960e-10
-2.987029674240200975e-10
-2.374852981615043637e-10
-1.902768821459192460e-10
-1.537961078167949817e-10
-1.254530568473048541e-10
-1.032211603163587707e-10
-8.554140862629518140e-11
-7.121253594240144527e-11
-5.933943664536030025e-11
-4.928122687758218791e-11
-4.061166198853364071e-11
-3.307835785428856716e-11
-2.655283772637169212e-11
-2.097724079980934945e-11
-1.631744149836119168e-11
-1.252332574405028987e-11
-9.512995953688285705e-12
-7.177197678602041204e-12
-5.393996769741323246e-12
-4.046038307688958654e-12
-3.033179831334177249e-12
-2.275330481872057021e-12
-1.711541906698848360e-12
-1.295621547509685497e-12
-9.845447591025409075e-13
-7.482426371590680577e-13
-5.684898701309741542e-13
-4.317998740905018064e-13
-3.278930394356781276e-13
-2.489331422810992697e-13
-1.889492604614003002e-13
-1.433939968621444631e-13
-1.088057153887999932e-13
-8.255051452346654628e-14
-6.262523117262985319e-14
-4.750695867432695039e-14
-3.603810432393697524e-14
-2.733868763297151730e-14
-2.074048426521955789e-14
-1.573646384466481874e-14
-1.194179869574876266e-14
-9.064406852575122711e-15
