# bin_3_2
-3.286574726633240007e-09
-3.373635873049364882e-09
-3.475166719271911875e-09
-3.593537965253777268e-09
-3.731498115811234397e-09
-3.892230331281807692e-09
-4.079416490525210306e-09
-4.297309458634550210e-09
-4.550813826024928378e-09
-4.845575225470390999e-09
-5.188072311448486317e-09
-5.585695157551104296e-09
-6.046829379919872692e-09
-6.580934939379318020e-09
-7.198597963904259765e-09
-7.911495649858304464e-09
-8.732317028648277377e-09
-9.674677031505891960e-09
-1.075288724561597091e-08
-1.198163242666024916e-08
-1.337553293521160311e-08
-1.494841267313545684e-08
-1.671247352720869484e-08
-1.867718579813099740e-08
-2.084737887765659237e-08
-2.321954081505114483e-08
-2.578081486367428723e-08
-2.850854828072773132e-08
-3.136204167828410174e-08
-3.428111666179302732e-08
-3.718321455662095635e-08
-3.995928142291223564e-08
-4.247258114755394144e-08
-4.455844730960042330e-08
-4.602825775795001523e-08
-4.667979191866676976e-08
-4.631846945948311932e-08
-4.479488750698427697e-08
-4.206553194748755450e-08
-3.826911369915938757e-08
-3.378715575077883943e-08
-2.923001478401217613e-08
-2.524603862944695378e-08
-2.213556701278050106e-08
-1.968782944998580234e-08
-1.708146761459447964e-08
-1.387483866335461677e-08
-1.082679738026329841e-08
-8.833396357624310849e-09
-7.344377797377173178e-09
-5.746987025678066941e-09
-4.566113255514439119e-09
-3.645194092142545153e-09
-2.880893545575873566e-09
-2.294289058354707047e-09
-1.831459511893742425e-09
-1.470901057576244301e-09
-1.190326751303421952e-09
-9.714312308961564368e-10
-7.997142449272399638e-10
-6.636634772233006339e-10
-5.542677359462975485e-10
-4.646079492711952842e-10
-3.894563749450024668e-10
-3.250773181513350644e-10
-2.690043805339984612e-10
-2.198135441690353585e-10
-1.768484574925103643e-10
-1.398866442080935384e-10
-1.088172743825780081e-10
-8.341022350234843280e-11
-6.319851427287454802e-11
-4.750071173932477179e-11
-3.552763644427167392e-11
-2.650028051581782198e-11
-1.973684801757815419e-11
-1.468925454112971339e-11
-1.093493960025332853e-11
-8.157427581631193265e-12
-6.114734481637376294e-12
-4.598076136436345418e-12
-3.458351007300398286e-12
-2.600474029254261811e-12
-1.954942002299756066e-12
-1.469339342509680135e-12
-1.104145263336363597e-12
-8.295742263830593973e-13
-6.231869073131299690e-13
-4.680848558232465330e-13
-3.515469519916068178e-13
-2.640000195247104790e-13
-1.982422133618937602e-13
-1.488573353087092827e-13
-1.117732215593628469e-13
-8.392933945376281531e-14
-6.302711361604079829e-14
-4.734317357667319357e-14
-3.559017174879526930e-14
-2.679244591781098996e-14
-2.020797437849950302e-14
