# bin_4_1
-1.216094015846911024e-09
-1.242471712972700922e-09
-1.272961490712331068e-09
-1.308142115746006696e-09
-1.348660812329446757e-09
-1.395229388778386709e-09
-1.448623455933863847e-09
-1.509686707774009627e-09
-1.579318491147079868e-09
-1.658465836611080569e-09
-1.748111183116546431e-09
-1.849243917698606731e-09
-1.962802067951488664e-09
-2.089558920701409989e-09
-2.230019086789191330e-09
-2.384544093208814686e-09
-2.553337850310439159e-09
-2.736163353473170529e-09
-2.932129480048312772e-09
-3.139563615401921204e-09
-3.355907308326674063e-09
-3.578182319183625819e-09
-3.802648344390088162e-09
-4.024626804834968082e-09
-4.239558995258099747e-09
-4.442938469119290433e-09
-4.630315017405093821e-09
-4.797812969933220670e-09
-4.941688741827858941e-09
-5.057831273425071368e-09
-5.141220195889629746e-09
-5.185793646029696493e-09
-5.184590211167383131e-09
-5.130881559789028297e-09
-5.020400248232386820e-09
-4.853678364023214457e-09
-4.635793621740302158e-09
-4.372296228351150947e-09
-4.065228547573265894e-09
-3.711033864010350265e-09
-3.306792066991245739e-09
-2.869274742964492872e-09
-2.444275051649749936e-09
-2.081697131051850511e-09
-1.795936826150869130e-09
-1.565774559003944373e-09
-1.333491414328382602e-09
-1.076158426896629448e-09
-8.459211694007538148e-10
-6.930799079348156582e-10
-5.724473974897623586e-10
-4.498001196624605808e-10
-3.615705102369493717e-10
-2.895160368967986775e-10
-2.315352990091457642e-10
-1.857717035801516039e-10
-1.495867350676033578e-10
-1.209037126443178766e-10
-9.813515817684435812e-11
-7.997502132796088553e-11
-6.540228635677334089e-11
-5.362495123663818799e-11
-4.403501497752930449e-11
-3.616593011041960242e-11
-2.965499811893336498e-11
-2.422278908682507020e-11
-1.965779277360793861e-11
-1.580650376859986157e-11
-1.256299222678345879e-11
-9.854656236713682620e-12
-7.626985994174561665e-12
-5.830760612918551004e-12
-4.413308928117363110e-12
-3.317011155503462510e-12
-2.482576522091741739e-12
-1.854031926176291855e-12
-1.383159918772449077e-12
-1.031546026424005066e-12
-7.697342027629268251e-13
-5.757192984987601797e-13
-4.325558479375629260e-13
-3.258064740955203961e-13
-2.454303570597863422e-13
-1.848472960788036169e-13
-1.391951226389840327e-13
-1.048033198619078672e-13
-7.890194012323148463e-14
-5.940112745278620168e-14
-4.472496149406709452e-14
-3.368483184066556115e-14
-2.538523279744354755e-14
-1.915087269684165636e-14
-1.447124908797788877e-14
-1.096145647178861853e-14
-8.331145697118612655e-15
-6.361091322134058024e-15
-4.890322736850256347e-15
-3.807204845154457322e-15
-3.018414598567270857e-15
-2.444385970681811497e-15
