# bin_2_3
-5.919580551655178183e-10
-6.076039901993134501e-10
-6.258425602262935694e-10
-6.470947864808941105e-10
-6.718469111994220197e-10
-7.006593329101006507e-10
-7.341762839859315111e-10
-7.731360522845090309e-10
-8.183812772260234860e-10
-8.708686898315111350e-10
-9.316775825104154107e-10
-1.002016790269620751e-09
-1.083228375995850071e-09
-1.176784617515914218e-09
-1.284276770496579392e-09
-1.407395908943488835e-09
-1.547899856634749058e-09
-1.707561905533287014e-09
-1.888097960552768961e-09
-2.091066675563162420e-09
-2.317738776695794209e-09
-2.568908343112920963e-09
-2.844656790033835769e-09
-3.144115349241850362e-09
-3.465062486540420230e-09
-3.803561587345272076e-09
-4.153708290556049164e-09
-4.506943040709230083e-09
-4.851768749522880674e-09
-5.173549630536235127e-09
-5.454514143469038999e-09
-5.674363984053708383e-09
-5.811568659548759584e-09
-5.845663613985762345e-09
-5.760589941538246987e-09
-5.548777808416934203e-09
-5.215320652246580707e-09
-4.780635915945374224e-09
-4.280498219409106616e-09
-3.761029913565729948e-09
-3.268029906607944632e-09
-2.833521252415601830e-09
-2.456758975740242056e-09
-2.115789148213590070e-09
-1.783179591709129548e-09
-1.455199933476742476e-09
-1.162568635541523370e-09
-9.400149974957194689e-10
-7.689731096822344128e-10
-6.116725405761278444e-10
-4.879779870656990390e-10
-3.918874458382508953e-10
-3.135407959981084491e-10
-2.526147889998499306e-10
-2.046268155776780455e-10
-1.668951502389765036e-10
-1.371789364213115119e-10
-1.135980573634860478e-10
-9.466255808592026092e-11
-7.921951847489083115e-11
-6.639166077303645043e-11
-5.553727400922799418e-11
-4.620567951440286720e-11
-3.810216145062508532e-11
-3.104976844750369735e-11
-2.495047940511482667e-11
-1.974822143891474790e-11
-1.539727958528424018e-11
-1.184045961044028594e-11
-9.000327554522171852e-12
-6.780997249492485428e-12
-5.077475812493555317e-12
-3.787005733791505763e-12
-2.817901276025303160e-12
-2.094093862337028278e-12
-1.555629062443115147e-12
-1.156391888697164770e-12
-8.610834167502567972e-13
-6.430312298333068302e-13
-4.811987748220875150e-13
-3.602276497497043326e-13
-2.696435137317644832e-13
-2.018062041632008590e-13
-1.510100387266461951e-13
-1.129823061299611138e-13
-8.451931712723108942e-14
-6.321939951442141729e-14
-4.728264315753013855e-14
-3.536051351362865695e-14
-2.644293461890134778e-14
-1.977353207426567747e-14
-1.478608673243612102e-14
-1.105690467642024645e-14
-8.268990262483865271e-15
-6.185709774152316230e-15
-4.631715059582760773e-15
-3.477523965402220680e-15
-2.628349507464985513e-15
-2.012118943919712417e-15
-1.587610637198451272e-15
