# bin_6_4
-5.342677698224058209e-10
-5.478267720892753621e-10
-5.636146897309452230e-10
-5.819889610594612962e-10
-6.033620592711219947e-10
-6.282092291811513994e-10
-6.570776253691566839e-10
-6.905958782927547644e-10
-7.294857484928570927e-10
-7.745753570527772288e-10
-8.268145905938825272e-10
-8.872919273648840773e-10
-9.572525150497949425e-10
-1.038110152206122842e-09
-1.131483434314709818e-09
-1.239213678624445334e-09
-1.363382376748950189e-09
-1.506313962220651144e-09
-1.670529975913660911e-09
-1.858767989345051547e-09
-2.073989476791328716e-09
-2.319369899293005002e-09
-2.598117707053985550e-09
-2.913378436515554819e-09
-3.268209575621624263e-09
-3.665344702547314204e-09
-4.106857028853091981e-09
-4.593832901818875187e-09
-5.125257811473935458e-09
-5.698444768279786069e-09
-6.308183398076060483e-09
-6.944979351957587790e-09
-7.595081016010519685e-09
-8.239040530163190533e-09
-8.850964852357314719e-09
-9.397758770559333453e-09
-9.838967364882042947e-09
-1.012784717382032160e-08
-1.021474072517947467e-08
-1.005406331612155548e-08
-9.616823688737902282e-09
-8.908630920956708866e-09
-7.987640071911533370e-09
-6.970439314579518991e-09
-6.012445296151605899e-09
-5.232218182328418826e-09
-4.645146437010037486e-09
-4.128000451044868858e-09
-3.472955611688677284e-09
-2.717388442485394784e-09
-2.137972511377144489e-09
-1.797318423251954850e-09
-1.436880376538834721e-09
-1.105781982317184991e-09
-8.889217420154828072e-10
-6.882381924640082923e-10
-5.417748552850910018e-10
-4.238105345439396691e-10
-3.329184065094387190e-10
-2.628352773552867663e-10
-2.088723182444890034e-10
-1.673198980193000652e-10
-1.352344854227478471e-10
-1.102974346491296900e-10
-9.071596763224728384e-11
-7.510464070873666684e-11
-6.241236054751718018e-11
-5.186498019947549793e-11
-4.291751421668610558e-11
-3.521467045110223765e-11
-2.854960797460861594e-11
-2.281494345314079074e-11
-1.795666584270677246e-11
-1.393178997260937930e-11
-1.067969288459507715e-11
-8.114153148864938477e-12
-6.129687986754535336e-12
-4.615844361023865444e-12
-3.471060358986624021e-12
-2.610361368047898122e-12
-1.966321078954108576e-12
-1.488646756241552770e-12
-1.133655210956280948e-12
-8.645756631919693564e-13
-6.592400201466129143e-13
-5.025282470070305043e-13
-3.829676555437768745e-13
-2.917828845934880596e-13
-2.222620422892762305e-13
-1.692740911648548863e-13
-1.288984949765589774e-13
-9.814097588675713624e-14
-7.471574580297882560e-14
-5.687854995401184726e-14
-4.329884739107520162e-14
-3.296191948178423995e-14
-2.509436255766659729e-14
-1.910695600799766029e-14
-1.455061176568602625e-14
-1.108341382446868175e-14
