# bin_1_1
-3.906745561554931601e-08
-4.006941451580896447e-08
-4.123563418762710385e-08
-4.259212165099738632e-08
-4.416866139206996960e-08
-4.599926116414016307e-08
-4.812257941194028112e-08
-5.058233511559058291e-08
-5.342759846760649526e-08
-5.671294178954071573e-08
-6.049838695814160815e-08
-6.484918783221735229e-08
-6.983575655212182261e-08
-7.553244508116350819e-08
-8.201607528782465960e-08
-8.936365069808029067e-08
-9.764751134145928493e-08
-1.069297312485504055e-07
-1.172558240906654915e-07
-1.286470840761888277e-07
-1.410912647903873880e-07
-1.545242759820013537e-07
-1.688139159742249248e-07
-1.837491363898312209e-07
-1.990155250308675061e-07
-2.141722998591280944e-07
-2.286428570393761815e-07
-2.417028454891383369e-07
-2.524891069292960916e-07
-2.600364383265983159e-07
-2.633554683441514138e-07
-2.615661813814871711e-07
-2.540884392511394153e-07
-2.408724768773444918e-07
-2.226051788076452908e-07
-2.007865591329115115e-07
-1.775597466074121852e-07
-1.551183092770217902e-07
-1.349700269078957439e-07
-1.172910317760717376e-07
-1.010939550532374244e-07
-8.563807841121833013e-08
-7.094276773942057831e-08
-5.760746203470409391e-08
-4.635211538016659530e-08
-3.766251758834488909e-08
-3.058186266471895658e-08
-2.445195914650271236e-08
-1.969233803640198251e-08
-1.589143474129595753e-08
-1.286766196727038679e-08
-1.048839434396605011e-08
-8.610297936708473661e-09
-7.124908638165856133e-09
-5.941502823494616772e-09
-4.987038893754154655e-09
-4.204160739509011309e-09
-3.548935686070358125e-09
-2.989102921040289353e-09
-2.502399332816676209e-09
-2.074764090301952563e-09
-1.698467468858705541e-09
-1.369946456096179372e-09
-1.087641801035679276e-09
-8.501861000831547456e-10
-6.552134679348779480e-10
-4.989413295350835148e-10
-3.764100388457719927e-10
-2.820636578337939644e-10
-2.104003109885285530e-10
-1.564709164191275462e-10
-1.161335741957901086e-10
-8.609146790951628088e-11
-6.380130832850801515e-11
-4.731329532837999335e-11
-3.513687433703315023e-11
-2.614188066038501798e-11
-1.946860403492107135e-11
-1.449982204896876819e-11
-1.079769733683705190e-11
-8.039658988947483189e-12
-5.985326310391114131e-12
-4.455414905240095776e-12
-3.316234703560913768e-12
-2.468119100060559147e-12
-1.836785481217521760e-12
-1.366880324427788636e-12
-1.017166673862275566e-12
-7.569285359037222128e-13
-5.632926711435341843e-13
-4.192268246441422019e-13
-3.120651281777148077e-13
-2.324267509728937404e-13
-1.733617314954286077e-13
-1.297570805756379267e-13
-9.795753245811155455e-14
-7.558062321593555164e-14
-6.154226103243910790e-14
-5.364937994809988346e-14
-5.049533400001430058e-14
