# bin_4_3
-2.252110767490596971e-09
-2.311797986166442369e-09
-2.381408720112777427e-09
-2.462570029064825205e-09
-2.557169908567704492e-09
-2.667396954478301626e-09
-2.795786428219105307e-09
-2.945273727813407168e-09
-3.119253524969272147e-09
-3.321646260928544450e-09
-3.556972581586862343e-09
-3.830437291154488520e-09
-4.148018924065208961e-09
-4.516536320479639792e-09
-4.943699532950408462e-09
-5.438206630873531328e-09
-6.009782870726078946e-09
-6.669084621109605918e-09
-7.427643389734755655e-09
-8.297756252234557431e-09
-9.292233255154700558e-09
-1.042415271325875092e-08
-1.170633999393224632e-08
-1.315073372659508183e-08
-1.476765598100197229e-08
-1.656463177343941733e-08
-1.854352911756651133e-08
-2.069793819324454293e-08
-2.301512439745623225e-08
-2.546891100251599164e-08
-2.801636813130647744e-08
-3.059656517837697566e-08
-3.312522474665304377e-08
-3.549236622081955240e-08
-3.755959554164358929e-08
-3.916042311215140444e-08
-4.010605945099234065e-08
-4.020170100776059419e-08
-3.927959822721790092e-08
-3.725488963629372360e-08
-3.419943972967445952e-08
-3.040640885779777528e-08
-2.639286870363821131e-08
-2.277434778982634783e-08
-1.991381138624086127e-08
-1.775420959440748350e-08
-1.562049503790013771e-08
-1.287702737727897868e-08
-1.000582381964213866e-08
-8.042057210103668912e-09
-6.756744157828412559e-09
-5.305306787969378845e-09
-4.160649544555524464e-09
-3.328279568033386733e-09
-2.604592858519700241e-09
-2.060378187360426418e-09
-1.628719537072309360e-09
-1.294061246713599599e-09
-1.034935400910222440e-09
-8.342691695339533929e-10
-6.785068034121058410e-10
-5.568413144100105099e-10
-4.607747654270199259e-10
-3.837433955869882873e-10
-3.206966536252363454e-10
-2.678908665878457905e-10
-2.226937002023163826e-10
-1.834096286540536312e-10
-1.490927438562569021e-10
-1.193144534155847984e-10
-9.390778821564082037e-11
-7.275157270037878481e-11
-5.561094771680526964e-11
-4.208376846497395387e-11
-3.163955297208731422e-11
-2.369930211961196502e-11
-1.771749429236025591e-11
-1.323480483910884940e-11
-9.888680609775596417e-12
-7.403282266782106457e-12
-5.571720238026557558e-12
-4.211778741204246989e-12
-3.185690264165127578e-12
-2.408937666377834724e-12
-1.821095285741881822e-12
-1.376368568081162580e-12
-1.040020165040805752e-12
-7.857126365232934653e-13
-5.934864247627460662e-13
-4.482219331659840909e-13
-3.384706461941304323e-13
-2.555671224900907715e-13
-1.929548427199324859e-13
-1.456746781279768947e-13
-1.099769016701096071e-13
-8.302709366432282847e-14
-6.268341538487664158e-14
-4.732796838991852652e-14
-3.573848230099475327e-14
-2.699147573227042187e-14
