# bin_4_2
-7.160002513047236494e-10
-7.342227350877272159e-10
-7.554428980238663676e-10
-7.801411895903186219e-10
-8.088725833856047884e-10
-8.422761387445851729e-10
-8.810867479818006966e-10
-9.261495678464403410e-10
-9.784333613452347076e-10
-1.039046658324676628e-09
-1.109256118991822175e-09
-1.190504820207592907e-09
-1.284424922972734706e-09
-1.392835209550416877e-09
-1.517746027474676270e-09
-1.661403475989003964e-09
-1.826284306912648032e-09
-2.015041702359717393e-09
-2.230467627864017042e-09
-2.475431209709924938e-09
-2.752803384424381896e-09
-3.065444469293682027e-09
-3.416004244370417512e-09
-3.806705019692895677e-09
-4.239237979921727240e-09
-4.714320966901200573e-09
-5.230777144340328429e-09
-5.785492535492792298e-09
-6.373197916296518955e-09
-6.984404358735855002e-09
-7.605475562403729945e-09
-8.217744634843529963e-09
-8.796829981498303701e-09
-9.312415349688121632e-09
-9.728390073356343495e-09
-1.000392899510011323e-08
-1.009599479960402024e-08
-9.964170201862084883e-09
-9.579545314779471981e-09
-8.938506713330170836e-09
-8.079534757822321123e-09
-7.094823945169915520e-09
-6.122362461902021312e-09
-5.295759211247288190e-09
-4.658665578501977730e-09
-4.146870550549879005e-09
-3.561080516045034126e-09
-2.848843577670595373e-09
-2.218983181394202400e-09
-1.836470170874499997e-09
-1.513588818957504541e-09
-1.168221528449305305e-09
-9.385252746191724647e-10
-7.395893395850639572e-10
-5.860912676223048578e-10
-4.637912635540608972e-10
-3.691732592692522822e-10
-2.954341651137696733e-10
-2.381356059184205281e-10
-1.935454724201414636e-10
-1.586666506591239025e-10
-1.311287763784685615e-10
-1.090860299387637326e-10
-9.112031879843782512e-11
-7.615981110625213744e-11
-6.343296809697662758e-11
-5.242022504512363847e-11
-4.281009447872954004e-11
-3.444669905325443275e-11
-2.726503717222474957e-11
-2.123036338939085325e-11
-1.629265364619285088e-11
-1.236047033686561258e-11
-9.302920840433065509e-12
-6.968291974649732547e-12
-5.206178278550550550e-12
-3.884477159574111522e-12
-2.897193536533561956e-12
-2.162347571493705969e-12
-1.618803171065163566e-12
-1.218534400577224619e-12
-9.194612136896857458e-13
-6.937647939131832922e-13
-5.233334468727149773e-13
-3.946755202016827178e-13
-2.975822969588076166e-13
-2.243310298019682895e-13
-1.690820855700227309e-13
-1.274216514370653560e-13
-9.601485987851568089e-14
-7.234306447957059594e-14
-5.450468292456988135e-14
-4.106446577069894303e-14
-3.093953734629347228e-14
-2.331317314684229585e-14
-1.756964206321089668e-14
-1.324522979961902683e-14
-9.991816521497694787e-15
-7.546797380582946871e-15
-5.711524598096728041e-15
