# bin_6_2
-1.467825627759809002e-10
-1.500935884390249458e-10
-1.539308308012148246e-10
-1.583728772628977135e-10
-1.635088094265722760e-10
-1.694391589095687616e-10
-1.762771746946824291e-10
-1.841494914331611432e-10
-1.931973908665565243e-10
-2.035781256825019217e-10
-2.154666000184873400e-10
-2.290566617273087513e-10
-2.445623504801177088e-10
-2.622123736226352468e-10
-2.822617592580944686e-10
-3.049912725676001782e-10
-3.307146065093837382e-10
-3.597636946456826395e-10
-3.924468683562844750e-10
-4.290838519123464173e-10
-4.700123503296567422e-10
-5.156082345147043396e-10
-5.661736626693551484e-10
-6.219149485179721383e-10
-6.830136909609505030e-10
-7.495145114950478524e-10
-8.211855565863083358e-10
-8.975952120623825849e-10
-9.778806115247010427e-10
-1.060786442933619490e-09
-1.144540892573626576e-09
-1.226759776936546593e-09
-1.304440603850910060e-09
-1.373899841881379799e-09
-1.430797244534784206e-09
-1.470226575384125247e-09
-1.486986905580328221e-09
-1.476072678367201510e-09
-1.433605234856169366e-09
-1.358141187224747785e-09
-1.252289270967772861e-09
-1.124328775645895509e-09
-9.876537863950324551e-10
-8.569202468226500140e-10
-7.435386974062631043e-10
-6.489088965612232991e-10
-5.631730209299495745e-10
-4.761618529916568920e-10
-3.879017882784835341e-10
-3.087445328607472048e-10
-2.475609330651358316e-10
-2.026630953108047507e-10
-1.605203995231818463e-10
-1.258360883801479811e-10
-1.004767471667070737e-10
-7.890225150784473962e-11
-6.256724656149094631e-11
-4.967054495890569884e-11
-3.964104066269968744e-11
-3.184684896982092481e-11
-2.577076366006056969e-11
-2.100763969768633843e-11
-1.724068821322869230e-11
-1.422411209185354815e-11
-1.177158348855167796e-11
-9.743902973820977036e-12
-8.040673217370862069e-12
-6.592605998534858996e-12
-5.354348002011476822e-12
-4.297448054260485950e-12
-3.403787591160478380e-12
-2.659786909318569411e-12
-2.052409528945814155e-12
-1.566903613137155035e-12
-1.186473507419262908e-12
-8.933839248169800492e-13
-6.704590783645342445e-13
-5.023684957657379241e-13
-3.763596959201640735e-13
-2.823764292415032506e-13
-2.124710944316598858e-13
-1.605279793563951039e-13
-1.216693739619203333e-13
-9.225943470769090823e-14
-6.994475859871686852e-14
-5.301623803534214217e-14
-4.017747460818939147e-14
-3.044316848317726500e-14
-2.306457226734406032e-14
-1.747293952892614532e-14
-1.323645674859743166e-14
-1.002735929256790301e-14
-7.597008535022501696e-15
-5.756817552210634362e-15
-4.363813768822230980e-15
-3.309604790138274205e-15
-2.512137965847694748e-15
-1.909571093775579195e-15
-1.454306964770813339e-15
-1.110951100062839315e-15
