# bin_1_2
-8.939535716053890103e-09
-9.171895924571746761e-09
-9.442576646120324864e-09
-9.757730112241527364e-09
-1.012443397502809021e-08
-1.055081079443763941e-08
-1.104614999985627070e-08
-1.162103179773365633e-08
-1.228743430070971823e-08
-1.305881830497785678e-08
-1.395017676274602451e-08
-1.497805586309277913e-08
-1.616059672035152868e-08
-1.751736783020390986e-08
-1.906913663046663766e-08
-2.083747883716349479e-08
-2.284390910821022923e-08
-2.510883188270415406e-08
-2.765033348226664547e-08
-3.048258331709981204e-08
-3.361363580489343388e-08
-3.704136795713588989e-08
-4.074953576995054521e-08
-4.470541977797914889e-08
-4.885404450780071473e-08
-5.311074338712886371e-08
-5.735745981097692464e-08
-6.143724539925505269e-08
-6.515111960574125940e-08
-6.825929508747125351e-08
-7.048921057650602686e-08
-7.155543771683808531e-08
-7.119601622013118682e-08
-6.922820328835604639e-08
-6.561920886897317875e-08
-6.055430627990973920e-08
-5.446910580549748227e-08
-4.799063075283415237e-08
-4.178250313989062267e-08
-3.630027585049193776e-08
-3.159181686778492045e-08
-2.738930041682662821e-08
-2.325040648290371392e-08
-1.903981986727946889e-08
-1.523811687289331423e-08
-1.236378612009125627e-08
-1.011552493320365694e-08
-8.094169436269850499e-09
-6.480822835300123745e-09
-5.212418096390945528e-09
-4.190282741178696736e-09
-3.387322537654893318e-09
-2.754298383889262735e-09
-2.256239237525747260e-09
-1.863530167383648617e-09
-1.551520471551155616e-09
-1.300670272966244220e-09
-1.095553051751160327e-09
-9.243494277453207814e-10
-7.783682111306418080e-10
-6.515629071603368396e-10
-5.401177630684334529e-10
-4.419484141581694298e-10
-3.561349432414023794e-10
-2.823396394028888471e-10
-2.202878400640495671e-10
-1.694175072074942082e-10
-1.287544150712755593e-10
-9.697435132937375569e-11
-7.258102118227769853e-11
-5.410039683835818956e-11
-4.021932136986948122e-11
-2.984919637430072018e-11
-2.213168582440246721e-11
-1.640796067266371023e-11
-1.217799097847628272e-11
-9.059657452284808494e-12
-6.752665450503366809e-12
-5.035794825243574247e-12
-3.755211076541307208e-12
-2.799840559052249244e-12
-2.087211673407006960e-12
-1.555749915450982850e-12
-1.159471291481443686e-12
-8.640405726252555911e-13
-6.438275360689359251e-13
-4.797044862048802566e-13
-3.574003388399657623e-13
-2.662696778739448794e-13
-1.983735585949041112e-13
-1.477923210051627594e-13
-1.101140350042463150e-13
-8.205378558243114753e-14
-6.116557298459385093e-14
-4.563419772861070579e-14
-3.413597002131346287e-14
-2.574504807365863992e-14
-1.988631867949531629e-14
-1.602927760000262814e-14
-1.405442024586228262e-14
