# bin_2_4
-1.147695696407388700e-09
-1.177799020504765446e-09
-1.212869267275715834e-09
-1.253704780239602704e-09
-1.301224335012210175e-09
-1.356482381448452093e-09
-1.420684894551431005e-09
-1.495205386548311570e-09
-1.581599995155019930e-09
-1.681620379800212583e-09
-1.797222821917487867e-09
-1.930571688994975726e-09
-2.084033984369353528e-09
-2.260160499297718628e-09
-2.461649221468774893e-09
-2.691286116953595757e-09
-2.951856280130574340e-09
-3.246020612393648472e-09
-3.576143825986954268e-09
-3.944071647094693656e-09
-4.350852277430915929e-09
-4.796343095484187522e-09
-5.278737505268313674e-09
-5.794119741469331598e-09
-6.335860867974030807e-09
-6.893988818120475051e-09
-7.454603770728399868e-09
-7.999165344903528449e-09
-8.504289244168633080e-09
-8.941953661491521508e-09
-9.280583134220905284e-09
-9.487407815066491160e-09
-9.532174545470698915e-09
-9.392206687116869125e-09
-9.058022219637014203e-09
-8.538059718503801267e-09
-7.861620367244474214e-09
-7.077115872632597081e-09
-6.247159036404929985e-09
-5.438622918726567196e-09
-4.706226942471476505e-09
-4.072556764332139553e-09
-3.509898291718650613e-09
-2.972178516367182800e-09
-2.446514252752309663e-09
-1.974430400744481885e-09
-1.591462858142076993e-09
-1.291563300923304637e-09
-1.044382757105650118e-09
-8.327163807052806589e-10
-6.685649197631460464e-10
-5.380853278934583529e-10
-4.340413542770231758e-10
-3.524490356299795659e-10
-2.881161241983985924e-10
-2.372422094978790560e-10
-1.967483676163242998e-10
-1.641410144236109453e-10
-1.374789090931802773e-10
-1.152918248661482798e-10
-9.649762579778215657e-11
-8.033785542160801274e-11
-6.630994406201049446e-11
-5.410617400492297445e-11
-4.355062344309519753e-11
-3.453923188550620949e-11
-2.698841991543650306e-11
-2.079913818686849035e-11
-1.584049526032179262e-11
-1.195203107401196035e-11
-8.957675738282143111e-12
-6.683726602082454548e-12
-4.973402357017559126e-12
-3.694851071411151268e-12
-2.742876619753690765e-12
-2.036429041918173486e-12
-1.513807372605728633e-12
-1.127656110832002655e-12
-8.418432167627655400e-13
-6.290921621793120473e-13
-4.700981706010418327e-13
-3.512355024825034686e-13
-2.623890690550258027e-13
-1.959896116401844359e-13
-1.463743311787325514e-13
-1.093068242231845218e-13
-8.161835191642046822e-14
-6.093897536905284005e-14
-4.549661404720639505e-14
-3.396653712396850486e-14
-2.535862991954127665e-14
-1.893325529618040056e-14
-1.413843105255919127e-14
-1.056215513280342364e-14
-7.899270727707702871e-15
-5.927630762025888189e-15
-4.482982708658798836e-15
-3.443099617267921015e-15
-2.709678308572064527e-15
-2.234251760543797366e-15
