# bin_5_1
-2.860175763731821275e-10
-2.923711919442828821e-10
-2.997099290239290904e-10
-3.081709439450120922e-10
-3.179053550204832969e-10
-3.290779663942528831e-10
-3.418664207076868308e-10
-3.564595015399952578e-10
-3.730545760146727095e-10
-3.918539739858228765e-10
-4.130602232917581818e-10
-4.368701844454958668e-10
-4.634679115375610983e-10
-4.930165948114871407e-10
-5.256457756012895161e-10
-5.614364614318276431e-10
-6.004050140126615260e-10
-6.424690002540161512e-10
-6.874002787120160216e-10
-7.348196004787823010e-10
-7.841459419415311758e-10
-8.346184107378960901e-10
-8.852831582790266249e-10
-9.349792671507596982e-10
-9.823555148706445491e-10
-1.025935115157558188e-09
-1.064195311834556421e-09
-1.095723901770393798e-09
-1.119396561803306531e-09
-1.134721212765144846e-09
-1.141941767311739021e-09
-1.142112334047191392e-09
-1.136623317053378813e-09
-1.126263565754732056e-09
-1.110175363504954296e-09
-1.085761455136992018e-09
-1.050045952528070395e-09
-1.002062646747186448e-09
-9.435560847317753434e-10
-8.757775327725776926e-10
-7.971210074561475621e-10
-7.069958340283174430e-10
-6.112115474736339476e-10
-5.207438413297578167e-10
-4.453353898760741513e-10
-3.865594872253210281e-10
-3.378603424994574059e-10
-2.862674072653582413e-10
-2.292843433137849054e-10
-1.800065978420319691e-10
-1.487458984784448858e-10
-1.224559196502408240e-10
-9.528192101437687418e-11
-7.699978799687575121e-11
-6.109277909899541258e-11
-4.877012403657823414e-11
-3.881055883546135472e-11
-3.103888098826322202e-11
-2.487794128953216794e-11
-2.001067821687369718e-11
-1.616085528867716240e-11
-1.310586057802382455e-11
-1.066965720606220112e-11
-8.714459638352859765e-12
-7.132712988994599767e-12
-5.840249921246661343e-12
-4.772398647991581410e-12
-3.880675167253333224e-12
-3.130420260462787088e-12
-2.498230342474147359e-12
-1.968645088478715102e-12
-1.530785480566914210e-12
-1.175523674540531386e-12
-8.933774882025192230e-13
-6.738646781706114507e-13
-5.059460724944282586e-13
-3.789565631731234414e-13
-2.835232367251337028e-13
-2.120979431423158569e-13
-1.588262768731316262e-13
-1.193056606067805218e-13
-9.008915363949183977e-14
-6.817480007202112805e-14
-5.158733790817389330e-14
-3.902827849709539155e-14
-2.952192304964782975e-14
-2.232836994275353910e-14
-1.688661236104216932e-14
-1.277139433094076579e-14
-9.660475637816227458e-15
-7.309754873395000973e-15
-5.534643516302750634e-15
-4.196154428678550845e-15
-3.189587620011178022e-15
-2.434779356826464457e-15
-1.867747349376237143e-15
-1.440640370054137757e-15
-1.120146311938256037e-15
-8.813401824753533289e-16
-7.052481898426944323e-16
