# bin_6_3
-8.068009821718439353e-10
-8.281267891326237694e-10
-8.529958482575650002e-10
-8.819884670718816300e-10
-9.157776404275821159e-10
-9.551432101485106648e-10
-1.000988218972066587e-09
-1.054357375822929377e-09
-1.116458472987883387e-09
-1.188686827083762653e-09
-1.272653174948094751e-09
-1.370214265398910168e-09
-1.483505400898476716e-09
-1.614974640448977142e-09
-1.767427386039657463e-09
-1.944050345773418328e-09
-2.148431726830560958e-09
-2.384586638352371050e-09
-2.656914503528743670e-09
-2.970173571615000530e-09
-3.329461778624519272e-09
-3.740118029018482186e-09
-4.207555849502383256e-09
-4.737058389251672283e-09
-5.333555774719201374e-09
-6.001266109850190704e-09
-6.743161092673847065e-09
-7.559996284426885685e-09
-8.448911182717381183e-09
-9.404363684748269662e-09
-1.041543842147354922e-08
-1.146416091750853593e-08
-1.252520964468298343e-08
-1.356354797523033107e-08
-1.453357789524208103e-08
-1.537795933223755026e-08
-1.602787881097343829e-08
-1.640560929822911318e-08
-1.643160952589683536e-08
-1.603850654899753941e-08
-1.519431503381594888e-08
-1.393242299282116031e-08
-1.237673907557830484e-08
-1.073988030654272943e-08
-9.270711522223446059e-09
-8.111767596904917271e-09
-7.230311785625856862e-09
-6.354460391866039924e-09
-5.226703531581072570e-09
-4.048763326294101539e-09
-3.248884130199751759e-09
-2.734930423127891664e-09
-2.136373740656436730e-09
-1.667413164776622843e-09
-1.333520820613668024e-09
-1.035110567240211987e-09
-8.152281206911986202e-10
-6.404685673368856084e-10
-5.049639399129825189e-10
-4.006143549678695005e-10
-3.201823178541359854e-10
-2.580900374725398232e-10
-2.099414389753940501e-10
-1.722809553435284579e-10
-1.424480646366045877e-10
-1.183911337630061497e-10
-9.857318549513383437e-11
-8.188412772629779779e-11
-6.757045020177849046e-11
-5.516864771590720651e-11
-4.442929879841677412e-11
-3.523237794786172701e-11
-2.751156411764452371e-11
-2.118888783072885921e-11
-1.614201004794522260e-11
-1.220474711466668533e-11
-9.186408736175201899e-12
-6.898590889471300343e-12
-5.176394613726936804e-12
-3.886121821193932226e-12
-2.924328363309114496e-12
-2.213399097433133074e-12
-1.683254362992459247e-12
-1.280699456748440008e-12
-9.741314641456738560e-13
-7.407385639845294034e-13
-5.631186896491303191e-13
-4.279897663281147217e-13
-3.252192039929547461e-13
-2.470809618899368737e-13
-1.876867998146778947e-13
-1.425511272474831231e-13
-1.082583558361907770e-13
-8.220868293552700523e-14
-6.242398189610984918e-14
-4.739964316847465051e-14
-3.599163570075265418e-14
-2.733039415980732269e-14
-2.075496687791975039e-14
-1.576324771169336362e-14
