# bin_2_1
-1.428231414319498875e-08
-1.465890556104210640e-08
-1.509779541610754403e-08
-1.560905469021949609e-08
-1.620429407567512305e-08
-1.689686533068070540e-08
-1.770207412797580824e-08
-1.863739804732130336e-08
-1.972269721815858322e-08
-2.098040285733281068e-08
-2.243566492518552272e-08
-2.411643621777350651e-08
-2.605345361296640427e-08
-2.828006495835774603e-08
-3.083185622725788906e-08
-3.374601075264348644e-08
-3.706030410952377540e-08
-4.081165373744509542e-08
-4.503401817464764277e-08
-4.975562228041576713e-08
-5.499554972326458242e-08
-6.075842335940545612e-08
-6.702777051139744806e-08
-7.376093075181517321e-08
-8.088075734417064912e-08
-8.826551561075328393e-08
-9.574050291393482904e-08
-1.030681580407784269e-07
-1.099423792924860397e-07
-1.159870464046398015e-07
-1.207644998544309517e-07
-1.238003763047537170e-07
-1.246311339756820637e-07
-1.228794410246552593e-07
-1.183538718920862301e-07
-1.111545611410301527e-07
-1.017524381777560422e-07
-9.097354482515051755e-08
-7.987264068189384975e-08
-6.945124813541727880e-08
-6.029331100399349484e-08
-5.240267924520908632e-08
-4.512889682965483541e-08
-3.784296479812618989e-08
-3.076887779587277889e-08
-2.480710375609149455e-08
-2.013042337094860119e-08
-1.628229196049788422e-08
-1.309168843784076907e-08
-1.045580439853046068e-08
-8.396370817821684338e-09
-6.754557995474917220e-09
-5.457376310438898238e-09
-4.438102312835782721e-09
-3.636480582006314517e-09
-3.003113522886268850e-09
-2.498844251270585131e-09
-2.092125886815807094e-09
-1.758396135247522730e-09
-1.479076175034629342e-09
-1.240641621751844200e-09
-1.033837196737314655e-09
-8.528514740086360935e-10
-6.944578138104897585e-10
-5.570856702730687930e-10
-4.399165956778017687e-10
-3.421396920751982888e-10
-2.624971497107079475e-10
-1.991513637550578272e-10
-1.498208142635170449e-10
-1.120505841931754608e-10
-8.348558946821617063e-11
-6.205709543602628806e-11
-4.606493645908776020e-11
-3.417387418261381753e-11
-2.536342005371760353e-11
-1.885701568621539971e-11
-1.405145037093808001e-11
-1.048852988692746407e-11
-7.833161596069502515e-12
-5.849317773483517715e-12
-4.367143828122951029e-12
-3.260022313343361323e-12
-2.433220546741836865e-12
-1.815880410348006200e-12
-1.355017655254621294e-12
-1.011024828355647811e-12
-7.543021062873976423e-13
-5.627342809591073911e-13
-4.198021407361473080e-13
-3.131691087379395693e-13
-2.336253107566216962e-13
-1.742990555775898429e-13
-1.300639328578711914e-13
-9.711270759478811028e-14
-7.265262784314224616e-14
-5.465554968050363768e-14
-4.171626336954191177e-14
-3.266487386792907398e-14
-2.711509940472566580e-14
