# bin_3_2
1.247604420122944140e-08
1.268598207531472145e-08
1.292553088789162970e-08
1.319760207763888342e-08
1.350512842078139624e-08
1.385122486306679260e-08
1.423919545675205821e-08
1.467260041165364648e-08
1.515454479232861404e-08
1.568665469240936476e-08
1.626856436918215385e-08
1.689949624785444720e-08
1.758011312723536230e-08
1.831042085357985819e-08
1.908763014362548050e-08
1.990737920193266709e-08
2.076221199908470709e-08
2.163419377850996938e-08
2.249503083387529319e-08
2.330724230017578349e-08
2.403819049617539421e-08
2.468031785820137952e-08
2.523679941684261671e-08
2.567213202987814646e-08
2.590637734858704070e-08
2.590009374155260287e-08
2.567365854749981515e-08
2.520348192394393779e-08
2.445477461628720336e-08
2.342388445325022976e-08
2.215463612072637708e-08
2.065152167199823224e-08
1.896506684267968026e-08
1.715936604805520578e-08
1.529236647159398075e-08
1.344245431592348132e-08
1.166961544698780553e-08
1.002813952837974327e-08
8.547983897086315527e-09
7.235982664454764157e-09
6.081115134230721748e-09
5.064633567206939974e-09
4.174011387923246782e-09
3.408052634432485325e-09
2.768548644751140211e-09
2.248835156818764910e-09
1.831438754344025893e-09
1.493632831297169471e-09
1.217990334428551158e-09
9.968138560285053126e-10
8.200340990882190501e-10
6.770406438129880142e-10
5.611114220313900002e-10
4.664321686678453313e-10
3.882692586610926898e-10
3.231494340298514359e-10
2.683504205198062612e-10
2.218846686713236490e-10
1.822975331803984214e-10
1.485359258167708078e-10
1.198323518150820183e-10
9.560512759389611633e-11
7.537844904267882840e-11
5.872525551999104735e-11
4.523093488053372137e-11
3.447878823324272650e-11
2.605228563211937890e-11
1.954786451995066382e-11
1.459170582150380143e-11
1.085371006738066838e-11
8.055405914888288095e-12
5.971157865564226513e-12
4.423915153309896197e-12
3.277844818408778961e-12
2.430105324155096961e-12
1.803319903341391012e-12
1.339562370079786896e-12
9.958414823933346290e-13
7.405970049976302593e-13
5.507455914891978841e-13
4.095166773746839814e-13
3.044981505282631234e-13
2.264965548316807761e-13
1.685243078938999548e-13
1.254709467428212040e-13
9.351996285287931142e-14
6.982880722788920316e-14
5.227171592248764570e-14
3.929047144268389351e-14
2.972104944960408386e-14
2.269290218824661032e-14
1.755467348679023966e-14
1.384078725813447444e-14
1.118486599802683541e-14
9.322144469455661163e-15
8.056674220789433669e-15
7.231124469749871763e-15
6.729892464810067278e-15
6.458604695066724629e-15
6.338348036889602404e-15
