# bin_3_1
8.521324868449210554e-09
8.651586456786085529e-09
8.799432822447867553e-09
8.966315856813322542e-09
9.153484224154595168e-09
9.362271097948803955e-09
9.594010618101385071e-09
9.850185400649292177e-09
1.013176051409358509e-08
1.043838405921731135e-08
1.076805992913170317e-08
1.111834949622838523e-08
1.148814529718012809e-08
1.187590679991214681e-08
1.227825138796365841e-08
1.269078829910750484e-08
1.310433953984848975e-08
1.350562989996213311e-08
1.387636466153834658e-08
1.418543771601150006e-08
1.441421588579604849e-08
1.455915682748394793e-08
1.462928570258630749e-08
1.461122841387857623e-08
1.444813227093952767e-08
1.412901759253705010e-08
1.368242150863945487e-08
1.310945540157256766e-08
1.240080285955720230e-08
1.157088708048136676e-08
1.066536812438469857e-08
9.695315226250665761e-09
8.697379513623696383e-09
7.710938266273249622e-09
6.757557003309171872e-09
5.867642241061411140e-09
5.051118683817587564e-09
4.314532284126582611e-09
3.654230675814934941e-09
3.065375879197879926e-09
2.547831413697115340e-09
2.101587229543740248e-09
1.726377775354649658e-09
1.418786387092657291e-09
1.167315969849901145e-09
9.559857461569110303e-10
7.805137763014285799e-10
6.407072374289391899e-10
5.273041712073002905e-10
4.351900375375172266e-10
3.600766159149869490e-10
2.983632254035644490e-10
2.477141505206669187e-10
2.055680298159808329e-10
1.702872558387171837e-10
1.405784082689066520e-10
1.154404668032560048e-10
9.415098345797715204e-11
7.616207156674740939e-11
6.104834026188919145e-11
4.846143405279075122e-11
3.809576825798081419e-11
2.966664704869915603e-11
2.290195011803201494e-11
1.754173989130021947e-11
1.334373263210885282e-11
1.008970975299352755e-11
7.589841455395831945e-12
5.684337998611646860e-12
4.242023192315426236e-12
3.157119029790366126e-12
2.345460419702665309e-12
1.740847791067751690e-12
1.291778049996339342e-12
9.587351471027112890e-13
7.117963738880032744e-13
5.285720731723946457e-13
3.926347662859965122e-13
2.918740129449530342e-13
2.171105926247262040e-13
1.615667990667716752e-13
1.202625553698701306e-13
8.959674446594575243e-14
6.679874134438944236e-14
4.987070911863605153e-14
3.731701625163191160e-14
2.802169454510195272e-14
2.114527810495893887e-14
1.607986799992238977e-14
1.236840938919050039e-14
9.666543327135539242e-15
7.714767952899926153e-15
6.330691692919466156e-15
5.363978239508619691e-15
4.707019217947736404e-15
4.279559962667257516e-15
4.013666172897138511e-15
3.855623612688145559e-15
3.767845259340222717e-15
3.718079385255017406e-15
