# bin_4_3
1.527235374422262862e-08
1.554554664233358184e-08
1.585836122056258650e-08
1.621514267231555937e-08
1.662043886024285943e-08
1.707927341531867827e-08
1.759709341847678166e-08
1.817974219889784326e-08
1.883290810353449258e-08
1.956105003972182677e-08
2.036672879750440857e-08
2.125242001689704555e-08
2.222227366396649212e-08
2.327987816622408632e-08
2.442459024470705779e-08
2.565763210743598715e-08
2.697287615655839623e-08
2.835293472474083964e-08
2.977369278826680413e-08
3.119703987764532732e-08
3.259061123567628554e-08
3.394688579341032802e-08
3.525810112744989724e-08
3.648408070167598893e-08
3.753252373647512934e-08
3.834597586630342990e-08
3.892547856844760897e-08
3.921807852209361141e-08
3.916001724109496823e-08
3.870988780306563178e-08
3.787400915558511453e-08
3.661717567978354802e-08
3.495414015418216631e-08
3.292234717436847871e-08
3.056323198486461472e-08
2.795985000307504597e-08
2.519809609975653849e-08
2.238382631169415640e-08
1.961970311085345599e-08
1.699637813543968171e-08
1.458145544453813015e-08
1.240985327956868470e-08
1.048468296712781677e-08
8.787092000787402238e-09
7.293249449592480008e-09
5.989809119048054316e-09
4.876967439886685493e-09
3.954892259274474834e-09
3.207049173322085375e-09
2.601477101127420603e-09
2.109168037292465411e-09
1.712083290120390679e-09
1.394307832196937906e-09
1.139389589922083273e-09
9.343573043232140128e-10
7.687750851768482487e-10
6.341023573250155446e-10
5.236892402969880358e-10
4.323823360336935625e-10
3.562651475091160423e-10
2.924023448975347557e-10
2.386143763472308368e-10
1.932824267519465149e-10
1.551863777073039487e-10
1.233730940322168225e-10
9.705614204510456383e-11
7.554496841329755241e-11
5.820148916809427716e-11
4.442063284748013840e-11
3.362838482620582102e-11
2.529055213885089896e-11
1.892513398641295910e-11
1.411267324523179222e-11
1.050132969524420532e-11
7.805776491114519448e-12
5.801025061021776091e-12
4.313370159131004760e-12
3.210606925561135852e-12
2.393084218979259841e-12
1.786022791134120168e-12
1.334069539041651328e-12
9.968063803109963238e-13
7.449078633392647818e-13
5.566763438099623313e-13
4.160595141527529258e-13
3.110484538931530546e-13
2.326589633550238907e-13
1.741581131509464186e-13
1.305359289366591765e-13
9.804165873875185079e-14
7.386681675006079800e-14
5.590853366466895280e-14
4.261729466984008397e-14
3.281386727887093708e-14
2.562762171226450509e-14
2.041232881432308430e-14
1.667392003004507173e-14
1.404892407683713357e-14
1.225833909921151507e-14
1.109075270776303356e-14
