# bin_4_4
1.447835408347623286e-08
1.475324002750056599e-08
1.506876377947827927e-08
1.542972013965618170e-08
1.584105742928952694e-08
1.630826977973060033e-08
1.683743950147166677e-08
1.743531548039710982e-08
1.810827905507231738e-08
1.886131660676036611e-08
1.969715569172834537e-08
2.061792132055940484e-08
2.162746664099042460e-08
2.272899008107447127e-08
2.392320123243073740e-08
2.521181935366204324e-08
2.659577413557358501e-08
2.807111661053671711e-08
2.962366598713932391e-08
3.123103583072915595e-08
3.285463130013016711e-08
3.444320574796567636e-08
3.596926662109551268e-08
3.742579116759703919e-08
3.880101996310582322e-08
4.000703460882789975e-08
4.094257202588506280e-08
4.159708001650434851e-08
4.194233391964825752e-08
4.191749236661506545e-08
4.145642852199537774e-08
4.055814795481911616e-08
3.922014543295193729e-08
3.742480897559563871e-08
3.523249419867941225e-08
3.268352286691026599e-08
2.987174748352092272e-08
2.689358514518775610e-08
2.386531534192469168e-08
2.089581004783606621e-08
1.808450307586683513e-08
1.550152101811850949e-08
1.318219029939360511e-08
1.112769105705506520e-08
9.315921652074785213e-09
7.720836627449465165e-09
6.329715953322459322e-09
5.143855789619714592e-09
4.163416608120374412e-09
3.370218331461205221e-09
2.728841006187936503e-09
2.207318793793391943e-09
1.787187113586340246e-09
1.451850283098772133e-09
1.183256279804078218e-09
9.676356397147469686e-10
7.939328884328863929e-10
6.530029062635191454e-10
5.378031886077525490e-10
4.428407262083586908e-10
3.639533088997754217e-10
2.980124107302714621e-10
2.426871251004266851e-10
1.962369700029718350e-10
1.573418463489387636e-10
1.249662286715263689e-10
9.825668752403151854e-11
7.646979115334096887e-11
5.892826242485811081e-11
4.499986854102447295e-11
3.409330187886033157e-11
2.566425050687393845e-11
1.922507168265487837e-11
1.435300814060989798e-11
1.069390428130615836e-11
7.960432974349551230e-12
5.925742496397174029e-12
4.414458661549464250e-12
3.292914357992158129e-12
2.460185808694942775e-12
1.840663082960781078e-12
1.378384067771523848e-12
1.032541926224693869e-12
7.735318241350704672e-13
5.795368869846213358e-13
4.342122659564555931e-13
3.254594918691680617e-13
2.440363204625235066e-13
1.831401144589190186e-13
1.376209104607288964e-13
1.036202086437829271e-13
7.825697548621644586e-14
5.937791336892869878e-14
4.536591595114786689e-14
3.500711168765688893e-14
2.739541024698227880e-14
2.185458550865509236e-14
1.787616329492595038e-14
1.507836785393568001e-14
1.316678584384493673e-14
