# bin_3_3
1.486220314387929732e-08
1.512460389080644922e-08
1.542481774727770373e-08
1.576700321696046416e-08
1.615535353624273649e-08
1.659448557873113389e-08
1.708933266809357603e-08
1.764534557010359940e-08
1.826765550829440427e-08
1.896002550916950775e-08
1.972441240641733096e-08
2.056239630629038565e-08
2.147730631128501107e-08
2.247180218806763922e-08
2.354590053501859620e-08
2.469771652725676039e-08
2.591817431893949310e-08
2.719165779617202287e-08
2.849448687300955482e-08
2.978440546444826608e-08
3.103235500814026477e-08
3.222421389302298788e-08
3.335692207329615029e-08
3.439390891799818211e-08
3.523619789905964839e-08
3.583787856820728408e-08
3.619700471327099754e-08
3.627080389296160258e-08
3.599828339065550952e-08
3.534919564076568130e-08
3.433797917981110816e-08
3.294073219859706293e-08
3.118265327938800813e-08
2.911267158195627774e-08
2.677976278493297404e-08
2.427290314549571678e-08
2.167804057816931099e-08
1.909473329149466683e-08
1.661214305964041969e-08
1.430111429283875517e-08
1.220650382187728313e-08
1.034189162339646721e-08
8.696432412431920212e-09
7.248155600378880737e-09
5.979492302137666216e-09
4.885286818132071174e-09
3.967316766266822837e-09
3.218294463609747200e-09
2.613366884269916042e-09
2.122070307526739718e-09
1.723618758059002647e-09
1.403999734129976880e-09
1.147928439325635902e-09
9.418863494795251539e-10
7.755875970373068112e-10
6.404888064871889327e-10
5.298447462578740622e-10
4.384245013744525176e-10
3.622320326421613858e-10
2.982642802170785089e-10
2.442929569272351040e-10
1.986740351004297626e-10
1.601831195783725752e-10
1.278819965918967297e-10
1.010125580929389751e-10
7.891975094946986506e-11
6.100164399790499875e-11
4.668395296167328559e-11
3.541459428816509694e-11
2.667108068734079911e-11
1.997369521379768327e-11
1.489812883068737378e-11
1.108342734225262299e-11
8.233572592398170902e-12
6.113274683246820802e-12
4.539953572291116276e-12
3.374237227236626485e-12
2.510843666607385856e-12
1.870889474712161764e-12
1.395513977710458469e-12
1.041466680803145266e-12
7.773240370588534035e-13
5.802306100640076147e-13
4.331296281900374600e-13
3.233847456977252857e-13
2.415419105608366046e-13
1.805357363225265171e-13
1.350752154621751770e-13
1.012337019323761081e-13
7.607404937602887203e-14
5.739862013672050901e-14
4.356303773584349029e-14
3.336159975031667406e-14
2.587297933504451259e-14
2.041965971365117272e-14
1.649965100133882517e-14
1.372670184369492118e-14
1.181716512833962093e-14
1.055112419406498545e-14
9.760298264045121715e-15
