# bin_4_1
8.753451431053492432e-09
8.895918265419586591e-09
9.058086947435463362e-09
9.241704672232752343e-09
9.448314655354282049e-09
9.679593952120105359e-09
9.937368777745592370e-09
1.022366943608080430e-08
1.053976587612131262e-08
1.088524630106670428e-08
1.125721925837420850e-08
1.165190887578603271e-08
1.206686851248501010e-08
1.249894817093215527e-08
1.294281480413992748e-08
1.339449192354159861e-08
1.385029502182423866e-08
1.430396804402705864e-08
1.474160701366433985e-08
1.514468380917247950e-08
1.548397213856590070e-08
1.571916801327034338e-08
1.583630609556951836e-08
1.584676965123380912e-08
1.576959137986735071e-08
1.556258834468433432e-08
1.516770175737846160e-08
1.462019491757768279e-08
1.394994599811457266e-08
1.316006139658294644e-08
1.224423907143692945e-08
1.125074016639730718e-08
1.022393117667428660e-08
9.168606977680176967e-09
8.142908089515404023e-09
7.157661787297706182e-09
6.240295025619995149e-09
5.395053460684925403e-09
4.625594069012355947e-09
3.927187269379949548e-09
3.302536374707420153e-09
2.753184124143104858e-09
2.281461672069021379e-09
1.886919650970616860e-09
1.559933377586985083e-09
1.284521397932629829e-09
1.053911047426646136e-09
8.651283106902586555e-10
7.090132230126238315e-10
5.817905590393030549e-10
4.789863894521246392e-10
3.947689282529915092e-10
3.256022911718318860e-10
2.686736064522999182e-10
2.215794789936812080e-10
1.823691878417901621e-10
1.496019236371777793e-10
1.221369910172551741e-10
9.911787213134956240e-11
7.987430208962529704e-11
6.387425953133229763e-11
5.067268954233513884e-11
3.988199578045521240e-11
3.115159115591640247e-11
2.416031187601375542e-11
1.861585347408892606e-11
1.425762037398181155e-11
1.085895608742915547e-11
8.227863387632743079e-12
6.205036634084190034e-12
4.660233521796691218e-12
3.488070426735735060e-12
2.603967079298549256e-12
1.940542207994567119e-12
1.444681405367527194e-12
1.075027224249289699e-12
7.998223621705291450e-13
5.951720298573880625e-13
4.431224814625547744e-13
3.301958169770596332e-13
2.463081242998496875e-13
1.838868409620125675e-13
1.373706609588764666e-13
1.026991092880031672e-13
7.687358634122364270e-14
5.758764661197889535e-14
4.327703434605756220e-14
3.260629318317417530e-14
2.470183114583400494e-14
1.885896262203811543e-14
1.455250093699538928e-14
1.139884383397223864e-14
9.113691711221752741e-15
7.475665405323379612e-15
6.319735232095664697e-15
5.520905541010034652e-15
4.983358645931292928e-15
4.629481952454704084e-15
4.403207496696983844e-15
4.256964378365347334e-15
