# bin_2_2
1.200859297215677417e-08
1.220243242659591922e-08
1.242314034712582601e-08
1.267312315393572943e-08
1.295473154850757806e-08
1.327051108002105192e-08
1.362311121044914866e-08
1.401531542923124239e-08
1.444938570833809447e-08
1.492598025535708496e-08
1.544357598571873634e-08
1.600021197387458802e-08
1.659547559344439192e-08
1.722839678300474175e-08
1.789382288937339207e-08
1.858870701455125953e-08
1.930429970972651234e-08
2.002149792515951159e-08
2.071482112981712949e-08
2.134754203633420940e-08
2.188740203643683132e-08
2.232997905505120774e-08
2.267900033766161854e-08
2.291230121108474664e-08
2.296071356914559169e-08
2.278191124862120981e-08
2.240788216473711517e-08
2.182621577743866103e-08
2.101472112137141088e-08
1.997104425203604784e-08
1.874575817440841184e-08
1.735148717342423287e-08
1.583009876865962729e-08
1.424528380138650755e-08
1.263999826723187413e-08
1.107750441193779203e-08
9.597467119596050835e-09
8.236610476844060934e-09
7.010749124417072320e-09
5.922015549090719247e-09
4.963481072723370899e-09
4.124619355081082613e-09
3.397961572200500073e-09
2.779708307203358006e-09
2.265225269209920367e-09
1.844839353667913027e-09
1.503944526423853362e-09
1.227540615235613331e-09
1.003739871245057296e-09
8.233520053036643032e-10
6.779729771409073145e-10
5.602614713715192431e-10
4.644031893088779449e-10
3.857473311898412881e-10
3.206246102414175075e-10
2.662171192706371438e-10
2.203928013114198868e-10
1.815672809958203343e-10
1.485764669855231777e-10
1.205631170424489489e-10
9.688237561513796793e-11
7.702539639676327748e-11
6.055922847899859448e-11
4.708786154891892395e-11
3.622988944848079204e-11
2.761207967070813283e-11
2.087366315375881971e-11
1.567605953424004393e-11
1.171363546300579223e-11
8.721343011872611977e-12
6.477927043474621310e-12
4.804751669355054803e-12
3.561422777952929341e-12
2.639769228064141669e-12
1.957544346267690641e-12
1.452759965341112302e-12
1.079046496690620138e-12
8.019965582608303751e-13
5.963509498375883794e-13
4.435122066077849042e-13
3.298560126584947932e-13
2.453384446988936996e-13
1.825632123931216341e-13
1.359135103217120781e-13
1.012631641359187024e-13
7.556336474455102572e-14
5.650840271152132383e-14
4.239443044497480340e-14
3.196979290735302717e-14
2.429758676852640019e-14
1.867576035965285576e-14
1.457817614988479285e-14
1.162426691531975966e-14
9.523904497611784333e-15
8.062246913024552832e-15
7.075051881446602197e-15
6.437970207973419421e-15
6.051839589565597391e-15
5.840724626978179882e-15
5.740121559494829642e-15
