# bin_1_1
5.874715435509884251e-09
5.968532983168395296e-09
6.075269205057084071e-09
6.195904554775900850e-09
6.331184235092933737e-09
6.482078712978343885e-09
6.649798146852222248e-09
6.836060984891649898e-09
7.041720397988679406e-09
7.265562609519105861e-09
7.503362009491140499e-09
7.749521646893828070e-09
7.999524191628815769e-09
8.247218210035849253e-09
8.482830710929320272e-09
8.698207990592060969e-09
8.886962845909821172e-09
9.046664887579948217e-09
9.179149866418181522e-09
9.285264834895262782e-09
9.359474026662138981e-09
9.385108683974164005e-09
9.315678413574651486e-09
9.110556905300802355e-09
8.788522603770099152e-09
8.423513054870872208e-09
8.040210442566666773e-09
7.553496778238116618e-09
6.955482642754540627e-09
6.339384115435868256e-09
5.723970414254791251e-09
5.098169899252444572e-09
4.467872717166080377e-09
3.892208729552633503e-09
3.354611534568709448e-09
2.862738827358005741e-09
2.432615690850672803e-09
2.046917443898502196e-09
1.713094223198590493e-09
1.419730091054340337e-09
1.170925542451161348e-09
9.621076802563096723e-10
7.889822886561203612e-10
6.475152734329489259e-10
5.326470778416776796e-10
4.385215307255891261e-10
3.616021824675551073e-10
2.994067820309452082e-10
2.483060283120624176e-10
2.063304828310068983e-10
1.717504184486955126e-10
1.429777348387660824e-10
1.188482618407302507e-10
9.846115067336148561e-11
8.116407128497823393e-11
6.646060850932941613e-11
5.397956504196708423e-11
4.343642939989109104e-11
3.460209125387150168e-11
2.727846470815036967e-11
2.128506601247527305e-11
1.644971721011605085e-11
1.260386043388529809e-11
9.586137560381186950e-12
7.247494210720598649e-12
5.453557845630701151e-12
4.088998828510845500e-12
3.057503681102980917e-12
2.281463691199810417e-12
1.699706499101311717e-12
1.264833754551428557e-12
9.405117733864969865e-13
6.990628964301343584e-13
5.194991191750194280e-13
3.860243147587900559e-13
2.868232060541765683e-13
2.130875721212076190e-13
1.583012206091340557e-13
1.176162168516874360e-13
8.738222941414980286e-14
6.494071053331300952e-14
4.841704584969939083e-14
3.614762754318495696e-14
2.700611884819823511e-14
2.021253586255694829e-14
1.525350619006945085e-14
1.156934822834451905e-14
8.855913281434897133e-15
6.885429768726161203e-15
5.459349361771880960e-15
4.430500307469776425e-15
3.709601422055521362e-15
3.220030848859962111e-15
2.894344231675908605e-15
2.684189121153226389e-15
2.557212027803353723e-15
2.484610464375066237e-15
2.444370459380651729e-15
2.422133945228976202e-15
2.409039316626682777e-15
