# bin_4_1
1.120818128622188752e-08
1.139261064580554477e-08
1.160271793351518374e-08
1.184077132696638063e-08
1.210895140454823158e-08
1.240961603454097620e-08
1.274523661544521926e-08
1.311857535821192256e-08
1.353169637644610238e-08
1.398434135900299588e-08
1.447352214576784966e-08
1.499513423078559713e-08
1.554681673894747454e-08
1.612534778600306393e-08
1.672504795567296721e-08
1.734165264438761263e-08
1.797044041108390873e-08
1.860318194918252601e-08
1.922708081589979442e-08
1.981507856178166927e-08
2.032823735932584648e-08
2.072442411209848130e-08
2.098551400572472582e-08
2.113213235187556445e-08
2.117154161403296231e-08
2.104586131846653829e-08
2.069237410989998153e-08
2.014208714013898780e-08
1.942658641275360604e-08
1.853111495173725305e-08
1.744963042040121078e-08
1.623444829659658914e-08
1.492725185389909148e-08
1.354013597176694710e-08
1.214391784005320992e-08
1.076123620089387327e-08
9.436936273266587953e-09
8.192170709886745233e-09
7.047750064169283156e-09
6.008487016295541277e-09
5.078704585983341457e-09
4.257269026123115873e-09
3.542085445883801118e-09
2.929459442490570433e-09
2.412040107162027433e-09
1.979393747264910846e-09
1.620235923938541080e-09
1.324158669225576114e-09
1.081656607707439320e-09
8.845585111978508685e-10
7.250949008649281065e-10
5.957192772046489829e-10
4.903069712764175243e-10
4.041865041652195824e-10
3.334904738462641977e-10
2.750632842519937885e-10
2.264907049169264816e-10
1.859032663793055931e-10
1.518804535438363493e-10
1.233394364295825977e-10
9.944579965727996488e-11
7.953735997012644192e-11
6.306927389407633279e-11
4.957146395027334114e-11
3.862413739324104457e-11
2.984459258348400020e-11
2.288321126798445436e-11
1.742384997497257693e-11
1.318630343389116531e-11
9.927809595447030346e-12
7.442932057258647245e-12
5.561637342417875706e-12
4.145975209179673730e-12
3.085954977211832729e-12
2.295196941127375206e-12
1.706783368348253411e-12
1.269535798374299755e-12
9.447754300387984931e-13
7.035282308131196127e-13
5.242740630691441540e-13
3.909868666911674916e-13
2.917484532958571842e-13
2.177902927110473090e-13
1.626821053436804057e-13
1.216249956756118129e-13
9.099438490467970117e-14
6.823851657949316649e-14
5.128544673978648153e-14
3.870915723390603074e-14
2.939721760373876100e-14
2.251876630749367645e-14
1.746230936826887439e-14
1.377415720185862914e-14
1.110943867443236288e-14
9.207881448525158847e-15
7.874053990338070578e-15
6.960690108020673727e-15
6.353302774623264100e-15
5.963586224654952465e-15
5.721850351362020038e-15
