# bin_1_1
5.255413336288195892e-09
5.339866445517005120e-09
5.436004383603003446e-09
5.544622060241353418e-09
5.666455514793331685e-09
5.802434949548287541e-09
5.953685508412100668e-09
6.121677342893855017e-09
6.307439088067839437e-09
6.509729358026802484e-09
6.724569772549291737e-09
6.946696865187156234e-09
7.171775291244749792e-09
7.393773865807199599e-09
7.603339687884744897e-09
7.792617978842461667e-09
7.955783149263593955e-09
8.089916406337900668e-09
8.197425993785611114e-09
8.282157934077142995e-09
8.344486500502212493e-09
8.363165003443092811e-09
8.292877001646503715e-09
8.090967108872359656e-09
7.778628534389918563e-09
7.437231593515092661e-09
7.083317150991408039e-09
6.636070339209955747e-09
6.086368058236518335e-09
5.524139366047690293e-09
4.972983438813871749e-09
4.412554077517511874e-09
3.851831151879154463e-09
3.345438786637922504e-09
2.875521456655084161e-09
2.447129696827822232e-09
2.075459890284111635e-09
1.742216551127931431e-09
1.455062101721535307e-09
1.203149482218240825e-09
9.906728163652974596e-10
8.135963676230101973e-10
6.672373625183806258e-10
5.478080024673657992e-10
4.510530425067593752e-10
3.718430818999856834e-10
3.071667112139978853e-10
2.547760320827594283e-10
2.116236622793208461e-10
1.760978104616461981e-10
1.467484172918366560e-10
1.222481717274586408e-10
1.016268923665346683e-10
8.414870319487720839e-11
6.928318105959134483e-11
5.662699147160467407e-11
4.588059110072476806e-11
3.681091400045775177e-11
2.922700771422413336e-11
2.295966374695429400e-11
1.785128165415905118e-11
1.374901919068379137e-11
1.050219570364291004e-11
7.966947572130267217e-12
6.011092676140588680e-12
4.516684476010484174e-12
3.383551739576615370e-12
2.528986412259036047e-12
1.887026223818135135e-12
1.406164274528441400e-12
1.046794095299785851e-12
7.787335956772093647e-13
5.790731374961032736e-13
4.304805614191329497e-13
3.199431763647612870e-13
2.377362436605915979e-13
1.766074681469258037e-13
1.311819546181987032e-13
9.744989920289480069e-14
7.237687343225130134e-14
5.377249572321780109e-14
4.010206934656792709e-14
2.995443575166159276e-14
2.238489119552634904e-14
1.676020574253448409e-14
1.266714131127195295e-14
9.624591173425224046e-15
7.384460625952653650e-15
5.763104594287239786e-15
4.593108561186648420e-15
3.750872025958465781e-15
3.164842108061344727e-15
2.771617883324166225e-15
2.512842852456056408e-15
2.348099964389659935e-15
2.250706847787629748e-15
2.196219513124476204e-15
2.166108913552748099e-15
2.148960769065126439e-15
2.138293816872560926e-15
