# bin_4_3
1.447290742397363990e-08
1.473446779621763560e-08
1.503407367087148604e-08
1.537604877269499348e-08
1.576481423554668348e-08
1.620525645729391159e-08
1.670262949428311665e-08
1.726274634332910087e-08
1.789120992708832899e-08
1.859243689970026346e-08
1.936925552330193592e-08
2.022421468443176630e-08
2.116156437679480576e-08
2.218500610316697025e-08
2.329582388651629169e-08
2.449348886651135966e-08
2.577073972732255751e-08
2.711396621667172891e-08
2.850151450261174847e-08
2.989362539475104857e-08
3.126222462767670336e-08
3.259301510738383363e-08
3.388161848748064565e-08
3.509051039226025212e-08
3.612212564733380033e-08
3.692818742903566247e-08
3.750101111182367467e-08
3.779308488709297342e-08
3.773841322216197802e-08
3.729943036150705116e-08
3.647921610660061311e-08
3.524476175029450767e-08
3.360988209689495423e-08
3.161240866660102935e-08
2.929366949405354051e-08
2.673771523613282028e-08
2.403226753572310894e-08
2.128474843011319675e-08
1.859906919644171604e-08
1.606578514233564875e-08
1.375053639010641328e-08
1.168318228738748553e-08
9.859443464075888349e-09
8.252618330329148183e-09
6.834360755665823437e-09
5.593015704981509186e-09
4.537396558715950212e-09
3.674470289445422837e-09
2.982572079689888883e-09
2.420475961894907099e-09
1.960871881708595500e-09
1.592765365178899524e-09
1.299259647964126544e-09
1.063250501915486612e-09
8.735176078088568755e-10
7.201390551401729777e-10
5.951339087684492880e-10
4.923812586986914938e-10
4.071494688340562032e-10
3.358551280188423950e-10
2.758332881116985444e-10
2.251185208421058127e-10
1.822605256136108876e-10
1.461711305011262719e-10
1.160000861165588970e-10
9.104012697235997190e-11
7.066006731405323143e-11
5.426488023528381697e-11
4.127963209447943807e-11
3.115127300319830850e-11
2.336108124634675962e-11
1.744008442104834442e-11
1.298151869055888306e-11
9.646734464090019037e-12
7.163796922008702123e-12
5.320490521250544957e-12
3.954419157586378684e-12
2.942740173860873887e-12
2.193194594746428202e-12
1.636675384168196881e-12
1.222159414653756352e-12
9.126975266554759030e-13
6.816096396541512369e-13
5.090324935154201092e-13
3.801971110208349974e-13
2.840501602328828543e-13
2.123272184497041046e-13
1.588387214552034430e-13
1.189833031698609695e-13
8.931846762191203443e-14
6.726799427777849348e-14
5.090403018315341756e-14
3.880795822385443033e-14
2.989954644500886002e-14
2.338241019347906317e-14
1.866640397808251090e-14
1.529992698464839035e-14
1.295155034358894589e-14
1.136647397732683316e-14
1.035115364073218788e-14
