# bin_3_1
1.124849778117844722e-08
1.142476314812090654e-08
1.162515151726723500e-08
1.185171840030956449e-08
1.210643088263866451e-08
1.239133588832417140e-08
1.270856553929355929e-08
1.306042748112384573e-08
1.344868621689274972e-08
1.387350236585618881e-08
1.433296232540198663e-08
1.482474028332127144e-08
1.534809540648794828e-08
1.590174687150673754e-08
1.648171221620086089e-08
1.708271051291081056e-08
1.769678538286466972e-08
1.830635137538519091e-08
1.888501546031785308e-08
1.939953519469820480e-08
1.982327826321447341e-08
2.015476981127045518e-08
2.040346887785206675e-08
2.054400826074230214e-08
2.051174826605597799e-08
2.028137612488241392e-08
1.988527202932024373e-08
1.931406779828458147e-08
1.854801937982742526e-08
1.759316811428270571e-08
1.649794523252731154e-08
1.526839320242850408e-08
1.394611337759902193e-08
1.257910040784694822e-08
1.120110057381422904e-08
9.860037927140245010e-09
8.584415058924489772e-09
7.401223379980432184e-09
6.323952211530645183e-09
5.357464731631321767e-09
4.501722059752769897e-09
3.753297600837138538e-09
3.107522953381502916e-09
2.558373244095661642e-09
2.097400393200169569e-09
1.714347398462987350e-09
1.399138069023748076e-09
1.142257451736237999e-09
9.340887718211796989e-10
7.656442094732088822e-10
6.291771727657151878e-10
5.183840927697978861e-10
4.281749932186640186e-10
3.542560226693012155e-10
2.932443989076140325e-10
2.425257224538979264e-10
2.000764740530490725e-10
1.643717738821598499e-10
1.342643252085421255e-10
1.088874308476102687e-10
8.757336840684554678e-11
6.978799221037934261e-11
5.508054188847703618e-11
4.305125942718753905e-11
3.333212478055810995e-11
2.557939348591737540e-11
1.947348139449994842e-11
1.472239345592963999e-11
1.106616444546396398e-11
8.279706421651644394e-12
6.173491466424204822e-12
4.592041843775182100e-12
3.410734722963251362e-12
2.531636686239725724e-12
1.879038748275663782e-12
1.395197187859456368e-12
1.036572682525919257e-12
7.706507121089148833e-13
5.733757693175362796e-13
4.268345126329367088e-13
3.178553290496044545e-13
2.367501662850172463e-13
1.764409149145695159e-13
1.315518220193620217e-13
9.816767318403699150e-14
7.336097116973027541e-14
5.494694604974622770e-14
4.128647938719165322e-14
3.117937216214691221e-14
2.372583809339870637e-14
1.825076582095979021e-14
1.424768701517359982e-14
1.135424557034363990e-14
9.283070445563030056e-15
7.825843563765974952e-15
6.826943809431612071e-15
6.161485649160047586e-15
5.737029113583513690e-15
5.479753864411651014e-15
5.333248284412188923e-15
