# bin_2_2
1.115149446616771129e-08
1.133265316538162441e-08
1.153894111279323926e-08
1.177263605962092403e-08
1.203596113455323361e-08
1.233124513761080900e-08
1.266089601007022577e-08
1.302754988865471469e-08
1.343326029269933916e-08
1.387850350353752420e-08
1.436174582200726744e-08
1.488092935080379541e-08
1.543547856064437032e-08
1.602426720883204652e-08
1.664361410832454824e-08
1.728886438356079444e-08
1.795273796779835296e-08
1.861876857484489347e-08
1.926024509153735218e-08
1.984100396351101515e-08
2.032827164439783975e-08
2.071476100348665276e-08
2.101073623670337421e-08
2.119334206098735464e-08
2.119107776288919623e-08
2.096579524106396687e-08
2.054836556142066400e-08
1.993342812439679190e-08
1.909753455129744243e-08
1.804453928083841488e-08
1.682883100344333492e-08
1.546612471709198935e-08
1.400172247580964674e-08
1.250019138999603389e-08
1.100378496193431429e-08
9.572367651075606295e-09
8.239588358557188369e-09
7.033594842777394108e-09
5.960709638883338262e-09
5.014607866487434748e-09
4.182759676433854766e-09
3.454402683039047849e-09
2.827270556099011176e-09
2.303043895242593484e-09
1.875818484880323524e-09
1.529532612651502675e-09
1.248000547449519277e-09
1.020027588307418129e-09
8.361545818706114502e-10
6.884697937410012449e-10
5.691056393653171664e-10
4.721064856882006135e-10
3.927752669757796874e-10
3.272238326171782450e-10
2.725449506732985466e-10
2.264952502088997117e-10
1.874202236336487999e-10
1.541076486710424760e-10
1.256814617773928273e-10
1.015008878089373638e-10
8.107868579292382219e-11
6.401620831593820747e-11
4.995438891992719104e-11
3.854521010280038397e-11
2.943926879386651568e-11
2.228799755710597638e-11
1.675447364420631338e-11
1.252681468705742555e-11
9.329656782750884094e-12
6.930344696873377665e-12
5.139657739545649401e-12
3.808316911245904433e-12
2.821123647034401283e-12
2.090428703815547953e-12
1.550074865294690342e-12
1.150383226884529315e-12
8.543359343423693288e-13
6.346888005276714663e-13
4.716001353061494069e-13
3.504388524661868045e-13
2.604126410696669404e-13
1.935275015347785503e-13
1.439090398847590448e-13
1.070707612732587799e-13
7.973717862183615536e-14
5.949140982966096742e-14
4.449927075822615953e-14
3.341129905321298409e-14
2.523918379347443545e-14
1.924294536893949334e-14
1.486757942564772126e-14
1.169621634829382761e-14
9.429624726421761953e-15
7.838377669388922907e-15
6.752321655429945499e-15
6.039876393174344433e-15
5.600876840567478318e-15
5.354061282733339769e-15
5.237633516613771995e-15
5.194836537758490838e-15
