# bin_4_2
1.225209282354260175e-08
1.246121811221896304e-08
1.270001776347353085e-08
1.297148450112722523e-08
1.327865500973053602e-08
1.362477142366763530e-08
1.401326192301171821e-08
1.444788879649217586e-08
1.493195345665667661e-08
1.546733528348263400e-08
1.605404441621061278e-08
1.669163137259845088e-08
1.738106236123835154e-08
1.812267294003665951e-08
1.891410148417030161e-08
1.975162707137200926e-08
2.062845018888798560e-08
2.152832622889417057e-08
2.242464933943956100e-08
2.328140398602299508e-08
2.406487581204946806e-08
2.476342450298274657e-08
2.537924386379621882e-08
2.588154931334759813e-08
2.619314321190878132e-08
2.626586734174109291e-08
2.611473002030306132e-08
2.571941469044229700e-08
2.504272717308017165e-08
2.407324466708640747e-08
2.284998546467088093e-08
2.137958748709227939e-08
1.970253817154835803e-08
1.788671251964922146e-08
1.598798577338524813e-08
1.408932468014631591e-08
1.225569746428883804e-08
1.054905263946030462e-08
9.005143947324096159e-09
7.635306823020369018e-09
6.429420745443421151e-09
5.366420991244189066e-09
4.430717074445581860e-09
3.620149557149928374e-09
2.938868502338665974e-09
2.384576225577466869e-09
1.941739081336622120e-09
1.584462740630033209e-09
1.291006381348443856e-09
1.054375189746565622e-09
8.664453982081054429e-10
7.149453412345818714e-10
5.917865995575292331e-10
4.916807764508112471e-10
4.091669559778061962e-10
3.406136757063819563e-10
2.830404269148503445e-10
2.342936591195346281e-10
1.927889972604154529e-10
1.573787025094013351e-10
1.272329538875190454e-10
1.017328742847410531e-10
8.038367245940686910e-11
6.275070275678725276e-11
4.841650312258929451e-11
3.696093059467195686e-11
2.796017606001310801e-11
2.099855096481526094e-11
1.568626940076634207e-11
1.167552496532712234e-11
8.670611137685913889e-12
6.430773741325033612e-12
4.766704129759939581e-12
3.533116890650927262e-12
2.620033448155676896e-12
1.944654374768275832e-12
1.444864535241168625e-12
1.074425758442946752e-12
7.992736081893360006e-13
5.945227024856940165e-13
4.421502464524169624e-13
3.288404846582876678e-13
2.446559348499520881e-13
1.820778900150086089e-13
1.355760809840265198e-13
1.010568875232684141e-13
7.543910426771406126e-14
5.644197003956176170e-14
4.238442648963093435e-14
3.201086128805567424e-14
2.438238054502293919e-14
1.879636992690292715e-14
1.474211139161427348e-14
1.183288250027808949e-14
9.782969540656050427e-15
8.375982047327199333e-15
7.449862627991456251e-15
6.877026052526218549e-15
6.561540660668171105e-15
6.416163236059583693e-15
