# bin_3_3
1.449329219103641278e-08
1.475061539076045446e-08
1.504507871354212486e-08
1.538078545751180166e-08
1.576187895513509696e-08
1.619292251181202492e-08
1.667879072067373608e-08
1.722486319100932408e-08
1.783620977548995263e-08
1.851656286295524659e-08
1.926789362821820455e-08
2.009179393395152004e-08
2.099159177378903451e-08
2.197002726788885652e-08
2.302731065164594277e-08
2.416178106103383044e-08
2.536486491773388290e-08
2.662142251894113037e-08
2.790790114071855533e-08
2.918171399637777048e-08
3.041315022915031528e-08
3.158838688675648496e-08
3.270546517011409360e-08
3.372751927183772610e-08
3.455460292626971591e-08
3.514094605674837467e-08
3.548562740527446218e-08
3.554622097024387196e-08
3.526185281286606760e-08
3.460379100482710800e-08
3.358708244217460562e-08
3.218867447413599624e-08
3.043475500008477497e-08
2.837479250287930917e-08
2.605843786288400864e-08
2.357516097699471026e-08
2.101143080182079363e-08
1.846718496943628378e-08
1.603160243566687645e-08
1.377485591454234602e-08
1.173978886077631473e-08
9.936255024062327330e-09
8.348583023019667435e-09
6.950443871991439716e-09
5.722805248499210797e-09
4.663381806473206351e-09
3.780136554912099854e-09
3.067009738065610654e-09
2.492956381642403550e-09
2.023783830363778023e-09
1.643418606558745337e-09
1.340366056256814602e-09
1.096959489461698058e-09
9.011034453050764756e-10
7.429657652560936949e-10
6.143137078194260758e-10
5.087689446868654506e-10
4.213816840511486220e-10
3.483876553022178509e-10
2.869682106508920673e-10
2.350404185155853132e-10
1.910734871661998645e-10
1.539303129581565242e-10
1.227395357081221585e-10
9.679395460740517710e-11
7.547650441229971593e-11
5.821285913063412780e-11
4.444813079978815696e-11
3.364360701430470025e-11
2.528645576093752010e-11
1.890495339198177692e-11
1.408259705740013356e-11
1.046679725561406009e-11
7.770368040130489901e-12
5.766738523488035897e-12
4.281280498694228755e-12
3.181351204608601902e-12
2.367039069494742095e-12
1.763589827602837960e-12
1.315254644843917612e-12
9.812077111591284218e-13
7.319811878124094728e-13
5.460976447225983164e-13
4.074358291566691552e-13
3.040433848529131610e-13
2.269810761433385421e-13
1.695710183701852450e-13
1.268146854958286142e-13
9.500606220102004076e-14
7.137420448094979171e-14
5.384648060518287449e-14
4.087284807652947772e-14
3.131831754253719371e-14
2.431476623599993204e-14
1.922459479544273338e-14
1.557585009747321940e-14
1.300477500531455433e-14
1.124482921968953540e-14
1.008907178345396530e-14
9.378921872273003519e-15
