# bin_4_4
1.470541640738388271e-08
1.498375341258538214e-08
1.530319074223556516e-08
1.566855812524765926e-08
1.608483105576606563e-08
1.655753295137553613e-08
1.709277702772050446e-08
1.769734719496314612e-08
1.837763864919133398e-08
1.913860375088336811e-08
1.998286860744796613e-08
2.091243725127684609e-08
2.193108406726000109e-08
2.304191986189725659e-08
2.424551836177224126e-08
2.554351505014897728e-08
2.693677996470674861e-08
2.842121940262817182e-08
2.998235633648061335e-08
3.159743922336244852e-08
3.322716282493764519e-08
3.481962889418982310e-08
3.634743571640257075e-08
3.780430243741700151e-08
3.917904799915207209e-08
4.038243368437670708e-08
4.131212092771187411e-08
4.195865764370860945e-08
4.229417290456051664e-08
4.225743362903554006e-08
4.178187813629698211e-08
4.086764033933294293e-08
3.951255641813870306e-08
3.769893572277723870e-08
3.548816844400440116e-08
3.292038565635018714e-08
3.008977348115853861e-08
2.709262899457919825e-08
2.404537605532077925e-08
2.105691875466474375e-08
1.822686614210576332e-08
1.562559592980233047e-08
1.328882812465617838e-08
1.121829465570383754e-08
9.392522581089716637e-09
7.785723260941747938e-09
6.384721547650400429e-09
5.190020485191219985e-09
4.201386358692122010e-09
3.400913315569815749e-09
2.753673761769950889e-09
2.227581609674076995e-09
1.803595454450496862e-09
1.465036271295832475e-09
1.193886030922388476e-09
9.761912570839525376e-10
8.008165773141356558e-10
6.585433359780288371e-10
5.422620331091429929e-10
4.464291676980145703e-10
3.668407250358267126e-10
3.003348054170998137e-10
2.445538651078118257e-10
1.977360290121722815e-10
1.585439867108467226e-10
1.259283225639700346e-10
9.902442890358585878e-11
7.707994935537130233e-11
5.941056700099621227e-11
4.537855568647118886e-11
3.438832985967077600e-11
2.589219462101336104e-11
1.939974437106279880e-11
1.448587071760640923e-11
1.079435318809388677e-11
8.036039060634012633e-12
5.982487657363881441e-12
4.456982288555295827e-12
3.324765343378581886e-12
2.484057991768396423e-12
1.858586753342784078e-12
1.391878431330290263e-12
1.042728692256213792e-12
7.812333506040382515e-13
5.853629215470168410e-13
4.386210020380661227e-13
3.287990840847497235e-13
2.465685146289499705e-13
1.850633335259258870e-13
1.390852839301746340e-13
1.047389138498515572e-13
7.911557191710619028e-14
6.004128955613906578e-14
4.588296828375750669e-14
3.541501134513670972e-14
2.772208726122693794e-14
2.212111146654224750e-14
1.809822571931279232e-14
1.526765534019237806e-14
1.333207076196314305e-14
