# bin_2_4
-5.565673180543023779e-10
-5.641761363049595742e-10
-5.727536305188246904e-10
-5.823547329471874867e-10
-5.930116363313090903e-10
-6.047551053620964511e-10
-6.176116201571832172e-10
-6.316125969130302534e-10
-6.467429266399903928e-10
-6.628829953502169943e-10
-6.797821539251924156e-10
-6.971602122770089246e-10
-7.148500204070626660e-10
-7.326709637288859989e-10
-7.503281564624849818e-10
-7.675226089672592122e-10
-7.836538372369767907e-10
-7.979056228922063211e-10
-8.092354825750151244e-10
-8.157667701078136361e-10
-8.166668341912373886e-10
-8.123922625861747677e-10
-8.045487295009039371e-10
-7.933541787259145517e-10
-7.754256562896146516e-10
-7.503152633302616427e-10
-7.206680196234625500e-10
-6.865914470440087156e-10
-6.469857995412151934e-10
-6.020234618608761316e-10
-5.545398895192910760e-10
-5.044565959453162351e-10
-4.533356525245100105e-10
-4.033821088546426560e-10
-3.551180136784829751e-10
-3.100619734093991711e-10
-2.682450767498481744e-10
-2.301429609019308524e-10
-1.958582530108668809e-10
-1.654696559564655943e-10
-1.388997659720006993e-10
-1.158812953802164856e-10
-9.607099926024163099e-11
-7.916722761315253236e-11
-6.504416949774808683e-11
-5.349083785836165041e-11
-4.402643952342802169e-11
-3.620893868672443765e-11
-2.977236847937740327e-11
-2.445786584635706699e-11
-2.011299200632878214e-11
-1.659213647274089947e-11
-1.369543934934123716e-11
-1.129200573003472610e-11
-9.302961899981794010e-12
-7.647579881527764004e-12
-6.261914886348641647e-12
-5.101855049408745397e-12
-4.130105857787823967e-12
-3.318843253684578175e-12
-2.645337962473637001e-12
-2.090638728891133268e-12
-1.638188836430355751e-12
-1.273118457602647752e-12
-9.818643928800844123e-13
-7.520855034395769368e-13
-5.726996176729277965e-13
-4.339554216688531350e-13
-3.274940399276336423e-13
-2.463337354216004244e-13
-1.847851031630914185e-13
-1.383063747686303488e-13
-1.033314521189113440e-13
-7.709339185110770217e-14
-5.746210339818512336e-14
-4.280738084656714168e-14
-3.188575387024383334e-14
-2.375174800707984737e-14
-1.769943055005544395e-14
-1.319537967363561410e-14
-9.843244126870811471e-15
-7.348943552511795452e-15
-5.496695205432248873e-15
-4.117231508453770082e-15
-3.089850924412596951e-15
-2.326240855316207354e-15
-1.758976357270048331e-15
-1.338017998027753036e-15
-1.026732435256899433e-15
-7.973390158803617050e-16
-6.288935935138684836e-16
-5.057179877932660714e-16
-4.166901918879207898e-16
-3.531845731892322271e-16
-3.088098922062072472e-16
-2.784973617544260826e-16
-2.582717630899646481e-16
-2.450628581239140940e-16
-2.366103347446032763e-16
-2.313885609823634188e-16
