# bin_2_3
-1.633259757988989224e-10
-1.653397645806897215e-10
-1.676051879675421480e-10
-1.701369088601984495e-10
-1.729449708180216931e-10
-1.760391511757025985e-10
-1.794300325585540577e-10
-1.831314819294885730e-10
-1.871503345658224744e-10
-1.914749708979620944e-10
-1.960682689812096396e-10
-2.008909543730995425e-10
-2.059032826477650882e-10
-2.110236753489793778e-10
-2.161125156622077387e-10
-2.210104195458068916e-10
-2.254079950802807343e-10
-2.290394017383223135e-10
-2.318033498941633766e-10
-2.338323200513749505e-10
-2.353956744648804220e-10
-2.362482955172383018e-10
-2.358530495077222847e-10
-2.344010167348618324e-10
-2.323689740723274419e-10
-2.296938237286069729e-10
-2.259778572125099388e-10
-2.212209644103842580e-10
-2.155534110859357480e-10
-2.084938711140852548e-10
-2.001463820596846423e-10
-1.904794517653420350e-10
-1.795551063430082807e-10
-1.676423851115011573e-10
-1.550163655602567056e-10
-1.420066460571243680e-10
-1.288985473734218311e-10
-1.159025737268319856e-10
-1.031497716958706316e-10
-9.069025671547938810e-11
-7.863075277774166747e-11
-6.722448491006087090e-11
-5.681271258297947698e-11
-4.775989939381392832e-11
-4.022306654282206815e-11
-3.390632612242918765e-11
-2.821209328177366518e-11
-2.296903235670319508e-11
-1.853879299367603875e-11
-1.507323378805996305e-11
-1.228439620179052924e-11
-9.933756194660499164e-12
-8.030299730069043235e-12
-6.509088373371055147e-12
-5.281854425379410426e-12
-4.293111861186226288e-12
-3.495650871186924421e-12
-2.849854121068116892e-12
-2.323984844136625479e-12
-1.893787533871820179e-12
-1.540412302646479967e-12
-1.249399078527691637e-12
-1.009564208236652558e-12
-8.120848677718463973e-13
-6.498213652777392719e-13
-5.168769961239532222e-13
-4.083395733689716011e-13
-3.201247783705796798e-13
-2.488601058515818468e-13
-1.917574264653901993e-13
-1.464784254077663898e-13
-1.110130681803295781e-13
-8.359211192563789291e-14
-6.264737244976173378e-14
-4.680973166351782026e-14
-3.492059315987387528e-14
-2.603611486768862420e-14
-1.941273104510681730e-14
-1.448436318074874769e-14
-1.082539554017737258e-14
-8.110824243436041002e-15
-6.088281881158866702e-15
-4.574079935661701634e-15
-3.437868152088390057e-15
-2.585571416598780518e-15
-1.946320121616088474e-15
-1.467247906293234814e-15
-1.108460129893798660e-15
-8.398869477016126168e-16
-6.389841055355410355e-16
-4.888091844108402169e-16
-3.766540229037245971e-16
-2.930654156538831407e-16
-2.309342635912805538e-16
-1.849876012405985898e-16
-1.512693962827466772e-16
-1.267999730409326853e-16
-1.092751056732357914e-16
-9.688488339091627638e-17
-8.827118447064185245e-17
