# bin_1_4
-3.961809673642425896e-10
-4.015600625603336503e-10
-4.076173346272432610e-10
-4.143838000871894808e-10
-4.218696152839793796e-10
-4.300848641284154404e-10
-4.390386353930399189e-10
-4.487456052695800138e-10
-4.591736061801145492e-10
-4.701861911445085940e-10
-4.815062249442248254e-10
-4.928170270680149585e-10
-5.038977549552504749e-10
-5.145167507620134583e-10
-5.243514634597549221e-10
-5.332028654104372205e-10
-5.409416383162893325e-10
-5.472630960302969466e-10
-5.516077350966036966e-10
-5.533192152476172671e-10
-5.510100579081508084e-10
-5.436497113283838523e-10
-5.317354788925409132e-10
-5.171292326071462508e-10
-5.011994026460819179e-10
-4.814828849420072000e-10
-4.565107053742440084e-10
-4.290709665301512730e-10
-4.001633647142928907e-10
-3.693994839321308370e-10
-3.363827199756947961e-10
-3.036982058078370067e-10
-2.718676616964859475e-10
-2.408687004453839400e-10
-2.124855049438366507e-10
-1.861518062903462309e-10
-1.623613014010030119e-10
-1.407095676075391766e-10
-1.213031013008665629e-10
-1.039232152156540534e-10
-8.848205799070639314e-11
-7.483112080275715048e-11
-6.284187840751211656e-11
-5.244537383369961814e-11
-4.365298899126154042e-11
-3.640116764102135384e-11
-3.043585064128720420e-11
-2.542577539846892474e-11
-2.109409208984814991e-11
-1.731794851549222336e-11
-1.416872822196098663e-11
-1.165096351788257883e-11
-9.575160853016489245e-12
-7.813133674899648160e-12
-6.361170797969742644e-12
-5.167061318701005857e-12
-4.174433103847906266e-12
-3.358158263204190112e-12
-2.686170939916621680e-12
-2.136495023083770670e-12
-1.689624051720208254e-12
-1.328977393627543511e-12
-1.040275245991866020e-12
-8.109976067951612073e-13
-6.302380936901825417e-13
-4.885830115905649456e-13
-3.780534322659464204e-13
-2.920242843219912745e-13
-2.251317256865344449e-13
-1.731277537623465554e-13
-1.327086947362362516e-13
-1.013314623166617402e-13
-7.704084492911487603e-14
-5.832071552323633184e-14
-4.397705770119898215e-14
-3.305621848581273029e-14
-2.479090442286836982e-14
-1.856550641893066558e-14
-1.389392622588170237e-14
-1.040233472618480942e-14
-7.797958723426132207e-15
-5.857578291306192268e-15
-4.411451048245829858e-15
-3.332508168264007176e-15
-2.523281731282960715e-15
-1.914653028900007135e-15
-1.459928258914667573e-15
-1.118671818708977616e-15
-8.634965662642131598e-16
-6.736810854800409269e-16
-5.323642567738336765e-16
-4.276302023990492943e-16
-3.506764093898206911e-16
-2.943309616892031079e-16
-2.537249763271697761e-16
-2.246236535738142004e-16
-2.038963863588257825e-16
-1.891129885164586260e-16
-1.785205089794378000e-16
-1.709099214934617677e-16
