# bin_2_1
-1.870544272906277815e-09
-1.901148908033744638e-09
-1.936021727284057256e-09
-1.975574376458465605e-09
-2.020195067836024249e-09
-2.070304465822420304e-09
-2.126347550835423724e-09
-2.188816173809519095e-09
-2.258120116028713087e-09
-2.334434104414332715e-09
-2.417625122748552255e-09
-2.507490161764420379e-09
-2.604095440898104823e-09
-2.707430478510708968e-09
-2.817120184483563624e-09
-2.932645908899096203e-09
-3.052528247497535730e-09
-3.174470377563448243e-09
-3.295243203241920247e-09
-3.409040428428796172e-09
-3.512187397103998123e-09
-3.603693475531909252e-09
-3.684860067532149380e-09
-3.752857121838274284e-09
-3.795185403850928365e-09
-3.806517980573911454e-09
-3.789296483249874929e-09
-3.739655225353289270e-09
-3.650943868845751637e-09
-3.520394047694164278e-09
-3.353002122999700424e-09
-3.148046403800359100e-09
-2.911085905535133726e-09
-2.651750423907983245e-09
-2.377767785858740972e-09
-2.101507342664411468e-09
-1.832655704948042256e-09
-1.581240444762579548e-09
-1.353617687958944218e-09
-1.151373429775845741e-09
-9.718479877125892316e-10
-8.123292116349850595e-10
-6.715152398604622467e-10
-5.489960485965999430e-10
-4.457188845530098814e-10
-3.626806652123660054e-10
-2.954054480947860319e-10
-2.397200748943700682e-10
-1.951959751277851535e-10
-1.593702545321624006e-10
-1.305876123291439056e-10
-1.074896337302032468e-10
-8.884003086827563509e-11
-7.369844964118406722e-11
-6.129401072818287798e-11
-5.102871746468813469e-11
-4.244374666653053937e-11
-3.519527967810145723e-11
-2.903123445286554976e-11
-2.377018792933396448e-11
-1.928244156783534774e-11
-1.547400476433219579e-11
-1.227241512716042525e-11
-9.615958798107888838e-12
-7.446128645265743570e-12
-5.703737856588174157e-12
-4.328277086692214254e-12
-3.259597913124877167e-12
-2.440613038995164272e-12
-1.819867096799561814e-12
-1.353248024275877676e-12
-1.004539488587178046e-12
-7.450111348738566752e-13
-5.524271593792824932e-13
-4.097955155223579800e-13
-3.042572146919178187e-13
-2.261558014729847016e-13
-1.682421970497892653e-13
-1.252134764544928667e-13
-9.320264093611865686e-14
-6.937576310064009997e-14
-5.164045964755793813e-14
-3.845225203999820260e-14
-2.864102742143850952e-14
-2.134595583409312730e-14
-1.592702352660275391e-14
-1.190349568485626899e-14
-8.917832390181449408e-15
-6.706429255679628649e-15
-5.072113225011749006e-15
-3.867473562737816575e-15
-2.982508137564795420e-15
-2.337834713354518495e-15
-1.872992854133819652e-15
-1.543406326973933549e-15
-1.314999791284126623e-15
-1.162582301430725893e-15
-1.068416418806776457e-15
-1.014691960841125079e-15
-9.894631682839415004e-16
