# bin_3_2
-5.622986390979978537e-10
-5.720169881537572618e-10
-5.831561631295693328e-10
-5.958845132115520385e-10
-6.103809047843304546e-10
-6.268466945595114579e-10
-6.455094151082328162e-10
-6.666323845388142154e-10
-6.904930354750957722e-10
-7.173599469587882529e-10
-7.474796113152014651e-10
-7.811265524727620460e-10
-8.186485959283724166e-10
-8.603233084344320054e-10
-9.063094036013459269e-10
-9.567445267200552287e-10
-1.011579540717196769e-09
-1.070505232852200340e-09
-1.133631928478695799e-09
-1.201480532907704829e-09
-1.274973668645817661e-09
-1.354255581529409589e-09
-1.437768647329913998e-09
-1.524913897433636852e-09
-1.616080035353157853e-09
-1.710131807483405108e-09
-1.804227875144589546e-09
-1.895350087488618721e-09
-1.980483770947232036e-09
-2.054477676877878874e-09
-2.111885777112583024e-09
-2.147269616170244477e-09
-2.154280209896431646e-09
-2.127991322613833140e-09
-2.064533283327987730e-09
-1.963000687311088033e-09
-1.826070744288813262e-09
-1.661032386413398732e-09
-1.479618996536769100e-09
-1.296317113787888612e-09
-1.124809310886369308e-09
-9.732679568148152181e-10
-8.400128303709135460e-10
-7.173883379289755850e-10
-6.004657302800832511e-10
-4.918950670772583118e-10
-3.973624603502919222e-10
-3.206487664722520401e-10
-2.598977774510550271e-10
-2.090155413900188613e-10
-1.671920786824713266e-10
-1.341612627205405624e-10
-1.079426380859731351e-10
-8.710668889187913663e-11
-7.072523449900232618e-11
-5.776893485908452589e-11
-4.750275649367198656e-11
-3.930389640183188488e-11
-3.268221792884007338e-11
-2.725803030271242388e-11
-2.274344241878857442e-11
-1.892728356361564182e-11
-1.566076347217056045e-11
-1.284444923108400046e-11
-1.041556166568954003e-11
-8.335330790533276392e-12
-6.577389719601255836e-12
-5.118487580429506253e-12
-3.932594481471839773e-12
-2.988804490213823800e-12
-2.252281254528269488e-12
-1.686937908817920499e-12
-1.258443855501960379e-12
-9.365123108474148474e-13
-6.960316726046042687e-13
-5.171328154607999515e-13
-3.844966877568740464e-13
-2.863617503235340504e-13
-2.137581393503869251e-13
-1.598647595789810864e-13
-1.196525007841457176e-13
-8.955669180385465982e-14
-6.702210853283910273e-14
-5.015373795682752519e-14
-3.752924611648038870e-14
-2.808334293785473967e-14
-2.101784843607845019e-14
-1.573427098889810863e-14
-1.178409986988590069e-14
-8.831445085401012372e-15
-6.625055189543753318e-15
-4.976808574209409089e-15
-3.746136412169881455e-15
-2.827931920383975514e-15
-2.143802347443841208e-15
-1.635656675445336085e-15
-1.260406271332067749e-15
-9.858683461746893090e-16
-7.879952751050074918e-16
-6.528064490975700440e-16
