# bin_3_3
-1.510213163456332017e-10
-1.531330226204640853e-10
-1.555272275423001655e-10
-1.582282852151899164e-10
-1.612586478092818410e-10
-1.646425710120038680e-10
-1.684072257166847510e-10
-1.725849131910161394e-10
-1.772050205571763711e-10
-1.822850704045091900e-10
-1.878252755526247158e-10
-1.938275047404449590e-10
-2.002966008690643578e-10
-2.072070597726289458e-10
-2.144899325465262054e-10
-2.220632794721967695e-10
-2.297262736579116502e-10
-2.373149190025955200e-10
-2.447985553010590499e-10
-2.523340951777489528e-10
-2.601858524469599791e-10
-2.681945908667702588e-10
-2.759546804344449008e-10
-2.836362001741596656e-10
-2.916173113264905939e-10
-2.998074254757098930e-10
-3.077970954395766468e-10
-3.154516381726219009e-10
-3.226826452156531323e-10
-3.288272734196401627e-10
-3.336233544622386508e-10
-3.366173353159164475e-10
-3.373566074655128710e-10
-3.354897371793954090e-10
-3.306199694191559582e-10
-3.223706740094438261e-10
-3.103552676222141389e-10
-2.942387595051608262e-10
-2.738752865348336015e-10
-2.495089492860986973e-10
-2.221081610468560214e-10
-1.935469983623485922e-10
-1.663058643556221698e-10
-1.426471581507030994e-10
-1.233552786472966973e-10
-1.069859742849385949e-10
-9.050052500253518926e-11
-7.328160148687201192e-11
-5.832359569663477395e-11
-4.752920309553337822e-11
-3.876205047529521854e-11
-3.078029910326882785e-11
-2.458596060277484232e-11
-1.963627345919934567e-11
-1.567395295035009931e-11
-1.254471470827173388e-11
-1.007437546029718162e-11
-8.127753438805547422e-12
-6.589262469031514591e-12
-5.368767423605005215e-12
-4.394554018400712675e-12
-3.610586169124968763e-12
-2.973571500766221156e-12
-2.450297090833054914e-12
-2.015511371103945537e-12
-1.650445715355578581e-12
-1.341593412516380329e-12
-1.079633075307045438e-12
-8.583350270575683666e-13
-6.733897683009624894e-13
-5.213488677804827765e-13
-3.988453109752128334e-13
-3.021833795836039269e-13
-2.273487320575345785e-13
-1.702841026077071278e-13
-1.272233557282288492e-13
-9.493737934633704487e-14
-7.082654930805455939e-14
-5.288187225780510335e-14
-3.958387981901374622e-14
-2.974443018950414136e-14
-2.240566649295492634e-14
-1.688687488875279880e-14
-1.272679266656471407e-14
-9.591306501781514447e-15
-7.228619057957213603e-15
-5.448940707900983539e-15
-4.108861892148853091e-15
-3.100078945223634444e-15
-2.340924938701318883e-15
-1.769800574302111500e-15
-1.340276576405904734e-15
-1.017436433668820171e-15
-7.749604939547029799e-16
-5.930838836680740893e-16
-4.569319215973914271e-16
-3.553077923353579273e-16
-2.797321459392633209e-16
-2.237553855039921922e-16
-1.825539320419095424e-16
