# bin_4_2
-4.887540521084807358e-10
-4.975484761242677337e-10
-5.076484762540300341e-10
-5.192161808180008043e-10
-5.324264257112644729e-10
-5.474769795342208469e-10
-5.645921847960760166e-10
-5.840314219245244270e-10
-6.060725113267499026e-10
-6.309941039330776255e-10
-6.590658624824867297e-10
-6.905894166413121100e-10
-7.259352681189072241e-10
-7.654278912472692726e-10
-8.093066688849377077e-10
-8.578037523021914322e-10
-9.110097225444957976e-10
-9.688126052106560295e-10
-1.031439802643150229e-09
-1.099445966194102918e-09
-1.173699138839849500e-09
-1.254424191261649111e-09
-1.340448589562890037e-09
-1.431321355570822362e-09
-1.527314373390781868e-09
-1.627381439918403619e-09
-1.728988446840328842e-09
-1.829308577987230562e-09
-1.925328224581087471e-09
-2.012097829212341830e-09
-2.084187370448300134e-09
-2.135914574246248345e-09
-2.160625213287643175e-09
-2.152629618411594230e-09
-2.107048790908348811e-09
-2.021590895328620868e-09
-1.897413894750833809e-09
-1.740403742407915133e-09
-1.561459689099132244e-09
-1.375267017870808678e-09
-1.196968239979455182e-09
-1.037230542673780340e-09
-8.970158334621663197e-10
-7.698001826447188726e-10
-6.492743487975016049e-10
-5.354580818378147452e-10
-4.333486486142206921e-10
-3.490941067757454994e-10
-2.829210852592178440e-10
-2.280134687010702670e-10
-1.822067352955094134e-10
-1.458332071880867561e-10
-1.171254844538955776e-10
-9.419616373198202122e-11
-7.622537656073800605e-11
-6.202709434013082015e-11
-5.081917223265031067e-11
-4.191280945179339087e-11
-3.476502267788162902e-11
-2.895263541162593009e-11
-2.415156794135794723e-11
-2.012109139240979458e-11
-1.668882565928870352e-11
-1.373721310002499753e-11
-1.119063973555870435e-11
-9.002484737291261028e-12
-7.142864589286903531e-12
-5.588286712461998494e-12
-4.314369574620617005e-12
-3.292346983525293839e-12
-2.488958290895200538e-12
-1.868587717462721491e-12
-1.396260487704784584e-12
-1.040275527817051553e-12
-7.737817961043661367e-13
-5.752116356091567698e-13
-4.277969249825793731e-13
-3.186344742464348620e-13
-2.378706821261117634e-13
-1.779723669362267499e-13
-1.333109426995430534e-13
-9.987293374549096423e-14
-7.481395341315148527e-14
-5.603688000555784095e-14
-4.196930107713344003e-14
-3.143255090948102554e-14
-2.354258836262346198e-14
-1.763597865224224652e-14
-1.321508125557814268e-14
-9.906829712548677202e-15
-7.431808963807434547e-15
-5.580615576351416902e-15
-4.196557511394534260e-15
-3.162337564145919696e-15
-2.390319475124106609e-15
-1.815349824309275991e-15
-1.388978619451258486e-15
-1.075022695573193997e-15
-8.464993804445478336e-16
-6.869719102360557295e-16
