# bin_3_1
-2.094962504671327087e-09
-2.130925704063379254e-09
-2.172017244391666296e-09
-2.218779078369517928e-09
-2.271749761404971961e-09
-2.331518261821044253e-09
-2.398712555539866654e-09
-2.474037188970974458e-09
-2.558135163744307040e-09
-2.651438697291124627e-09
-2.754108800552171333e-09
-2.866250845952418283e-09
-2.988247695813919319e-09
-3.120401927801260681e-09
-3.262648542929900829e-09
-3.414615844166376003e-09
-3.574956172071759796e-09
-3.741466189457447367e-09
-3.910769520694179133e-09
-4.077041799425857215e-09
-4.236836221514777533e-09
-4.389091820717895609e-09
-4.534286469232984633e-09
-4.667157066603951904e-09
-4.773703186077313608e-09
-4.848609974982023155e-09
-4.891402313106476414e-09
-4.895001881246755003e-09
-4.849287485048346407e-09
-4.749582727699061482e-09
-4.597153372017888400e-09
-4.387636430691477888e-09
-4.125862901154768281e-09
-3.819516901940966387e-09
-3.477945566276759854e-09
-3.116262209148618845e-09
-2.749717732227009588e-09
-2.395058699213347307e-09
-2.066039144047550171e-09
-1.769706995261249938e-09
-1.505527438571200424e-09
-1.270126150432479648e-09
-1.059530497526181253e-09
-8.716820370133737412e-10
-7.094888571407295333e-10
-5.772342777625100687e-10
-4.694924162682729201e-10
-3.799796214201091845e-10
-3.083969412227391638e-10
-2.506095237070724790e-10
-2.041055472455874955e-10
-1.670269082347498924e-10
-1.372620118300358628e-10
-1.133149348920307834e-10
-9.391349630812842673e-11
-7.805064359989984771e-11
-6.494311698836289390e-11
-5.399199211492404637e-11
-4.475012907178741624e-11
-3.689151132512062675e-11
-3.018305941102585358e-11
-2.446031748660920068e-11
-1.960509565039391412e-11
-1.552679924426343703e-11
-1.214767771292717061e-11
-9.392887070499051292e-12
-7.185705430258154377e-12
-5.447292381891505492e-12
-4.099360927907687823e-12
-3.068023516093396673e-12
-2.287220273952578691e-12
-1.700739725566940952e-12
-1.262700142393520270e-12
-9.368512357181755124e-13
-6.951358800585698694e-13
-5.161559008317442927e-13
-3.837308642806606730e-13
-2.856054665981615717e-13
-2.127379435997337708e-13
-1.585235553114255110e-13
-1.181357994799887865e-13
-8.803533404678620781e-14
-6.561557582913892866e-14
-4.891055209858812355e-14
-3.647140654226181939e-14
-2.721144217018383839e-14
-2.032339535952595427e-14
-1.520062564682365812e-14
-1.139511265232859611e-14
-8.572009216818580346e-15
-6.481151698799985285e-15
-4.935840134153385136e-15
-3.801022177387122274e-15
-2.972321674840060663e-15
-2.373884919177428832e-15
-1.948725394268144605e-15
-1.653980237124912677e-15
-1.460951954545515980e-15
-1.340811271902130757e-15
-1.276385435791056160e-15
