# bin_4_3
-1.706217536213853384e-10
-1.732558875875918730e-10
-1.762594458737742005e-10
-1.796710526928577496e-10
-1.835297134990697493e-10
-1.878788681925577148e-10
-1.927679010470850789e-10
-1.982548042124929489e-10
-2.043986377119714347e-10
-2.112511390573232407e-10
-2.188518972673157471e-10
-2.272479818333814765e-10
-2.364959343545712825e-10
-2.466290513654252922e-10
-2.576448107732430335e-10
-2.695356833749440174e-10
-2.821832786973813377e-10
-2.955136427639499617e-10
-3.095928888590196478e-10
-3.246800781202248246e-10
-3.411448990090523431e-10
-3.589335580798998250e-10
-3.777415654090718559e-10
-3.978299546157300581e-10
-4.196498721197120825e-10
-4.431541056957943465e-10
-4.679273236687467217e-10
-4.937636018105049752e-10
-5.204293996959493406e-10
-5.470124735464632548e-10
-5.728650273074532756e-10
-5.969941782636168191e-10
-6.182290181705408955e-10
-6.353004762021372567e-10
-6.466870199869198224e-10
-6.506921003967893388e-10
-6.454725464039572237e-10
-6.292369578988019015e-10
-6.006432490594901717e-10
-5.594118989908957153e-10
-5.071790755400341842e-10
-4.481009225339392804e-10
-3.884960542894467938e-10
-3.349973171410684177e-10
-2.911991041504475449e-10
-2.552224095715034406e-10
-2.199711490252813553e-10
-1.811478810683846505e-10
-1.440557096304881936e-10
-1.160819774420567306e-10
-9.507675124446384805e-11
-7.594064805211872219e-11
-6.005894412961044716e-11
-4.779047611767273713e-11
-3.788121065038851829e-11
-3.006403558475756939e-11
-2.392918974979808796e-11
-1.913435447860178037e-11
-1.538399748303145930e-11
-1.244871906952341100e-11
-1.014169011054522786e-11
-8.315455288581282477e-12
-6.854999761744798274e-12
-5.671627241110375346e-12
-4.697782345682815889e-12
-3.883306165950901939e-12
-3.192482815375477468e-12
-2.601330410663605341e-12
-2.094870305252378897e-12
-1.664119571363896325e-12
-1.303149305280925761e-12
-1.006708180774948739e-12
-7.686977522228853882e-13
-5.817217658276293401e-13
-4.375314978052808306e-13
-3.278557101086929218e-13
-2.451787088911168945e-13
-1.832053110054466503e-13
-1.369487728549747758e-13
-1.025875903523094200e-13
-7.715606538058438293e-14
-5.823752853497626216e-14
-4.401411642428131265e-14
-3.326472132505169844e-14
-2.513698030070266210e-14
-1.899283758131828127e-14
-1.434968417315143792e-14
-1.084186893116306713e-14
-8.192466494601020404e-15
-6.191924999550333241e-15
-4.681694397170951278e-15
-3.541874260275771303e-15
-2.681890873963916122e-15
-2.033276000506853494e-15
-1.544358052191682066e-15
-1.176117088647703082e-15
-8.990914838199764105e-16
-6.909896023053928319e-16
-5.349192120193274932e-16
-4.181747849349034695e-16
