# bin_2_2
-3.582169540008494799e-10
-3.636263426548789787e-10
-3.697832612957944397e-10
-3.767601137965577210e-10
-3.846283007723060404e-10
-3.934666181259919491e-10
-4.033629447889082937e-10
-4.144205214067527657e-10
-4.267392754016329900e-10
-4.403960993026399012e-10
-4.554331782655293811e-10
-4.718973270404762820e-10
-4.898760542431510101e-10
-5.093833914770374397e-10
-5.303223533144708482e-10
-5.525658764158291307e-10
-5.758290152184616280e-10
-5.996167402699418092e-10
-6.237739286354345122e-10
-6.484910948579228570e-10
-6.743128674402310567e-10
-7.012225569508207836e-10
-7.279403551007474970e-10
-7.540673890081136840e-10
-7.801605580325628401e-10
-8.057857665747837827e-10
-8.294278917465677804e-10
-8.497671126503625785e-10
-8.658847601330546068e-10
-8.756113838332289748e-10
-8.769966686962340295e-10
-8.685249583384590379e-10
-8.482837564202761103e-10
-8.155729029051514738e-10
-7.702301581567044426e-10
-7.135519805356943784e-10
-6.480379190969812008e-10
-5.774605269669821965e-10
-5.063171143489829419e-10
-4.389385380144700848e-10
-3.784125755485407732e-10
-3.254978086800586711e-10
-2.780178205379846172e-10
-2.334040534629943632e-10
-1.918374512849358186e-10
-1.558361991772610682e-10
-1.262761118681566713e-10
-1.022051941781840288e-10
-8.263261771998951626e-11
-6.646219098097373492e-11
-5.350702229543593530e-11
-4.321487182732958199e-11
-3.501996675296542393e-11
-2.851750328525419887e-11
-2.335822381989741239e-11
-1.924311205531579659e-11
-1.593808942245486226e-11
-1.325516230592104965e-11
-1.104830018749469744e-11
-9.206833466845504731e-12
-7.649196494485355443e-12
-6.317541711445582551e-12
-5.172534955898068786e-12
-4.188486461025346626e-12
-3.348678722746062780e-12
-2.641128808983637643e-12
-2.055207550025228487e-12
-1.579494922579410613e-12
-1.200988429131173850e-12
-9.054475576476351874e-13
-6.783706948173315441e-13
-5.060806325036346893e-13
-3.765336603729507516e-13
-2.797137374522038779e-13
-2.076499487942127274e-13
-1.541879141766549684e-13
-1.146312561365047822e-13
-8.537752731093191928e-14
-6.369863693834372517e-14
-4.757131819659240056e-14
-3.553658774547449104e-14
-2.654572267111648715e-14
-1.982862941833710312e-14
-1.481242548499518164e-14
-1.106691092246182311e-14
-8.271109447005174487e-15
-6.185188597928289631e-15
-4.629513050911902702e-15
-3.469668291954123386e-15
-2.605205785239521792e-15
-1.961250388448697139e-15
-1.481830668693014797e-15
-1.125298474633917503e-15
-8.605954233835104654e-16
-6.646801269594982067e-16
-5.206833328990493355e-16
-4.161628480721548211e-16
-3.417237088699836059e-16
-2.901636508330687680e-16
-2.576720542710231323e-16
