# bin_3_4
-5.965885120445002219e-10
-6.050573822135920736e-10
-6.146288505319139659e-10
-6.253768262069531765e-10
-6.373556021396406931e-10
-6.506199296558658489e-10
-6.652208088221100010e-10
-6.812189908032881204e-10
-6.986306048852008784e-10
-7.173706951387874335e-10
-7.372302248951327470e-10
-7.579707434871799545e-10
-7.794647125025075646e-10
-8.015659480011456624e-10
-8.240118673621347655e-10
-8.464741234688083935e-10
-8.683243071817501837e-10
-8.887160237325622076e-10
-9.065057942828068939e-10
-9.197989897105032431e-10
-9.278874980104235394e-10
-9.312978392287087490e-10
-9.314912502174771996e-10
-9.280033663133334750e-10
-9.172448767639360123e-10
-8.992837822638512745e-10
-8.762615143708297362e-10
-8.478025559674251731e-10
-8.123604122306802311e-10
-7.703491011729697724e-10
-7.241662469603126015e-10
-6.732552376732332730e-10
-6.196267733545041507e-10
-5.650422591811782354e-10
-5.103814572447526172e-10
-4.571683567981748433e-10
-4.057269130736026077e-10
-3.567170739606344111e-10
-3.106531205019711937e-10
-2.680003913259718508e-10
-2.291256753904613079e-10
-1.941988682049045847e-10
-1.632337818470113822e-10
-1.362341501475659798e-10
-1.133137227150273784e-10
-9.421141218547484859e-11
-7.802441584097970577e-11
-6.405411744240959505e-11
-5.228193576634582606e-11
-4.264010068314765312e-11
-3.483139747341407237e-11
-2.847119211105003073e-11
-2.325156511897441097e-11
-1.899293442047410759e-11
-1.552236180576419350e-11
-1.268550391518058930e-11
-1.035520365763296483e-11
-8.439205981772260197e-12
-6.858280279553858980e-12
-5.553102170422160629e-12
-4.476214935445918275e-12
-3.589736657952318211e-12
-2.862783498027025652e-12
-2.269647972893565354e-12
-1.788531775552069619e-12
-1.400755875149506254e-12
-1.090266485072659243e-12
-8.433160831019281899e-13
-6.482406256310669438e-13
-4.952387872582445762e-13
-3.761408115791714907e-13
-2.841683420159427632e-13
-2.137138329542545902e-13
-1.601568626267337507e-13
-1.197209241101040343e-13
-8.936023477041932462e-14
-6.665626834055018612e-14
-4.971847203649963396e-14
-3.710527732128334792e-14
-2.772007944878768870e-14
-2.073791218106893391e-14
-1.553693568345017347e-14
-1.165778148914739243e-14
-8.754001102460718725e-15
-6.579989995153281844e-15
-4.952508766014335408e-15
-3.735706982250493812e-15
-2.825957022546010723e-15
-2.146942392453143337e-15
-1.640979707051557569e-15
-1.264605789426562830e-15
-9.851773321633418287e-16
-7.791355536316850510e-16
-6.279456971164656526e-16
-5.180893008660702042e-16
-4.391581175311300927e-16
-3.829674143832039670e-16
-3.434139349686374291e-16
-3.157786986915062235e-16
-2.968938209785657625e-16
