# bin_4_1
-2.652040163092067060e-09
-2.698972859402794373e-09
-2.752661361597366148e-09
-2.813835421599647924e-09
-2.883222491177406428e-09
-2.961614165759407964e-09
-3.049877448748243949e-09
-3.148976902615661586e-09
-3.259782971918216003e-09
-3.382840125641484265e-09
-3.518270378166830583e-09
-3.666081225879838308e-09
-3.826658863691819143e-09
-4.000297159087000737e-09
-4.186828888819685979e-09
-4.386276169875837268e-09
-4.598148746788306149e-09
-4.820299876690048643e-09
-5.049325647718392508e-09
-5.280054743516895895e-09
-5.503670064175065659e-09
-5.715278166396013830e-09
-5.913952243770126158e-09
-6.100561931005800328e-09
-6.265995877407547638e-09
-6.389663434915903998e-09
-6.465963785500482404e-09
-6.493801146191890009e-09
-6.462982112743702298e-09
-6.360250428265578740e-09
-6.182122231193801904e-09
-5.932371761530452714e-09
-5.606996278858578588e-09
-5.217571077863920279e-09
-4.776380083309032588e-09
-4.300345499962806398e-09
-3.811827378623697575e-09
-3.332990765660756921e-09
-2.884172892249495166e-09
-2.477212483140799259e-09
-2.112920750902191429e-09
-1.787731653820305429e-09
-1.496059729936895154e-09
-1.234530294598244422e-09
-1.007218937875218881e-09
-8.204600504280106423e-10
-6.673559671987607104e-10
-5.398043889378368665e-10
-4.378219286504878752e-10
-3.554261709114008660e-10
-2.889341136337429726e-10
-2.359467771776353215e-10
-1.934823895441364834e-10
-1.593855340873470144e-10
-1.318447027713105275e-10
-1.094167422875865573e-10
-9.096352472830265433e-11
-7.561349017997088418e-11
-6.270897517241760966e-11
-5.176792797610204648e-11
-4.244324916192030678e-11
-3.448967549712726508e-11
-2.773268422382841351e-11
-2.204162121205512126e-11
-1.730840037792022974e-11
-1.343214925103478906e-11
-1.031100123209695590e-11
-7.840325652479319889e-12
-5.915410541919988350e-12
-4.436288305724621468e-12
-3.312450375541637200e-12
-2.465913696632874132e-12
-1.832290320274117885e-12
-1.360210960161067116e-12
-1.009626045671104707e-12
-7.498369225862113487e-13
-5.575459697279672751e-13
-4.150530959288422538e-13
-3.092396208786259009e-13
-2.305411534146249972e-13
-1.719059555770980226e-13
-1.281865559457895757e-13
-9.558651806786846327e-14
-7.129781331928264676e-14
-5.318934407412916764e-14
-3.970267041079230767e-14
-2.965660102612962570e-14
-2.218414281299342134e-14
-1.662536697999947812e-14
-1.249591251434802884e-14
-9.433389786320365482e-15
-7.166955763803645875e-15
-5.496325613731123462e-15
-4.272774212490572953e-15
-3.385316170503689910e-15
-2.750312947128468382e-15
-2.305264933616593771e-15
-2.008460287243752979e-15
-1.819113551170379522e-15
-1.713001827189262261e-15
