# bin_1_2
-3.714682237869578950e-10
-3.764204997777475637e-10
-3.820179411757760966e-10
-3.883076817325358220e-10
-3.953299169049419458e-10
-4.031279202404264778e-10
-4.117498128365290665e-10
-4.212559000757134308e-10
-4.316954250341232762e-10
-4.430820556946572185e-10
-4.553798361305184162e-10
-4.685527916801005218e-10
-4.826112801622875276e-10
-4.974731183765477035e-10
-5.129194769175427589e-10
-5.286987058951108196e-10
-5.443737385046879939e-10
-5.592633616196338732e-10
-5.731232197076131132e-10
-5.861630558578900363e-10
-5.990656367747693310e-10
-6.118815562220263443e-10
-6.231929237057639495e-10
-6.327357773553003514e-10
-6.415290673389302423e-10
-6.495172041579756366e-10
-6.554985811914249869e-10
-6.586838659786428584e-10
-6.589590020187970048e-10
-6.548756631600338595e-10
-6.453678891792797974e-10
-6.299307050996658056e-10
-6.074728211542288239e-10
-5.780283560397788837e-10
-5.417015261943852884e-10
-4.995109647024031861e-10
-4.529098744705064407e-10
-4.039127889789233655e-10
-3.548019099672160756e-10
-3.078194821058415088e-10
-2.648638540856603092e-10
-2.268657529624849924e-10
-1.931437772865478436e-10
-1.624866564739515961e-10
-1.346162554271503420e-10
-1.101964444755200848e-10
-8.943219153890803963e-11
-7.231330825954755326e-11
-5.861473852455387123e-11
-4.735819625574969624e-11
-3.816822292378501060e-11
-3.083512911101861726e-11
-2.500325986532551180e-11
-2.033478445545853584e-11
-1.662383346911894966e-11
-1.365159547921849544e-11
-1.126005389882165749e-11
-9.318266278240824076e-12
-7.724466117945759193e-12
-6.401148393906722579e-12
-5.290413132122035231e-12
-4.350160105557472896e-12
-3.550456403247715195e-12
-2.870313831546558492e-12
-2.294834114964598547e-12
-1.812744932755232867e-12
-1.414466411925926233e-12
-1.090821629634567279e-12
-8.324266665028091874e-13
-6.296648344550858949e-13
-4.730328726615282970e-13
-3.536145852258527664e-13
-2.634856824714508717e-13
-1.959506674595809480e-13
-1.455917029610266021e-13
-1.081715307343102116e-13
-8.043815154025715352e-14
-5.990276254812001695e-14
-4.468490296110324986e-14
-3.337878008510126450e-14
-2.495108839582581196e-14
-1.865444781489689867e-14
-1.394763223519123349e-14
-1.043102457177232552e-14
-7.803793016222070175e-15
-5.841818628576192234e-15
-4.377610973966820564e-15
-3.285459078335669262e-15
-2.471157773833817962e-15
-1.864253592508618320e-15
-1.412254471914835016e-15
-1.075870164991946358e-15
-8.258862966128191907e-16
-6.404973499506222757e-16
-5.035249276533939495e-16
-4.031345770413632899e-16
-3.305209547550367194e-16
-2.789098023655970504e-16
-2.430103971163523943e-16
-2.197236975249741270e-16
