# bin_4_4
-4.814640120528659142e-10
-4.887480269529088894e-10
-4.970061104358731704e-10
-5.063105962523478755e-10
-5.167170589884664548e-10
-5.282854161833249718e-10
-5.410785760276331697e-10
-5.551684057536988346e-10
-5.705825860553705289e-10
-5.872459992932773372e-10
-6.049417082680846459e-10
-6.234119778008237622e-10
-6.424910789330776038e-10
-6.619963060820385471e-10
-6.816434886583638885e-10
-7.012582980050697933e-10
-7.207170292540448771e-10
-7.396864129976268423e-10
-7.575346244153959905e-10
-7.734923695699902562e-10
-7.859897561862592372e-10
-7.937853644331644939e-10
-7.971752114967262376e-10
-7.978118630818916094e-10
-7.967845341220331356e-10
-7.911006608937492456e-10
-7.787790355593675670e-10
-7.622863670940643830e-10
-7.421781221433101830e-10
-7.175756345575417229e-10
-6.876627644080327377e-10
-6.549754187750708457e-10
-6.199346801992294609e-10
-5.825517719948387380e-10
-5.448775817720282444e-10
-5.064126415729652938e-10
-4.677900697312716592e-10
-4.286295752465389755e-10
-3.891854703333969146e-10
-3.494517534474878476e-10
-3.097537476290177237e-10
-2.706468078293763787e-10
-2.330538127619833636e-10
-1.983201230514592612e-10
-1.679521262633976734e-10
-1.425384098166354933e-10
-1.210622072594972154e-10
-1.017902587831390984e-10
-8.382523412280532566e-11
-6.774997343314581487e-11
-5.475819712678340687e-11
-4.465581960630862988e-11
-3.615233313439823981e-11
-2.901634520483517169e-11
-2.334979470127602939e-11
-1.877397568426903886e-11
-1.507733060611340583e-11
-1.211907153027094880e-11
-9.740676596765358387e-12
-7.831223712403220221e-12
-6.297247176432285077e-12
-5.063843634633681084e-12
-4.071346435231738260e-12
-3.271896284479113078e-12
-2.627096331170398090e-12
-2.106078709090522985e-12
-1.684120565904242241e-12
-1.341601489203694500e-12
-1.063156120663371010e-12
-8.368946857284696925e-13
-6.536408064321348217e-13
-5.061964164109623952e-13
-3.887116131457833359e-13
-2.962069273014621334e-13
-2.242859118833705128e-13
-1.690296725587533308e-13
-1.269963332416537292e-13
-9.525426069748573392e-14
-7.140704395587925971e-14
-5.356510853194035907e-14
-4.025514522396678730e-14
-3.034009071566779305e-14
-2.293257708416328258e-14
-1.736249794214363760e-14
-1.315300549534025813e-14
-9.967612462298915627e-15
-7.560735345519356751e-15
-5.740646580678618120e-15
-4.365511850446626100e-15
-3.327905808834828816e-15
-2.544952819836875351e-15
-1.954861288821393827e-15
-1.511146697088983269e-15
-1.177895445496484897e-15
-9.287614460208302517e-16
-7.429758030068971309e-16
-6.048965085901725064e-16
-5.024911657492543623e-16
-4.267182982810653035e-16
-3.709719841565755371e-16
