# bin_1_1
-1.977012273700502030e-09
-2.007750834355036437e-09
-2.042661485345081506e-09
-2.082088819708286392e-09
-2.126327049788265263e-09
-2.175683915068470955e-09
-2.230488829489899406e-09
-2.291114332225043486e-09
-2.357786348743673595e-09
-2.430360255018438548e-09
-2.508227550231207504e-09
-2.590639422928122548e-09
-2.677209823060127096e-09
-2.767476228795370255e-09
-2.860565125437099477e-09
-2.955885930078913113e-09
-3.052502827451124779e-09
-3.148097243742047658e-09
-3.239438654624357885e-09
-3.321976732747486455e-09
-3.388130048989575285e-09
-3.434704574543286234e-09
-3.463109674685383867e-09
-3.477329687140264662e-09
-3.472709241946031748e-09
-3.434685801197385049e-09
-3.363912517745732110e-09
-3.266373360361731291e-09
-3.139977074137181599e-09
-2.980186098538021776e-09
-2.790959739329949920e-09
-2.581975860286848426e-09
-2.353324877702785974e-09
-2.116012195160336112e-09
-1.877496894662900018e-09
-1.644613498470504428e-09
-1.424755007110482191e-09
-1.222441971740347329e-09
-1.040901833980293926e-09
-8.802848432191514418e-10
-7.382442795016866149e-10
-6.134602517017697856e-10
-5.055793084100624473e-10
-4.136992501860494087e-10
-3.368949666723888020e-10
-2.747284034798046989e-10
-2.241972842609669218e-10
-1.826399593399520881e-10
-1.493591016155307943e-10
-1.224731555476522019e-10
-1.007468702758271012e-10
-8.318542806679806216e-11
-6.889445755606569307e-11
-5.718556660522120109e-11
-4.750786399245019388e-11
-3.943846526564889298e-11
-3.265388218329371454e-11
-2.691317421547150633e-11
-2.203862573539786036e-11
-1.789998433793837534e-11
-1.439964284274261039e-11
-1.146154092960110187e-11
-9.022014364291904982e-12
-7.023296448336089991e-12
-5.410015087840135210e-12
-4.127830847032701475e-12
-3.123972710288152582e-12
-2.348692899689546575e-12
-1.756918541853232565e-12
-1.309455787599755587e-12
-9.735379165540783367e-13
-7.226805313219338253e-13
-5.360486464350002455e-13
-3.975729355596085853e-13
-2.949889320675671392e-13
-2.190327594753743377e-13
-1.627755796701267454e-13
-1.210436373180632164e-13
-9.004031037910146680e-14
-6.700580614501905885e-14
-4.987080390622430524e-14
-3.712276087491843455e-14
-2.764044086494616634e-14
-2.060447747659863722e-14
-1.537111147057086900e-14
-1.149019638600179683e-14
-8.610059463439262587e-15
-6.481337355307736418e-15
-4.906955686106628625e-15
-3.746999640055533058e-15
-2.896139407689725257e-15
-2.275353942717441881e-15
-1.826873028580167802e-15
-1.507814469127354498e-15
-1.285677173435197103e-15
-1.135229843783487478e-15
-1.037151178548612376e-15
-9.786810787994753469e-16
-9.459512254248291035e-16
-9.304583936675652484e-16
