# bin_1_3
-1.482726258640168058e-10
-1.499739620501977394e-10
-1.518795406260294574e-10
-1.539977678346005211e-10
-1.563319184532147394e-10
-1.588845500847149023e-10
-1.616586162343366904e-10
-1.646601209551582178e-10
-1.678880354550333324e-10
-1.713232162470604487e-10
-1.749217756938036314e-10
-1.786388107921262890e-10
-1.824310384335433262e-10
-1.862164057995487639e-10
-1.898586072694094245e-10
-1.932060780175820554e-10
-1.959645025052378231e-10
-1.978878236069115578e-10
-1.988984832528457610e-10
-1.991562950849252383e-10
-1.989626191791332480e-10
-1.981230392071686637e-10
-1.961638186482332360e-10
-1.933316066212107039e-10
-1.901663653911496875e-10
-1.866879079010474961e-10
-1.826055920406969420e-10
-1.780197784243412348e-10
-1.731656820705492361e-10
-1.676785201354690054e-10
-1.617328570326042365e-10
-1.553319093311769626e-10
-1.484988981793170417e-10
-1.413726506020617450e-10
-1.340025137419881172e-10
-1.264088406196415740e-10
-1.185152991294411533e-10
-1.101687720325290792e-10
-1.012012942034863603e-10
-9.149502192055139877e-11
-8.115151496406120067e-11
-7.058536585089489047e-11
-6.045772339753957847e-11
-5.149188902268020637e-11
-4.409026703526935804e-11
-3.801936782311783548e-11
-3.244105907803049712e-11
-2.678398438014842105e-11
-2.150401079119689051e-11
-1.736771080000803651e-11
-1.421945019124655632e-11
-1.146697622325869143e-11
-9.155440321581518799e-12
-7.345195302274736544e-12
-5.879972400760437687e-12
-4.707325099827407124e-12
-3.774482343235577496e-12
-3.032661650837255280e-12
-2.441867434132359621e-12
-1.970958795500587842e-12
-1.594692023597389762e-12
-1.293119587503514317e-12
-1.050470943908108027e-12
-8.542641326666079883e-13
-6.946029989578541132e-13
-5.637039428221261683e-13
-4.555759997054884384e-13
-3.657483955017170241e-13
-2.910010789434715259e-13
-2.290471464657235510e-13
-1.781992557092092052e-13
-1.370781778705620062e-13
-1.044036785156340548e-13
-7.889899470199700900e-14
-5.930042824906173574e-14
-4.442013341389906299e-14
-3.321325218168232740e-14
-2.481521603950131534e-14
-1.854548198117923326e-14
-1.388357820799006387e-14
-1.042926110824458883e-14
-7.860510200153930793e-15
-5.933843404433291375e-15
-4.481309796283855620e-15
-3.385748214236657334e-15
-2.559471017596974246e-15
-1.936692684004689690e-15
-1.467546458350610571e-15
-1.114268018659865760e-15
-8.483721776149889218e-16
-6.483396248425869167e-16
-4.979356832641251359e-16
-3.849782875695407598e-16
-3.002605490531513294e-16
-2.368782602997736848e-16
-1.896130604607622457e-16
-1.545100111481273340e-16
-1.285328933126747295e-16
-1.093459753626081630e-16
-9.519712171846068458e-17
