# bin_6_4
5.000973834829954921e-08
5.096030873887583296e-08
5.205235861109448419e-08
5.330312939789619099e-08
5.473119349059854574e-08
5.635715603503423207e-08
5.820358175176030100e-08
6.029535897887389009e-08
6.265839010873779130e-08
6.531638580497894693e-08
6.828997412351152173e-08
7.160063399482640499e-08
7.527567802026922228e-08
7.934170831818362157e-08
8.381788762748051533e-08
8.871902966022263771e-08
9.404744158606534533e-08
9.977601903431496798e-08
1.058497825459661388e-07
1.121945550901842929e-07
1.187590475835516857e-07
1.255481113693481998e-07
1.325438232966331802e-07
1.395941867761069467e-07
1.464643647268229618e-07
1.530552420816545261e-07
1.593249802984554595e-07
1.650803919796085147e-07
1.701054995486041921e-07
1.742605201769982086e-07
1.774509507346615554e-07
1.794565289169891323e-07
1.801988546443724639e-07
1.795481173155028206e-07
1.774129798559744439e-07
1.737202065954374830e-07
1.684011543866655407e-07
1.613936447236556649e-07
1.526474096220207673e-07
1.421367505427062290e-07
1.299345210967703524e-07
1.163279301122548466e-07
1.019352538590008318e-07
8.771391243718382558e-08
7.477385077825358431e-08
6.396486308210635461e-08
5.526635999505678418e-08
4.750682577732723473e-08
3.932046315225206401e-08
3.107042524248006169e-08
2.475438979646899065e-08
2.054234074791205535e-08
1.646102136896007183e-08
1.291130405496810210e-08
1.043223847748801358e-08
8.235709470495453688e-09
6.587335364235764164e-09
5.252671248253802912e-09
4.205836359504299965e-09
3.379629721345924843e-09
2.725360050270259967e-09
2.205430067107913127e-09
1.790216692595141432e-09
1.456669435756871669e-09
1.187019783035989788e-09
9.674744300997396346e-10
7.873826470359715086e-10
6.385926173890528403e-10
5.149395456416343045e-10
4.118855142330225113e-10
3.261562902743063828e-10
2.553576018320262258e-10
1.976225634397710877e-10
1.513222527374204866e-10
1.148636368369271751e-10
8.664487213392333825e-11
6.510991279644251266e-11
4.883413449296613410e-11
3.660742226375792646e-11
2.745548425225047783e-11
2.062587217253213581e-11
1.555743284414428697e-11
1.178100132281448294e-11
8.928472032709009258e-12
6.765756050598435873e-12
5.126167556503053613e-12
3.883638563229903867e-12
2.942228032222690032e-12
2.229201917496630662e-12
1.689342972511344985e-12
1.280746692110921098e-12
9.716624922051852229e-13
7.379749032605183144e-13
5.614505208860395346e-13
4.282428447086595943e-13
3.278586804162582604e-13
2.523597717469845779e-13
1.957394856519150485e-13
1.534186568458444873e-13
1.219295538448046133e-13
