# bin_5_3
4.571739597381610612e-08
4.652776652661794897e-08
4.745571734034975360e-08
4.851453262049696107e-08
4.971813612549135161e-08
5.108169509019789071e-08
5.262166278557835552e-08
5.435606159422637885e-08
5.630279050541872689e-08
5.847700741948752870e-08
6.088976391673778841e-08
6.355164055023350578e-08
6.647663127967395242e-08
6.967449602626866720e-08
7.314310226174202953e-08
7.687159680215906606e-08
8.082354257176737221e-08
8.493600895269749129e-08
8.912421417004097073e-08
9.331118717369789423e-08
9.746605417168010998e-08
1.015614833409151015e-07
1.054703764765909144e-07
1.089548242039337918e-07
1.118522805837710950e-07
1.141290178867531788e-07
1.156271543748431776e-07
1.161467038178761234e-07
1.155562319924995104e-07
1.138342329825809100e-07
1.108692345602137478e-07
1.066761930345773478e-07
1.013325413501223004e-07
9.493440535172157225e-08
8.767778997227534629e-08
7.977254772987442733e-08
7.149368344285347449e-08
6.314454319772209078e-08
5.503798120696701162e-08
4.744124473215064232e-08
4.051771107269974245e-08
3.432646119686360300e-08
2.886319508579639842e-08
2.408611796328800981e-08
1.993378808380266075e-08
1.634503507418398563e-08
1.327480157280219165e-08
1.070665757301322712e-08
8.644124023403986201e-09
7.040766207047653994e-09
5.742979802092838803e-09
4.641835474445295550e-09
3.790829672086401595e-09
3.117251280298764897e-09
2.556149526370913686e-09
2.113590814050521095e-09
1.747210946192255720e-09
1.445816414005415125e-09
1.195497988984332427e-09
9.855919983570984544e-10
8.086648946999190015e-10
6.591428772415973667e-10
5.328755196489215143e-10
4.267097256049081172e-10
3.381241514790006374e-10
2.649888443749855923e-10
2.053849474457517463e-10
1.575065570962349716e-10
1.196286278168298887e-10
9.011339723228749202e-11
6.743867785843216238e-11
5.023445691052862769e-11
3.731163614847002700e-11
2.767502668988872188e-11
2.052226152692039018e-11
1.522624220311564122e-11
1.130821935545633745e-11
8.409554499799195060e-12
6.262915157443000800e-12
4.670183826928085695e-12
3.485812689804757835e-12
2.601723915256826356e-12
1.940796963430338510e-12
1.447718428209208053e-12
1.080074226527678874e-12
8.060446155701875768e-13
6.018513127691041641e-13
4.498000119172574876e-13
3.366716134775285044e-13
2.525896636629036520e-13
1.901751104193409764e-13
1.439850987048312264e-13
1.099055475523624591e-13
8.490006260902459836e-14
6.671403027243955771e-14
5.361084422957215270e-14
4.431744967221420712e-14
3.787900026433090194e-14
3.358877851187278039e-14
3.089353606887782071e-14
