# bin_1_3
2.131549605557727198e-07
2.184483120427909053e-07
2.246023584051387605e-07
2.317511693781765199e-07
2.400478462712049186e-07
2.496669957684244681e-07
2.608067426232548939e-07
2.736906381198768102e-07
2.885689128371256461e-07
3.057181753161887282e-07
3.254411992886057670e-07
3.480667666073914850e-07
3.739469447799613468e-07
4.034511662318418353e-07
4.369563428331399477e-07
4.748369188195335188e-07
5.174466024375291250e-07
5.650941747068220352e-07
6.180031871999587190e-07
6.762611138691979559e-07
7.397562946403174727e-07
8.081217415169772703e-07
8.806852681851106006e-07
9.563531545287816687e-07
1.033499243820299572e-06
1.109886586910847984e-06
1.182614931485051055e-06
1.248050731718441766e-06
1.301882395491651765e-06
1.339342439452091693e-06
1.355553013902107145e-06
1.346218238527673582e-06
1.308517210997979735e-06
1.242191900018033323e-06
1.150480108709692786e-06
1.040492006761105735e-06
9.224128048704973676e-07
8.070931316456858422e-07
7.022559735833632308e-07
6.095307302606266715e-07
5.253591584541547706e-07
4.457080700787377201e-07
3.702953462366635260e-07
3.018263553491655192e-07
2.435097184187924360e-07
1.973242664396642959e-07
1.602169793133640090e-07
1.286607322072461159e-07
1.034387749295552692e-07
8.353673538435618875e-08
6.763249592306590885e-08
5.510661386686266761e-08
4.520717641612413811e-08
3.737146174636716011e-08
3.112499189263582758e-08
2.608639913964815241e-08
2.195632682218611212e-08
1.850515418517862621e-08
1.556373079738880569e-08
1.301459362779223351e-08
1.078246025138608224e-08
8.824409041958324453e-09
7.118974899946814133e-09
5.655397945417976409e-09
4.424603300323827996e-09
3.413252472457755863e-09
2.601497035678997293e-09
1.963897883627330789e-09
1.472154476233837189e-09
1.098181693477152457e-09
8.165697988887822557e-10
6.059009205132546204e-10
4.490263479966050806e-10
3.326548900429540950e-10
2.465933336520478684e-10
1.830513846724879391e-10
1.361208805907066664e-10
1.013374165005888110e-10
7.545964869140755590e-11
5.618384693008985253e-11
4.182564599073500817e-11
3.113249946602831120e-11
2.317032339557985550e-11
1.724269548880986700e-11
1.283045244070086334e-11
9.546677531412093330e-12
7.103098834861897299e-12
5.284993682614085035e-12
3.932427844624099488e-12
2.926336949915784376e-12
2.178074535346940976e-12
1.621728361682357270e-12
1.208516613212945725e-12
9.022715270168568953e-13
6.763606281183462215e-13
5.118326251543793994e-13
3.957966259253488469e-13
3.212143841850221073e-13
2.788059121151909884e-13
2.599109254853705690e-13
