# bin_2_2
4.503161995941415872e-08
4.611067921950747855e-08
4.736393983109521855e-08
4.881816023906617422e-08
5.050384677437067322e-08
5.245580413007885672e-08
5.471358169356984545e-08
5.732200710485129781e-08
6.033126638032158989e-08
6.379668707898154905e-08
6.777846782309248725e-08
7.234259244149481773e-08
7.755958391530443519e-08
8.350303321294038109e-08
9.024692137525681648e-08
9.786499735773986430e-08
1.064298658061184972e-07
1.160132061857965454e-07
1.266779921276125961e-07
1.384610797715626626e-07
1.513547179271062542e-07
1.653059627626710655e-07
1.802276442571122950e-07
1.959604534646705136e-07
2.122351214766693096e-07
2.286786286030788356e-07
2.448035268669216521e-07
2.599764165240102078e-07
2.734053483634987073e-07
2.841847575422658791e-07
2.913065870924612032e-07
2.937733922834218684e-07
2.907336912048166483e-07
2.816857406783733698e-07
2.666883961079638975e-07
2.465294701393804968e-07
2.227313689217479460e-07
1.973162582043990567e-07
1.723357873076388563e-07
1.493622509348249654e-07
1.291181930152088907e-07
1.112814375163289964e-07
9.475095749724449982e-08
7.868210885151680624e-08
6.364567595929579424e-08
5.119096596039601570e-08
4.160534627054759624e-08
3.373731577429105222e-08
2.702019004177757816e-08
2.167344859911857849e-08
1.749764001272252087e-08
1.412909301571587596e-08
1.149492451079372310e-08
9.408786909717418374e-09
7.760144823227960682e-09
6.446634681377940896e-09
5.388354172799406745e-09
4.522564673082453050e-09
3.801240814260179595e-09
3.188980675122779754e-09
2.660981390945290253e-09
2.200983184632142447e-09
1.799258644803530864e-09
1.450496776846873359e-09
1.151758285801264292e-09
9.007352744732693534e-10
6.945173279308836880e-10
5.290306967769058371e-10
3.991146230685980027e-10
2.990060405756884174e-10
2.229591759471254917e-10
1.657620366375068223e-10
1.230181998321870001e-10
9.121032390101677024e-11
6.761643620408213556e-11
5.016555611746630307e-11
3.728537466661293886e-11
2.777106141005786700e-11
2.070877209582627041e-11
1.544316621407329485e-11
1.151427223566703445e-11
8.583531834613674149e-12
6.397827637852695053e-12
4.768110816016563323e-12
3.553174502840509615e-12
2.647615455167210868e-12
1.972767551946917886e-12
1.469937348415382642e-12
1.095343109456761364e-12
8.163304996782778367e-13
6.085533901215708366e-13
4.538680423537669831e-13
3.387668446136121782e-13
2.531895262047087754e-13
1.897064626098274711e-13
1.429914603934583682e-13
1.091956969237805019e-13
8.561431143036289096e-14
6.998762473780556116e-14
6.101503176996112952e-14
