# bin_1_4
2.258369664444851663e-07
2.314752669413981469e-07
2.380315451132400870e-07
2.456491989521313479e-07
2.544920979228384599e-07
2.647472297878582645e-07
2.766269178008310019e-07
2.903709397997544702e-07
3.062480072658706217e-07
3.245557219687723656e-07
3.456205515906029149e-07
3.697977437279711982e-07
3.974686069097925273e-07
4.290344908640851031e-07
4.649066448276923272e-07
5.054955452859256124e-07
5.511916179034888482e-07
6.023395300584279835e-07
6.591959955428478025e-07
7.218760459754758084e-07
7.902866783196283437e-07
8.640656725950538846e-07
9.425236729728310822e-07
1.024522985042957852e-06
1.108361061153559600e-06
1.191680388892330541e-06
1.271404481038651243e-06
1.343661239264284071e-06
1.403830006542267753e-06
1.446759125189909996e-06
1.467121116924616767e-06
1.460130070524084512e-06
1.422492791472796785e-06
1.353591921976857971e-06
1.256549486432798155e-06
1.138735444410741981e-06
1.011036607732808708e-06
8.853626879817677132e-07
7.705633387895314518e-07
6.690270530925631844e-07
5.772685732969262270e-07
4.907229986625974644e-07
4.085047487572661987e-07
3.332473084625323713e-07
2.687971210673828576e-07
2.177955201128430588e-07
1.769278332585642824e-07
1.420903315361643449e-07
1.141752853968734525e-07
9.216659460469130573e-08
7.456783017793723213e-08
6.070616796071853114e-08
4.975453092005093302e-08
4.109151616176629886e-08
3.419361078966303161e-08
2.863832878608134650e-08
2.409393335707889421e-08
2.030491722150728711e-08
1.708223472336232747e-08
1.429372976777046621e-08
1.185388204593796525e-08
9.713302552460457351e-09
7.847001746930228969e-09
6.242679257792992177e-09
4.890713196363388269e-09
3.777337396468508407e-09
2.881812857173714016e-09
2.177137000265591219e-09
1.632878082682505345e-09
1.218532603338514116e-09
9.062959537574181100e-10
6.726042894065210884e-10
4.985218388085511503e-10
3.693431514485369335e-10
2.737861551861091519e-10
2.032289496630218764e-10
1.511258390597710448e-10
1.125172382457620660e-10
8.379509723147203587e-11
6.239858778784901864e-11
4.645864069158272725e-11
3.458583747797783944e-11
2.574400161155138932e-11
1.916052760259691008e-11
1.425939070023053448e-11
1.061123373574215835e-11
7.896113317324702033e-12
5.875677647241842299e-12
4.372368782311459105e-12
3.253979483887031333e-12
2.422064952228697111e-12
1.803408267919911227e-12
1.343781026409121299e-12
1.002959580113233069e-12
7.512991671295406232e-13
5.676381873217028511e-13
4.375350182996479413e-13
3.530431614094466114e-13
3.042039374276815310e-13
2.818960761793729497e-13
