# bin_1_1
5.931884241765131897e-08
6.065320205755919626e-08
6.219951600955109621e-08
6.398912499812960063e-08
6.605737362832616528e-08
6.844425872989250943e-08
7.119466921988980634e-08
7.435857008327266889e-08
7.799075254408441427e-08
8.214955736227428306e-08
8.689607248327611298e-08
9.229406767702584848e-08
9.840886856171665098e-08
1.053049087047352100e-07
1.130418495344830660e-07
1.216732596123068233e-07
1.312419272868770673e-07
1.417742654496227615e-07
1.532677273746656570e-07
1.656772233906767913e-07
1.788948416619776032e-07
1.927416828852082764e-07
2.069805974887324647e-07
2.212721958279416356e-07
2.351395840945625196e-07
2.479792697282656630e-07
2.590775209345259100e-07
2.675920210396974713e-07
2.726040765655891591e-07
2.732363376813382453e-07
2.687577789185302760e-07
2.588025686911674097e-07
2.435457484316682276e-07
2.238455634974002007e-07
2.012131832905201169e-07
1.775946966179993730e-07
1.549396764097321761e-07
1.346011705538132325e-07
1.167525072310021620e-07
1.004764667866325784e-07
8.480807092940427088e-08
6.986123679784894865e-08
5.673927070554853695e-08
4.614725350135661191e-08
3.755914474738688484e-08
3.034824347168271386e-08
2.443776347414588025e-08
1.976991173277466040e-08
1.600749518833197692e-08
1.302531451900988284e-08
1.066749646671887769e-08
8.796867674772675594e-09
7.308802695912367334e-09
6.114130885582273084e-09
5.142217669779600428e-09
4.337704451047940844e-09
3.658693129549886354e-09
3.074834092395164371e-09
2.565578826290566140e-09
2.118272489113814624e-09
1.726093402893500562e-09
1.385801277501112005e-09
1.095604931713083874e-09
8.534569467659445870e-10
6.560842979613719164e-10
4.988123325805969181e-10
3.759781638097130230e-10
2.815941275257812438e-10
2.099604281843792107e-10
1.560662477054549064e-10
1.157599578036352174e-10
8.574814012088933186e-11
6.348712886968698305e-11
4.703216478421161712e-11
3.488875288274650765e-11
2.591433283065475562e-11
1.926059775233524482e-11
1.431813068296751320e-11
1.064405593480017847e-11
7.911981391247794172e-12
5.880509711245271809e-12
4.370256511595755079e-12
3.247647237785064918e-12
2.413323803638737861e-12
1.793351029542022907e-12
1.332726606775881667e-12
9.905515950203448129e-13
7.364227294721006508e-13
5.477214787906819361e-13
4.076490407669340112e-13
3.037131371319826492e-13
2.266708981356665666e-13
1.698014139968360784e-13
1.281442066776551807e-13
9.808454455142751725e-14
7.721439143284001890e-14
6.387058466358995033e-14
5.686278208505110894e-14
5.416282076159591281e-14
5.344238231256068594e-14
