# bin_3_4
6.543829773736170082e-08
6.688061253766878505e-08
6.855099643702753745e-08
7.048291822410480435e-08
7.271426311398517039e-08
7.528809431881408492e-08
7.825338754651465095e-08
8.166582083005806988e-08
8.558757829118142227e-08
9.008638287632800474e-08
9.523521900361683643e-08
1.011138329758670828e-07
1.078114873365615980e-07
1.154206691600245237e-07
1.240317641922654935e-07
1.337348485515745184e-07
1.446177735934527255e-07
1.567728536798505271e-07
1.703111690011560674e-07
1.853513679722517711e-07
2.019749693186039526e-07
2.201883276773110839e-07
2.399655234627167445e-07
2.613186191753701050e-07
2.841865915982486513e-07
3.083627239587466611e-07
3.335434089847669452e-07
3.593674121502507840e-07
3.853203672262000624e-07
4.106827529220571957e-07
4.346249223622612982e-07
4.561038810781401237e-07
4.739601960645174010e-07
4.869073308561246412e-07
4.936141411843943849e-07
4.927509659662180748e-07
4.830899653866068000e-07
4.636516963624326502e-07
4.340329616720258524e-07
3.950081842177810827e-07
3.493085824300379263e-07
3.019826955331865843e-07
2.592182522955485621e-07
2.253088264593626699e-07
1.988777091047354575e-07
1.730569668131988199e-07
1.423779339494599842e-07
1.115734540223151442e-07
8.991694064181402100e-08
7.500524145768848564e-08
5.941924020662343835e-08
4.693237724009834859e-08
3.773045753908656659e-08
2.986004642052124483e-08
2.386686829060143221e-08
1.909338026144472926e-08
1.536472264059206200e-08
1.244435714643706608e-08
1.015011301308213719e-08
8.338090772785778471e-09
6.894145475401564781e-09
5.729087824817570116e-09
4.774661957128236718e-09
3.978855472050531452e-09
3.303567279466189620e-09
2.722383566022403427e-09
2.218520179054167238e-09
1.782611747612953258e-09
1.409953410624691728e-09
1.097625455824043511e-09
8.422498665360112014e-10
6.387951486192959826e-10
4.804619436191586517e-10
3.594904246681216422e-10
2.681968677072865693e-10
1.997713142102061564e-10
1.486903267740550927e-10
1.106720125073672705e-10
8.250969398168728013e-11
6.178022138521115839e-11
4.641841462010575140e-11
3.489347984896982973e-11
2.622414355623615685e-11
1.970425247093770348e-11
1.480238284761874797e-11
1.111804295340520273e-11
8.349561090028301412e-12
6.269804553917840000e-12
4.707837220914482531e-12
3.535015650806861706e-12
2.654619477038684314e-12
1.993901427433589425e-12
1.498212864514904305e-12
1.126466118047753070e-12
8.478212017910440389e-13
6.391606621088366216e-13
4.831993819214471482e-13
3.671475677048140445e-13
2.810966381746852031e-13
2.172113868731403868e-13
