# bin_3_3
5.305006058487347853e-08
5.414858106065225687e-08
5.541751176823209570e-08
5.688071882431003215e-08
5.856492908889855215e-08
6.050027187651895441e-08
6.272075956738739758e-08
6.526479714538676057e-08
6.817462860185842742e-08
7.149495714535255657e-08
7.527227783517553114e-08
7.955606700482928489e-08
8.440127369332066090e-08
8.986138250149973564e-08
9.598263736186941575e-08
1.028058645949094585e-07
1.103644831090573448e-07
1.186918854378443483e-07
1.278374081125423886e-07
1.378558814894910813e-07
1.487631221192060297e-07
1.604996930824869397e-07
1.729791557955510885e-07
1.861667014535234125e-07
1.999699717599938903e-07
2.141758110178623375e-07
2.285199553701426311e-07
2.427250748742387737e-07
2.564131769020290340e-07
2.690882807296905519e-07
2.802405726514013017e-07
2.892527610117439887e-07
2.955151720740460831e-07
2.984178373900584440e-07
2.974270562761743497e-07
2.920993436226401824e-07
2.821073494435708206e-07
2.672429928789548169e-07
2.475047410971528843e-07
2.233695287537428588e-07
1.962595870214448319e-07
1.688569077693090399e-07
1.444797784530408619e-07
1.252565177291179302e-07
1.099974389929721477e-07
9.483350858431927566e-08
7.732716006538310803e-08
6.062631844335876818e-08
4.922391889851053909e-08
4.092613835900048501e-08
3.227841840660035265e-08
2.570223045125085488e-08
2.065128539289823001e-08
1.643065793926153071e-08
1.317720759976124868e-08
1.059557318161238444e-08
8.565556880170139574e-09
6.966726811314411550e-09
5.701420185788400981e-09
4.693239949959538256e-09
3.882243501773996673e-09
3.221995375154226598e-09
2.677209853268251042e-09
2.221067297737479077e-09
1.833894343409820941e-09
1.501890951087902528e-09
1.216058789773067573e-09
9.710306108263678394e-10
7.636639684396952402e-10
5.916018817495086096e-10
4.521912861964826379e-10
3.419691578103258842e-10
2.566948126020902728e-10
1.918114686186697596e-10
1.429771442607254028e-10
1.064363480001418693e-10
7.918779029723712057e-11
5.892336851655203059e-11
4.392526929779336960e-11
3.288512993168950777e-11
2.469033280101468149e-11
1.854210282267383840e-11
1.392179953566194576e-11
1.045062161729583797e-11
7.843570009335358313e-12
5.886065340144353353e-12
4.416657298769698430e-12
3.313928004741383775e-12
2.486608529989038083e-12
1.866068358407144467e-12
1.400779564097031070e-12
1.052013764141864688e-12
7.907228581804395401e-13
5.950777583509555956e-13
4.487217972975502088e-13
3.394244452646846521e-13
2.580781166888702564e-13
1.980225337089813705e-13
1.539582688743298733e-13
1.215423032357036875e-13
