# bin_4_2
3.573109709111608053e-08
3.632997094482613572e-08
3.701412384319873278e-08
3.779264613615782582e-08
3.867501114259336521e-08
3.967132710774256444e-08
4.079224966319915884e-08
4.204946479524685886e-08
4.345418598040332327e-08
4.501509990063395139e-08
4.673736809672014625e-08
4.862458880129388412e-08
5.068097243296055350e-08
5.290435386508765816e-08
5.528255266293800801e-08
5.778771566858012486e-08
6.037486279791505380e-08
6.298006595430459744e-08
6.553300686201164348e-08
6.798453830182342340e-08
7.030604617036021866e-08
7.242994135622503147e-08
7.420066021602266520e-08
7.545270449945528585e-08
7.614206420055351462e-08
7.621833900375688246e-08
7.556112311574797234e-08
7.409223979671395520e-08
7.182689625101285891e-08
6.878496336506486237e-08
6.497577840173674291e-08
6.052704253664840770e-08
5.553157824782402128e-08
5.016171843184723346e-08
4.460024671012509426e-08
3.907445832007534445e-08
3.380293095450170747e-08
2.897249501472773103e-08
2.468609200675371434e-08
2.094376217124389229e-08
1.765733999225494223e-08
1.472759565991958026e-08
1.212519515798013849e-08
9.875528393960513249e-09
7.989128114363963948e-09
6.466212379303670263e-09
5.293800159384647055e-09
4.383036977965599723e-09
3.587828650963280765e-09
2.895375924194243704e-09
2.391412996039251441e-09
2.001131211818748802e-09
1.640512825978044734e-09
1.373606828459482110e-09
1.139300995042542077e-09
9.496037603112319868e-10
7.874823200552751546e-10
6.503941946144279949e-10
5.336039070324456533e-10
4.339866636298692514e-10
3.493115150317809341e-10
2.778895616435143677e-10
2.183501119652688195e-10
1.694628793957534650e-10
1.300184208187003049e-10
9.877297559971658455e-11
7.445965616819032610e-11
5.583220589592638076e-11
4.173163916848313632e-11
3.114113828663214390e-11
2.321717652669648225e-11
1.729509330703266923e-11
1.287117400421998050e-11
9.570520936893453290e-12
7.113696547771971146e-12
5.289005662208179947e-12
3.934624048990136030e-12
2.928508308035986785e-12
2.179647965444781098e-12
1.620824940394792444e-12
1.204575529531876143e-12
8.965178830274533031e-13
6.677169215142763965e-13
4.975640826284848642e-13
3.709579852418478349e-13
2.768540220654774969e-13
2.069530783725196634e-13
1.550795400957836815e-13
1.166521745181502348e-13
8.828043922654081510e-14
6.740826806777411640e-14
5.216001116939999703e-14
4.110614103089109415e-14
3.319762343307593928e-14
2.762829012822899613e-14
2.380182193389989988e-14
2.127888042360873718e-14
1.974499117400313026e-14
1.893163926296419163e-14
1.857481217319389880e-14
