# bin_5_1
2.723321301946547372e-08
2.765253157860633245e-08
2.812922458588597148e-08
2.866839250820664752e-08
2.927495549840682678e-08
2.995409398773227122e-08
3.071124561023387363e-08
3.155235605500417345e-08
3.248253268657470185e-08
3.350393541133085506e-08
3.461485557513671390e-08
3.581283229415983583e-08
3.709816167739907580e-08
3.846814957493519540e-08
3.991139007490637046e-08
4.141119702763635504e-08
4.293318075609778878e-08
4.442569008569931681e-08
4.582514574627643757e-08
4.708115259822200061e-08
4.818751149994573288e-08
4.915017273354689920e-08
4.990868987505773101e-08
5.033096673180629576e-08
5.036011970670884082e-08
5.005341779876942237e-08
4.938770822006240042e-08
4.832142242222380397e-08
4.687180693917237281e-08
4.513886314684137108e-08
4.314536023968404206e-08
4.098198060739467016e-08
3.874822600264717965e-08
3.650417979898031948e-08
3.431917893187396586e-08
3.220161611407816187e-08
3.013582789902219548e-08
2.806734541421229639e-08
2.592661167530291291e-08
2.365263863833622552e-08
2.121589970027112232e-08
1.865006257565549721e-08
1.607355906340105857e-08
1.367056529821096966e-08
1.161206789581407252e-08
9.976510621108674916e-09
8.675734881154063788e-09
7.445144045522524538e-09
6.069493166211391358e-09
4.774200108464082135e-09
3.903907811847799045e-09
3.264933555246494891e-09
2.573679244699414969e-09
2.067003963375101893e-09
1.662478309393277859e-09
1.323310863836561246e-09
1.056017998189958237e-09
8.425800034180209265e-10
6.717290485731337327e-10
5.359794944139483969e-10
4.282644069814866581e-10
3.429389037436041968e-10
2.754035404769298022e-10
2.218930319753753385e-10
1.793566842577610983e-10
1.453103163852930408e-10
1.177862199982718421e-10
9.527117062197877836e-11
7.665392114279510020e-11
6.115967915250984943e-11
4.827072813672799086e-11
3.763677061855007668e-11
2.899269961064216893e-11
2.209875052900511000e-11
1.670774625307861682e-11
1.256364241590630568e-11
9.418124415038246505e-12
7.049580216414577782e-12
5.274600633077416782e-12
3.948598265408938713e-12
2.962871347335494785e-12
2.234662943187938422e-12
1.690544209214009257e-12
1.279240202208406056e-12
9.680304902482384630e-13
7.326405992990363642e-13
5.546593643013818928e-13
4.201710961906104744e-13
3.186205146265269173e-13
2.420015913229434748e-13
1.842435021064703916e-13
1.407853572675070198e-13
1.081345482441054000e-13
8.366182413152312471e-14
6.537535615646545948e-14
5.173955347957231802e-14
4.159402718556978719e-14
3.404430938363135681e-14
2.842990080958863961e-14
2.423272520351534692e-14
