# bin_6_3
4.589165512817345982e-08
4.671677194429628193e-08
4.766183657455916468e-08
4.874031729187491115e-08
4.996635985338590364e-08
5.135542084632173123e-08
5.292407768329507885e-08
5.469028911421110838e-08
5.667187625308136749e-08
5.888301896884002826e-08
6.133317861780009766e-08
6.403110248851502800e-08
6.698995278741087141e-08
7.022028819448787223e-08
7.372306768187106090e-08
7.749285213159310336e-08
8.150921606064517165e-08
8.571881049810679099e-08
9.003691793080883769e-08
9.435672211454852695e-08
9.859554405296431354e-08
1.027325917686998526e-07
1.067259672431211256e-07
1.103935265970058448e-07
1.134693171242717046e-07
1.158417795330999500e-07
1.174722153102983246e-07
1.181754332211602960e-07
1.177656808241921093e-07
1.161666976332355282e-07
1.133732998871686024e-07
1.092886614391836529e-07
1.040095875002373434e-07
9.762206624598601777e-08
9.030073577346280276e-08
8.228555323079113949e-08
7.386048314153341463e-08
6.533999313406055558e-08
5.703891825355176135e-08
4.922100440535120599e-08
4.207225728181281173e-08
3.568668633057300386e-08
3.007076602729274152e-08
2.515428154394758335e-08
2.084020392385615404e-08
1.707197020240233371e-08
1.384471496234586770e-08
1.117831831137767225e-08
9.064830309195302932e-09
7.388399380044929115e-09
5.994442444339929998e-09
4.850383930688889132e-09
3.968112728475867839e-09
3.252040670114933187e-09
2.668388474515653962e-09
2.203814413903189924e-09
1.820539749826467976e-09
1.506075909405576445e-09
1.245140952602220868e-09
1.026556709485488329e-09
8.424997874338980024e-10
6.870371089094191136e-10
5.557629820098042401e-10
4.453433424435337409e-10
3.531418119683793866e-10
2.769521644648467010e-10
2.148014546545868930e-10
1.648393316585529473e-10
1.252928206732131300e-10
9.446749027393206211e-11
7.077898389768444845e-11
5.279557059655723887e-11
3.927304237258699116e-11
2.917279126248150441e-11
2.166055431077030788e-11
1.608655296859396846e-11
1.195585991524843104e-11
8.896241765759818097e-12
6.629045396918899722e-12
4.946030122194523804e-12
3.693006676506475561e-12
2.756942662287142443e-12
2.057819201839420019e-12
1.536121864498925759e-12
1.146915679752581004e-12
8.565230107971069330e-13
6.400483069093436425e-13
4.786866831228463181e-13
3.585087509890981271e-13
2.690987762634057329e-13
2.026695688001462971e-13
1.534417511124517252e-13
1.170598093677245558e-13
9.032003385757873087e-14
7.080139088161098092e-14
5.669260926707830038e-14
4.664973602642198621e-14
3.967183905498253219e-14
3.497913310099956359e-14
3.198437014923008149e-14
