# bin_4_3
4.409712652705352760e-08
4.490174483917388287e-08
4.582496033778110454e-08
4.688101137217773547e-08
4.808524683628107741e-08
4.945446357849448483e-08
5.100690674257485687e-08
5.276286019540018674e-08
5.474317603199544446e-08
5.696726380306079778e-08
5.945211693914886471e-08
6.221436541569280516e-08
6.527248875990834315e-08
6.863956981789188659e-08
7.231948370138043633e-08
7.630075181912272144e-08
8.055469135554311173e-08
8.503305581105054311e-08
8.968029404500472736e-08
9.446108406105200559e-08
9.935851011189690947e-08
1.043109413637898093e-07
1.091593622770539631e-07
1.137261662796688407e-07
1.179491528082779094e-07
1.217459294789206780e-07
1.249440678302470192e-07
1.273937324774136728e-07
1.290246662576582227e-07
1.297477704214699802e-07
1.294378334192915796e-07
1.280721502161205608e-07
1.255732135811961969e-07
1.219370075365375497e-07
1.171718782605985994e-07
1.113502121597651336e-07
1.045698635996727728e-07
9.694980015164297880e-08
8.859875156169362816e-08
7.962884612208377363e-08
7.021586159087056684e-08
6.071627287866296394e-08
5.172017244086722007e-08
4.385847451728822247e-08
3.744982461935792042e-08
3.216810764635745326e-08
2.719487263268722518e-08
2.203663120571832170e-08
1.740485319557446018e-08
1.419235385561969147e-08
1.173245039525553031e-08
9.279294737234714261e-09
7.467548456016203965e-09
6.023847442832253397e-09
4.836461961647108619e-09
3.904852436854948806e-09
3.161296365043419198e-09
2.566345188129994248e-09
2.090029618434047458e-09
1.706412920187008046e-09
1.395636032354381685e-09
1.142318260887840605e-09
9.345727202452329213e-10
7.632730438577973815e-10
6.212952749100186295e-10
5.031248713165090203e-10
4.045141897300692876e-10
3.222473099581437919e-10
2.539207170517817721e-10
1.977075508135133424e-10
1.521124639954976876e-10
1.157741864705639259e-10
8.735348793823652843e-11
6.550801245307735409e-11
4.894636445804683522e-11
3.650561480886019037e-11
2.720688003210777893e-11
2.027642697635764546e-11
1.512116346509216850e-11
1.129959880705714971e-11
8.476139382333900756e-12
6.371434443323610189e-12
4.789419409305135313e-12
3.599770911803507300e-12
2.705336785052693287e-12
2.033115011242791768e-12
1.528052258304940831e-12
1.148704297514377796e-12
8.639006743672148793e-13
6.502118717109333737e-13
4.899821359874222174e-13
3.699671075811865797e-13
2.801755755053931108e-13
2.131175425230792829e-13
1.631400385541925122e-13
1.260053415375933182e-13
9.854300301768388655e-14
7.840124877723107764e-14
6.378100899240019804e-14
5.325821453777370955e-14
