# bin_3_1
2.253147545290658553e-08
2.289488896703441594e-08
2.331004425419967206e-08
2.378257548118810031e-08
2.431841662737758408e-08
2.492400718684860351e-08
2.560641049611080649e-08
2.637347886556115851e-08
2.723313945645717901e-08
2.819203367849688187e-08
2.925479343955738483e-08
3.042489693831102693e-08
3.170668273200031950e-08
3.309985187263249389e-08
3.459517284165107360e-08
3.617661128977220666e-08
3.782059265793644229e-08
3.950344236249114622e-08
4.121635980071792212e-08
4.295987302931382318e-08
4.471195192262239697e-08
4.640316677037721527e-08
4.796037775076915336e-08
4.937622673948274944e-08
5.062996131917816263e-08
5.164991026600945999e-08
5.238021840235132375e-08
5.280417171416929058e-08
5.289157254093672427e-08
5.259419977010450995e-08
5.191790408958007824e-08
5.084089791851497951e-08
4.938215412740444363e-08
4.756282586453724138e-08
4.542596798784914923e-08
4.300923773123395895e-08
4.033481821582577348e-08
3.738244381368212586e-08
3.409427595482252109e-08
3.043560926838436775e-08
2.650339352970648492e-08
2.259945327533832139e-08
1.914011765889293269e-08
1.639748754045558668e-08
1.425011949885718738e-08
1.226171477245739953e-08
1.009848954812253348e-08
7.987972599176375928e-09
6.443523887613063900e-09
5.367400864813476894e-09
4.302170165707914872e-09
3.427857554746064812e-09
2.781031232209831784e-09
2.226252568463767934e-09
1.797574364566515517e-09
1.451112141032324286e-09
1.175479228416366689e-09
9.550163733816372190e-10
7.780314872187735938e-10
6.353892071846601913e-10
5.198963026834310787e-10
4.259061662637059574e-10
3.489911038443836155e-10
2.856139475922768220e-10
2.329783285327016493e-10
1.889287415217622958e-10
1.518768382155842511e-10
1.207205793565983658e-10
9.471534868099914794e-11
7.331758273438635269e-11
5.604842106534665706e-11
4.240822217472945141e-11
3.185036356442821742e-11
2.381091010031248527e-11
1.775631684914905432e-11
1.322339849259188143e-11
9.840741525361641913e-12
7.322992570549548537e-12
5.456604112246297430e-12
4.081070777721041867e-12
3.062191829651366381e-12
2.298991785615724876e-12
1.725843845882773575e-12
1.295444669488593376e-12
9.723708987621277880e-13
7.299357726763660550e-13
5.480724287435189457e-13
4.117044080323653263e-13
3.095138879695628106e-13
2.329735577350549626e-13
1.757024043647495622e-13
1.328902938684049878e-13
1.009420725932144166e-13
7.714113300074269470e-14
5.945817020040218133e-14
4.638300270462649176e-14
3.678541751044729058e-14
2.982052238483269761e-14
2.478176024800185926e-14
2.107363997553718017e-14
