# bin_3_2
3.218938048810473427e-08
3.274568076640903411e-08
3.338295356354063839e-08
3.411066773880005324e-08
3.493894681661946369e-08
3.587880433138957396e-08
3.694228120438112356e-08
3.814259194785488008e-08
3.949320606549888844e-08
4.100611757189301935e-08
4.269081724361504619e-08
4.455508381187675305e-08
4.660706776791335317e-08
4.884829064813384338e-08
5.126799254901328900e-08
5.384503982245624585e-08
5.654628080739893776e-08
5.933463371137450002e-08
6.218613739318551331e-08
6.508178526543095696e-08
6.796774178176392721e-08
7.072446776618086502e-08
7.321822731130265105e-08
7.538446462795426550e-08
7.713080080125976990e-08
7.829260541431642014e-08
7.871780799584646363e-08
7.829651839736782685e-08
7.690192693753797322e-08
7.440043373818984903e-08
7.075337916147412264e-08
6.593665672556780020e-08
6.005305002073934813e-08
5.331164758171218283e-08
4.607298085174547323e-08
3.880909320881067482e-08
3.203874898154110327e-08
2.618207367729454181e-08
2.140572870758929389e-08
1.755711917523165938e-08
1.430281511067190513e-08
1.142578741376216212e-08
8.955550206937130166e-09
6.911475834554915161e-09
5.152235858861640812e-09
3.725025578142708691e-09
2.868498687333292051e-09
2.469334398444234928e-09
2.072179666900211949e-09
1.607251818590278732e-09
1.366681923430619044e-09
1.211036202523877785e-09
1.029081872886481265e-09
9.133882637092561138e-10
7.972529242254971586e-10
6.982839807662059645e-10
6.056233192555307557e-10
5.185380977082629889e-10
4.365719186614831592e-10
3.599636672475032385e-10
2.895936710745559451e-10
2.265920530540113838e-10
1.719696815954776474e-10
1.263610428721285061e-10
8.982769610784155548e-11
6.182982773717733090e-11
4.133816803818742488e-11
2.701634489958642986e-11
1.743489055047887836e-11
1.125875652124292667e-11
7.372997119866950240e-12
4.940002286123789223e-12
3.394481000788383159e-12
2.387325262323094197e-12
1.712440717807133789e-12
1.247135920930144508e-12
9.168020883745749563e-13
6.765503098745074894e-13
4.970259388143068220e-13
3.564455748388096718e-13
2.485388883324678569e-13
1.715653762855646886e-13
1.179314215302225947e-13
8.067896964921563011e-14
5.499643432058836773e-14
3.742489519182695497e-14
2.552107376539950410e-14
1.757434839291144183e-14
1.240035116069568324e-14
9.138801437390915776e-15
7.222596953465460451e-15
6.235123824773041894e-15
5.916303482670645679e-15
6.066434389793381007e-15
6.568555404615043397e-15
7.372818643667529533e-15
8.488511173113298077e-15
1.002797951813111928e-14
1.183395172136807436e-14
1.354898000105333158e-14
