# bin_5_4
5.234661550116447212e-08
5.335050203633385463e-08
5.450484936281893854e-08
5.582857437433238028e-08
5.734218655617854018e-08
5.906850761617712452e-08
6.103287421364706158e-08
6.326358247407613065e-08
6.579047245398988721e-08
6.864263640173220673e-08
7.184732599556699957e-08
7.543364494794338830e-08
7.943645972986646116e-08
8.388935059635208079e-08
8.881731145668269424e-08
9.423995024487498116e-08
1.001556444349060949e-07
1.065405730372721633e-07
1.133532264387941110e-07
1.205622709514930386e-07
1.281807021800709782e-07
1.362234751728316375e-07
1.446089967563739588e-07
1.531483412190366673e-07
1.617181238253573100e-07
1.703036913293169122e-07
1.787583054977054289e-07
1.868727903122348346e-07
1.944656716278104842e-07
2.014278266665420313e-07
2.075234538838904480e-07
2.125714829697116468e-07
2.163856448103816415e-07
2.187246190700124504e-07
2.193600377881634713e-07
2.179965961854760288e-07
2.143282471110536240e-07
2.080333023268338610e-07
1.988208937715001206e-07
1.864970956101939651e-07
1.710983630872350575e-07
1.531262310798877354e-07
1.337627157086558513e-07
1.148129438496548472e-07
9.817217712094299791e-08
8.496418220505855439e-08
7.435906496625052332e-08
6.380973707183190035e-08
5.165309069642849897e-08
4.027003664952462448e-08
3.283915351668520050e-08
2.732809341651046705e-08
2.125901034164491446e-08
1.697816685671919405e-08
1.353495413761676498e-08
1.071467972611372546e-08
8.514497572940150254e-09
6.791945135386610820e-09
5.432193154713568579e-09
4.365097935027400932e-09
3.525199007666405744e-09
2.861359300623394242e-09
2.333527118014444651e-09
1.910493905037915902e-09
1.568302705658759615e-09
1.288379252686212605e-09
1.056635809713020369e-09
8.626015972368727425e-10
6.988140301059984925e-10
5.602111199889054373e-10
4.434854093104534120e-10
3.463781170095132643e-10
2.670415828780409353e-10
2.035969734934279476e-10
1.539284623145433727e-10
1.157427351027394393e-10
8.676975688137724329e-11
6.496179182272497286e-11
4.862287313618527779e-11
3.641874441256663862e-11
2.734835797130419019e-11
2.064425287185675189e-11
1.562711818051314577e-11
1.182974554666588013e-11
8.953230787477934169e-12
6.774967979208321556e-12
5.125966607088747891e-12
3.878043532901726325e-12
2.933956688896691897e-12
2.219963505109023463e-12
1.680162501233558747e-12
1.272259762262087768e-12
9.641686241148581131e-13
7.316260293216472277e-13
5.562772485239263441e-13
4.241793352788276361e-13
3.248081471764560353e-13
2.502005459263580794e-13
1.943438069922389570e-13
1.526684261636120367e-13
