# bin_1_2
1.447646263613633461e-07
1.482754956665302708e-07
1.523539040457190117e-07
1.570871271349572762e-07
1.625745081475130115e-07
1.689290699460979526e-07
1.762786457515121111e-07
1.847669060095693606e-07
1.945537826417794599e-07
2.058144827570809275e-07
2.187387756634000046e-07
2.335306649703712417e-07
2.504060774247087656e-07
2.695881154069576267e-07
2.912993790811677181e-07
3.157555746749831403e-07
3.431528624342977783e-07
3.736515852309265326e-07
4.073473864282477336e-07
4.442361619258682194e-07
4.841697710022581801e-07
5.268226352293181080e-07
5.716728345372346634e-07
6.179169734058273501e-07
6.643917863231659417e-07
7.095426218361827376e-07
7.514115319384806606e-07
7.875965248895444476e-07
8.153215689636161745e-07
8.316373705001549986e-07
8.336862506264872186e-07
8.192170388610139689e-07
7.871763750339551332e-07
7.383600007312825619e-07
6.758340724417425961e-07
6.048822477338946496e-07
5.321431430940835148e-07
4.638015455427061889e-07
4.031857632748141572e-07
3.494878482130609904e-07
2.994582991296752185e-07
2.512363719848597493e-07
2.064376490889538212e-07
1.676447101171945755e-07
1.355989866519617071e-07
1.099252421387608226e-07
8.895958619302089284e-08
7.146336031311753946e-08
5.762559338694220832e-08
4.664538587612320072e-08
3.791456859370741589e-08
3.103046304137664555e-08
2.558208184680399331e-08
2.125248391352175046e-08
1.777882117438704303e-08
1.495220000545171717e-08
1.261013161021763670e-08
1.063029568931533601e-08
8.924961704008118428e-09
7.435598830977406751e-09
6.126918228227419722e-09
4.980458135406230518e-09
3.987669208085282167e-09
3.143508200115609947e-09
2.441598293703070838e-09
1.871677605411634722e-09
1.419353912716043726e-09
1.067470242267930995e-09
7.980956056033665591e-10
5.943085707341869283e-10
4.413767184680432545e-10
3.272263323192103873e-10
2.423692410148956426e-10
1.795217468224666433e-10
1.331011714032711201e-10
9.883268204972179434e-11
7.349216068513927998e-11
5.468606047178386564e-11
4.069311506059912134e-11
3.027630272135384774e-11
2.252282640789001058e-11
1.675287786455619044e-11
1.245975510398711134e-11
9.266001759498958956e-12
6.890462258779184689e-12
5.123767441111629510e-12
3.810055142761472162e-12
2.833324882627985640e-12
2.107232269819446381e-12
1.567553963964038180e-12
1.166505442380888697e-12
8.686073229150375904e-13
6.477123046912530506e-13
4.844778974033026162e-13
3.647263732868027563e-13
2.785532138816276462e-13
2.193484590892991558e-13
1.836837243220599663e-13
1.656395365882764949e-13
1.589822915624118245e-13
