# bin_4_4
5.332810998558840422e-08
5.439457164200061255e-08
5.562380888424325749e-08
5.703751463645473474e-08
5.865972320157151904e-08
6.051732086587549424e-08
6.264025628142629898e-08
6.506233664220883161e-08
6.782007860326554665e-08
7.095106618632065856e-08
7.449332160399513746e-08
7.848756964028069438e-08
8.297962233118200548e-08
8.801377026827097405e-08
9.362927465984835269e-08
9.985484245309061481e-08
1.067067714674611322e-07
1.141866709874300308e-07
1.222930548351929943e-07
1.310465700875375702e-07
1.404865026556287527e-07
1.506088547891512638e-07
1.613138927737173386e-07
1.724795192540397348e-07
1.840834818355147211e-07
1.960678576098591327e-07
2.082653795006323822e-07
2.204894497149970254e-07
2.325901299251256378e-07
2.443533588836804557e-07
2.554538298440065456e-07
2.655804204103444906e-07
2.742767635843005345e-07
2.810494380287780154e-07
2.853052333140215015e-07
2.864054543908555798e-07
2.836546435898958566e-07
2.763613133744661913e-07
2.639376604545463625e-07
2.461336054031273272e-07
2.233976146228840766e-07
1.972724077088026382e-07
1.704767733634354959e-07
1.462016695350618370e-07
1.267059117670142390e-07
1.115063364444007796e-07
9.707355456361881644e-08
8.007811564078241419e-08
6.268405889117361354e-08
5.031643900889995684e-08
4.206093364436781134e-08
3.330647598363350378e-08
2.620624603196360440e-08
2.106504418139454864e-08
1.659958454467165206e-08
1.322152819026023386e-08
1.052679936332771796e-08
8.420421620028159237e-09
6.772692992022727489e-09
5.480841735947695702e-09
4.464276921052443963e-09
3.659108774171298011e-09
3.015254056654441332e-09
2.494161365520882434e-09
2.066083812156855020e-09
1.708706789605142188e-09
1.405906652448522985e-09
1.146685323673807231e-09
9.241632800154915137e-10
7.343596111095813715e-10
5.748452601711637421e-10
4.435819500831209848e-10
3.381496258146594246e-10
2.554284593011458417e-10
1.917907638238858733e-10
1.435216102263473743e-10
1.072145231931454880e-10
8.003842260365197943e-11
5.976393988895981286e-11
4.470631374349272493e-11
3.359771211003947153e-11
2.534583991897565342e-11
1.913163824778517550e-11
1.443786769615535745e-11
1.089323572813974829e-11
8.217321624617400791e-12
6.197840960741178065e-12
4.674212435022224021e-12
3.525034208187770530e-12
2.658568454432348725e-12
2.005471212400301946e-12
1.513399501371264828e-12
1.142799405607919627e-12
8.638353555152200944e-13
6.539709247609247274e-13
4.962163002308847334e-13
3.777732485551459161e-13
2.890254554160200210e-13
2.226933727197651284e-13
1.732147138636906901e-13
