# bin_2_1
1.735814597928901133e-08
1.773094008385664144e-08
1.816230018044568244e-08
1.866069003437393828e-08
1.923563574975785100e-08
1.989793027470664975e-08
2.065974262149965336e-08
2.153479673410324745e-08
2.253818471661013150e-08
2.368595741975772257e-08
2.499473784193071065e-08
2.648241828525531483e-08
2.816722173431816808e-08
3.006676062535237799e-08
3.219638861068448091e-08
3.456969857240852153e-08
3.719931899987362026e-08
4.009928814574700023e-08
4.328171625918773305e-08
4.674653777746540631e-08
5.047125848076935484e-08
5.441733697296535040e-08
5.854868945681160551e-08
6.280897606592950669e-08
6.709846377800333056e-08
7.129192476185300094e-08
7.524429122258946426e-08
7.877397711723829058e-08
8.165748894950591915e-08
8.366535995004645431e-08
8.455495668006144946e-08
8.412206430755509329e-08
8.223720461279946805e-08
7.889772995238824770e-08
7.425520609762986951e-08
6.860966103582877045e-08
6.234061992860479740e-08
5.579718565984262582e-08
4.921333059786782768e-08
4.275314799286749945e-08
3.662590074048137180e-08
3.109662178153407196e-08
2.634311495627797242e-08
2.228179792872059169e-08
1.854881181683847808e-08
1.496454656067257763e-08
1.193567698257302643e-08
9.745404660782964034e-09
7.927122419156488616e-09
6.329909709990535672e-09
5.119328864978069531e-09
4.143501007498187443e-09
3.366247506095326494e-09
2.751961486527632993e-09
2.262920274014377039e-09
1.871445653063099484e-09
1.555111005495601799e-09
1.296140726847811739e-09
1.081101775024837408e-09
9.000784250701645329e-10
7.460278965600715155e-10
6.140887479290051788e-10
5.009334187906752625e-10
4.042524685395448684e-10
3.223280492410118070e-10
2.537478006247716356e-10
1.972157666468008167e-10
1.514331739812442977e-10
1.150450415881516071e-10
8.664896948927218701e-11
6.484748466866887969e-11
4.832635308147757233e-11
3.592490797255028916e-11
2.667379075921087181e-11
1.979816279495523035e-11
1.469806742857730727e-11
1.091821738185568140e-11
8.123341536060536579e-12
6.057803187105165165e-12
4.522187785574657228e-12
3.375774767340526635e-12
2.519609453642455587e-12
1.880323780790755797e-12
1.403095055724133782e-12
1.046909221100842033e-12
7.811204742761867518e-13
5.828282923171390789e-13
4.349261286127596216e-13
3.246379334439891739e-13
2.424214266026293735e-13
1.811537942028335331e-13
1.355217256275448059e-13
1.015685348090178682e-13
7.634238397425310050e-14
5.767335249548954048e-14
4.404240286168603616e-14
3.432298575393716021e-14
2.762754298494501119e-14
2.320115683498119581e-14
2.035409760929911798e-14
