# bin_6_2
3.915460039090844521e-08
3.981967883051215706e-08
4.057911345675089845e-08
4.144253535139148244e-08
4.241975098446636407e-08
4.352131436258759767e-08
4.475829384156714978e-08
4.614248974160097379e-08
4.768491036663844045e-08
4.939232045230787055e-08
5.126620522925650791e-08
5.330673167149011275e-08
5.551788853723325268e-08
5.790083596481797447e-08
6.044719689335659168e-08
6.314280976647032711e-08
6.595966390684229915e-08
6.883873703582691029e-08
7.169186881177521599e-08
7.441094669906934732e-08
7.691479355581693298e-08
7.918965364894140997e-08
8.121036677683085805e-08
8.282181552704297390e-08
8.379202190552898658e-08
8.405400554871694070e-08
8.362789709914335002e-08
8.240212957435941328e-08
8.027508788677415201e-08
7.726456131711142025e-08
7.346744026310991363e-08
6.888847372183203761e-08
6.371682064498621740e-08
5.810986734188332543e-08
5.227827356965327900e-08
4.644611503843222546e-08
4.081731308539351871e-08
3.555516456703939958e-08
3.076049315191729848e-08
2.644895055844646440e-08
2.257280724244329677e-08
1.906818794283349769e-08
1.590931444495322768e-08
1.311958694857209688e-08
1.074502839186305117e-08
8.813936187196502977e-09
7.286670199617467934e-09
6.042700581587223863e-09
4.959365004312147609e-09
4.018535307607469471e-09
3.276598277739888029e-09
2.715277551669402057e-09
2.235573198252636533e-09
1.833049840067642388e-09
1.517444701169586995e-09
1.248797843213933718e-09
1.029281247152636473e-09
8.446927554290142006e-10
6.902319117456667990e-10
5.605031676284347565e-10
4.516844274819298368e-10
3.608533276943358338e-10
2.856517492085495373e-10
2.240660528019334612e-10
1.742734312122186980e-10
1.345544067310895616e-10
1.032751927080662888e-10
7.891148257756245285e-11
6.009018497126709906e-11
4.562812974642829513e-11
3.454988358142014399e-11
2.608118860184471279e-11
1.962347500165279597e-11
1.471834096950253970e-11
1.101139779664452574e-11
8.224622064576963807e-12
6.138321967825454581e-12
4.579949621980341907e-12
3.416861365857412634e-12
2.548817298796001959e-12
1.901875058086400882e-12
1.421310709434430619e-12
1.064308984714813162e-12
7.974992425065657376e-13
5.978991896194545735e-13
4.485171392185997007e-13
3.368763474190166414e-13
2.534332448624248560e-13
1.911488794880302803e-13
1.447372715879954769e-13
1.102289844960730669e-13
8.467999588385061879e-14
6.584559008780615446e-14
5.208437135146882201e-14
4.213544877430937811e-14
3.504530731453800794e-14
3.010016429390028571e-14
2.675745980147458374e-14
2.457902172545332017e-14
2.321174478424451768e-14
