# bin_4_1
2.520737991185067153e-08
2.560080280100457322e-08
2.604874718527886781e-08
2.655643495735842192e-08
2.712915010234291047e-08
2.777246278085096148e-08
2.849217820254217933e-08
2.929475417570768370e-08
3.018612618603452473e-08
3.117005933343986936e-08
3.224745437788789730e-08
3.341817050032553027e-08
3.468309945979020505e-08
3.603867960762105958e-08
3.747415599367437650e-08
3.896756438501992657e-08
4.048503260908823540e-08
4.197996261353368798e-08
4.340424549305679145e-08
4.473167622541651975e-08
4.595778330145514212e-08
4.705161310804413705e-08
4.791647585075197074e-08
4.845498522957481183e-08
4.867548567729008227e-08
4.858538485110444068e-08
4.813906169604346935e-08
4.732492908753326071e-08
4.620253414396300074e-08
4.482445019829317515e-08
4.321676652056866895e-08
4.147335328875527895e-08
3.962699019687687861e-08
3.773225624869387497e-08
3.580686971796207888e-08
3.386010251845076123e-08
3.186357676522392158e-08
2.976100321689482186e-08
2.747451515101457638e-08
2.494513960087049265e-08
2.217693154666750886e-08
1.927711954454701900e-08
1.646143212773651545e-08
1.398206820007519002e-08
1.199540017398376624e-08
1.043667985368992609e-08
9.026089549379107131e-09
7.481151329529543394e-09
5.915903817128695900e-09
4.762094712204897211e-09
3.984990171587022561e-09
3.196606503682691537e-09
2.536714363768309794e-09
2.055697847821107813e-09
1.635142215057404105e-09
1.311170911555099192e-09
1.048584805716991173e-09
8.398449470832617880e-10
6.737736114628924815e-10
5.416799058061841068e-10
4.366517498474633210e-10
3.530835048982445686e-10
2.864308091921409846e-10
2.330346188453697832e-10
1.899288270190583561e-10
1.547605398500278822e-10
1.257237416058121278e-10
1.014951981640702070e-10
8.116555190165408689e-11
6.414100349887937568e-11
5.002623098704648364e-11
3.851778228605937246e-11
2.932673483833434064e-11
2.213868468874301922e-11
1.661784078893704482e-11
1.243310872568895884e-11
9.285944229334282549e-12
6.930357701773416518e-12
5.172866322054473906e-12
3.866967112288535376e-12
2.902990631524095761e-12
2.187725610471940850e-12
1.649934615877800367e-12
1.244324509428981988e-12
9.383902931262641875e-13
7.077667819644974309e-13
5.339865020521046700e-13
4.031003760610362275e-13
3.045875833247377394e-13
2.305182655520923086e-13
1.748832576083218410e-13
1.331652068509465499e-13
1.019299109069193084e-13
7.859347990027120811e-14
6.119128756748729111e-14
4.824614657118242743e-14
3.864037109450538124e-14
3.152303163219827716e-14
2.625530873780181590e-14
2.233259782981100988e-14
