# bin_2_3
9.481341003574720745e-08
9.720847840817651454e-08
9.999560197455668178e-08
1.032368439714934534e-07
1.070034700402662585e-07
1.113772495940853464e-07
1.164517137500695858e-07
1.223335582238452913e-07
1.291436181973254560e-07
1.370175557944221859e-07
1.461064569262577499e-07
1.565785290088675887e-07
1.686183465986729272e-07
1.824255557396296681e-07
1.982118916703982584e-07
2.161994946665522304e-07
2.366177689513491183e-07
2.597001813357770398e-07
2.856709705431259576e-07
3.147192660453457362e-07
3.469700012152962336e-07
3.824693093659543820e-07
4.211752250566676755e-07
4.628940581936149376e-07
5.072121355046617693e-07
5.534742738570691572e-07
6.007457781671732417e-07
6.477238646992593874e-07
6.926852280429002517e-07
7.335061750919527354e-07
7.676516416722825249e-07
7.923025297642291069e-07
8.045616269729753329e-07
8.018163258242955380e-07
7.822332052317344135e-07
7.453545418589846306e-07
6.926461452594316239e-07
6.277896233209217198e-07
5.564440034828922529e-07
4.853043084266532432e-07
4.203722913007336983e-07
3.645981883486970613e-07
3.162989008152192104e-07
2.705030591712483824e-07
2.242152936653943323e-07
1.805040242479463635e-07
1.449301580059284155e-07
1.180982149372277139e-07
9.565963428212186601e-08
7.604004233209128900e-08
6.098441975832645230e-08
4.896526207397957921e-08
3.937000382032447521e-08
3.185979261400697238e-08
2.594615031689921666e-08
2.128732091791276361e-08
1.759945094636060543e-08
1.465086448139111111e-08
1.226011242641895567e-08
1.028736309262877652e-08
8.628076948466192189e-09
7.207459003554596447e-09
5.974942778875301571e-09
4.899307735613392115e-09
3.963196323303293529e-09
3.157626131917930654e-09
2.476858919001693723e-09
1.914406293982259667e-09
1.460824556099693044e-09
1.103419673647944131e-09
8.273599957219348077e-10
6.173755672623449567e-10
4.593245562230789692e-10
3.411452699367366864e-10
2.531464318525893399e-10
1.878424500837430931e-10
1.395390454764672789e-10
1.038962618371942328e-10
7.755984553112956545e-11
5.796404152523906038e-11
4.331683198424041811e-11
3.236448574366679335e-11
2.417693105283098834e-11
1.805771230454763981e-11
1.348533355247920679e-11
1.006948154332226473e-11
7.518111675072505853e-12
5.612777154412559648e-12
4.190128440438575227e-12
3.128046387472468900e-12
2.335262788598345484e-12
1.743587900475694934e-12
1.302099291856394626e-12
9.727717935867276833e-13
7.272927371380783805e-13
5.447928051987482041e-13
4.098969178804530268e-13
3.114584370270867724e-13
2.410047367693344027e-13
1.935566473811284294e-13
