# bin_2_4
1.090714513890351182e-07
1.118500774842118904e-07
1.150845376219091551e-07
1.188473267460403852e-07
1.232217808830431096e-07
1.283036046234734783e-07
1.342023823246345709e-07
1.410432505188784154e-07
1.489681768298897059e-07
1.581369734693984648e-07
1.687282152064088130e-07
1.809411702911566568e-07
1.949953022644683729e-07
2.111291381872520468e-07
2.295973670190820333e-07
2.506688817718020994e-07
2.746229878566280200e-07
3.017451028444457703e-07
3.323121263074124750e-07
3.665647123267492208e-07
4.046756889193239501e-07
4.467309751167465714e-07
4.927131780661432246e-07
5.424315262769380548e-07
5.954447998354874991e-07
6.510299215286141032e-07
7.081368808472496800e-07
7.652821481614482293e-07
8.204816418003396432e-07
8.712599567041305814e-07
9.146298104007182946e-07
9.472151608218557928e-07
9.654695845146918432e-07
9.660754833388153545e-07
9.465156041895920426e-07
9.057981809159327646e-07
8.451862089785488103e-07
7.686933128873560897e-07
6.829851932192770666e-07
5.963771061006927171e-07
5.167190902607315296e-07
4.483272023462618343e-07
3.896723248910569893e-07
3.345334238872231728e-07
2.783879639522153439e-07
2.243228393960613181e-07
1.797788500302626573e-07
1.465154251383741000e-07
1.189112642071855327e-07
9.444299694282584160e-08
7.566478523997037364e-08
6.072502056219683958e-08
4.874994363231108920e-08
3.939462585764136585e-08
3.202822063077509075e-08
2.623189760646235848e-08
2.165284904805988535e-08
1.800174491420438625e-08
1.505156073416863607e-08
1.262652548490584687e-08
1.059435033461595479e-08
8.859565493227634154e-09
7.356837616080655456e-09
6.045282811392056815e-09
4.901951330489278515e-09
3.915184015189241880e-09
3.078223091279827966e-09
2.384014189814693937e-09
1.822106570325237129e-09
1.377949986342302602e-09
1.034055489427567042e-09
7.720341643599938316e-10
5.746032913482122043e-10
4.268752559108047317e-10
3.168155913857015941e-10
2.351022210355508305e-10
1.746381736791168623e-10
1.300209927478919755e-10
9.707186921010222796e-11
7.256567236696189974e-11
5.424512815831997047e-11
4.054190198350790790e-11
3.029468254489242121e-11
2.263370437987651454e-11
1.690752358142106935e-11
1.262839933994044273e-11
9.431265276364671264e-12
7.042962865777935567e-12
5.259162949391810270e-12
3.927061682852754113e-12
2.932421224929534188e-12
2.189862016516409464e-12
1.635600351007079893e-12
1.221990956797695623e-12
9.135279297647801084e-13
6.839704631025260798e-13
5.139472107501183494e-13
3.893676741247140251e-13
2.996044506151198568e-13
2.383077918620310449e-13
