# bin_5_2
3.921203720379542157e-08
3.986856223398376315e-08
4.061810098346105562e-08
4.147026505326860028e-08
4.243483156668499153e-08
4.352229039708253147e-08
4.474383679938949547e-08
4.611161607775621464e-08
4.763705210228899080e-08
4.932825653110750412e-08
5.118873346583142749e-08
5.322096380476310676e-08
5.543032078642903372e-08
5.781779619151505246e-08
6.037264405445517878e-08
6.307609883652743579e-08
6.588509096462874776e-08
6.873194576678169275e-08
7.152927931374188815e-08
7.419939384068750359e-08
7.671330132609865860e-08
7.905176176368706781e-08
8.110601954897105406e-08
8.266597151255508933e-08
8.360185962106969114e-08
8.392309785869474893e-08
8.353119196108768062e-08
8.229810976867143964e-08
8.017197986076140722e-08
7.721995472563253689e-08
7.342805163392452720e-08
6.890188834501573105e-08
6.380214097535983781e-08
5.828530899513879655e-08
5.257338625172652632e-08
4.685328071134987543e-08
4.131516601828978028e-08
3.610889347516902408e-08
3.133463974534244953e-08
2.702017671806301217e-08
2.311606508656869044e-08
1.955283750321018797e-08
1.631618527408610545e-08
1.345952897837899582e-08
1.105136712648126787e-08
9.112783331252573324e-09
7.571718607247196895e-09
6.280344834354275494e-09
5.119052939742112263e-09
4.127818668212030484e-09
3.386863205514286864e-09
2.810276790000345667e-09
2.290953200512103402e-09
1.885440806253332301e-09
1.554480710561672233e-09
1.278430379883357335e-09
1.051150811210275586e-09
8.620455983911530227e-10
7.037768332389995683e-10
5.713056320272348455e-10
4.605358963612864898e-10
3.683181160927678911e-10
2.921160039042200997e-10
2.297715678789786415e-10
1.793566685754911403e-10
1.390753461406769924e-10
1.072484860801306367e-10
8.233219935404941718e-11
6.295680884031882629e-11
4.795748649459574618e-11
3.638344607267259910e-11
2.748247075766069873e-11
2.066882056783606973e-11
1.548567428535580794e-11
1.157073479479893333e-11
8.632524139535918095e-12
6.436888635616713381e-12
4.799388748124976932e-12
3.578480441379831861e-12
2.668298024703563915e-12
1.991174981160146834e-12
1.489243205014624190e-12
1.115438313211042896e-12
8.357446032500019780e-13
6.264357017910438813e-13
4.698518695394346715e-13
3.527437676807749746e-13
2.652428290199920103e-13
1.999412438370686257e-13
1.512787527188010804e-13
1.150810810127463275e-13
8.827665537346998280e-14
6.851293516619683516e-14
5.405489763084538521e-14
4.360643291120328734e-14
3.614394120946801739e-14
3.091419166398181371e-14
2.734065958343477108e-14
2.498709978845281907e-14
2.348718449054645652e-14
