# bin_6_1
2.700338462767889648e-08
2.742459722940760060e-08
2.790344154229461018e-08
2.844490458568624199e-08
2.905377669804464091e-08
2.973510793711055579e-08
3.049403583903398122e-08
3.133601000733500095e-08
3.226552959237105364e-08
3.328338360932340167e-08
3.438589700609849619e-08
3.556835988536170747e-08
3.682948622763546030e-08
3.816616874465558188e-08
3.956826436338171906e-08
4.102207641527692034e-08
4.250444888143982775e-08
4.396990483402453801e-08
4.535356727977611534e-08
4.658021753457905372e-08
4.760157251306221691e-08
4.842666470342453910e-08
4.905998054194450176e-08
4.941253103681352745e-08
4.934689107290161123e-08
4.886048421271928589e-08
4.802255508391972279e-08
4.680545109075871613e-08
4.519142174156454984e-08
4.324445294504798526e-08
4.107728058254476649e-08
3.871112376555523127e-08
3.627407035800681338e-08
3.383586644252844213e-08
3.146500912686036645e-08
2.920481540159225966e-08
2.705685077157772750e-08
2.498589859704159215e-08
2.293458996992720187e-08
2.084211286101749918e-08
1.867638132986588084e-08
1.645123392252588798e-08
1.423559587201856714e-08
1.214465526734624613e-08
1.029594451071259660e-08
8.764598743415468330e-09
7.553390562855074396e-09
6.518586701650094740e-09
5.442879747709526181e-09
4.340487058362083027e-09
3.473555819970511568e-09
2.896806516709513838e-09
2.350661096384465679e-09
1.857007227749786507e-09
1.508871266796996043e-09
1.197689295599352831e-09
9.590962722908554654e-10
7.631512832379339990e-10
6.074030784885357363e-10
4.831751987363581581e-10
3.843489738172183768e-10
3.059872189635805546e-10
2.440094505055711345e-10
1.950549932457879250e-10
1.563676041059599351e-10
1.256889335852768694e-10
1.011992076198154007e-10
8.146956833485365941e-11
6.541134546937725814e-11
5.222977302899241069e-11
4.136611188774223952e-11
3.243278532919678092e-11
2.515165145513767068e-11
1.930171971712188067e-11
1.468115692178765970e-11
1.109261029079172374e-11
8.345052284407639783e-12
6.263045478323988808e-12
4.696232806540296247e-12
3.521938907692582602e-12
2.644938155721971783e-12
1.994174952428246247e-12
1.510316282838447738e-12
1.145271448641110936e-12
8.686272100147274807e-13
6.589070123816083193e-13
5.000641801915490810e-13
3.797685445069712588e-13
2.887399929795130521e-13
2.199220743292042055e-13
1.679507726306008104e-13
1.287736931518294214e-13
9.928603418650708314e-14
7.715373775061961128e-14
6.058457627234259221e-14
4.821582346577554688e-14
3.900776704677350736e-14
3.215518053468820067e-14
2.705486327782093011e-14
2.323592141337356805e-14
