# Covariance matrix (13x13)
# 13 13  # Matrix size (rows x columns)
5.51289300e-05 -4.00222441e-06 -1.36542151e-08 -1.35130326e-05 8.43404262e-04 -2.37993443e-04 1.33201018e-03 -1.76074027e-03 -1.35676335e-03 1.84583109e-04 -9.76773332e-04 1.16861698e-03 9.17926534e-04
-4.00222441e-06 8.53515184e-05 -1.32350236e-07 1.35973833e-05 4.58223979e-04 3.32421654e-03 1.29103683e-03 2.37760663e-03 -1.47833824e-03 -1.42808701e-03 -6.76240999e-04 3.50383198e-04 -4.07357132e-04
-1.36542151e-08 -1.32350236e-07 5.25698679e-05 -5.17441193e-06 -3.10123256e-05 1.08826207e-03 -1.54110114e-03 -9.42388041e-04 1.35121573e-03 -7.35209745e-04 -8.69275865e-04 -5.01118066e-04 4.53267338e-04
-1.35130326e-05 1.35973833e-05 -5.17441193e-06 1.73708492e-04 -5.67161590e-05 2.63719169e-03 -2.75719226e-03 3.10473603e-04 -2.13647834e-03 2.03747562e-03 -2.02226268e-04 2.18660375e-03 -2.10905098e-03
8.43404262e-04 4.58223979e-04 -3.10123256e-05 -5.67161590e-05 1.00002775e+00 2.38039358e-06 -1.58119036e-06 8.73045974e-06 6.94656428e-06 6.83350873e-06 -1.18067783e-07 4.98001557e-07 -2.27614933e-06
-2.37993443e-04 3.32421654e-03 1.08826207e-03 2.63719169e-03 2.38039358e-06 1.00003382e+00 4.35526196e-06 8.13698667e-06 9.38782025e-07 -6.26348197e-06 -3.38922318e-06 -4.90381567e-06 2.84652316e-07
1.33201018e-03 1.29103683e-03 -1.54110114e-03 -2.75719226e-03 -1.58119036e-06 4.35526196e-06 1.00002995e+00 1.76100970e-06 -5.94895862e-06 -7.32393787e-06 -1.22735129e-06 1.06395430e-07 2.32466160e-06
-1.76074027e-03 2.37760663e-03 -9.42388041e-04 3.10473603e-04 8.73045974e-06 8.13698667e-06 1.76100970e-06 1.00004309e+00 6.61443241e-06 6.93081622e-06 1.62033170e-06 9.12139351e-07 -3.45202928e-06
-1.35676335e-03 -1.47833824e-03 1.35121573e-03 -2.13647834e-03 6.94656428e-06 9.38782025e-07 -5.94895862e-06 6.61443241e-06 1.00003925e+00 9.48100827e-06 -4.18309034e-07 -5.35700361e-06 -4.04222785e-06
1.84583109e-04 -1.42808701e-03 -7.35209745e-04 2.03747562e-03 6.83350873e-06 -6.26348197e-06 -7.32393787e-06 6.93081622e-06 9.48100827e-06 1.00004499e+00 6.56812312e-06 7.49832769e-06 -5.03924862e-06
-9.76773332e-04 -6.76240999e-04 -8.69275865e-04 -2.02226268e-04 -1.18067783e-07 -3.38922318e-06 -1.22735129e-06 1.62033170e-06 -4.18309034e-07 6.56812312e-06 1.00002890e+00 6.51447510e-06 -3.69963939e-07
1.16861698e-03 3.50383198e-04 -5.01118066e-04 2.18660375e-03 4.98001557e-07 -4.90381567e-06 1.06395430e-07 9.12139351e-07 -5.35700361e-06 7.49832769e-06 6.51447510e-06 1.00003720e+00 2.25249915e-07
9.17926534e-04 -4.07357132e-04 4.53267338e-04 -2.10905098e-03 -2.27614933e-06 2.84652316e-07 2.32466160e-06 -3.45202928e-06 -4.04222785e-06 -5.03924862e-06 -3.69963939e-07 2.25249915e-07 1.00002950e+00
