5.735307662538789708e-03 4.082274858449854923e-04 1.302178985634373570e-03 -5.086523813881926176e-03 -5.103920905719806951e-03
2.567714408563084513e-02 1.827888878892122660e-03 5.829702395456712490e-03 -2.277219243756824912e-02 -2.285355230297098778e-02
2.426535853780756660e-02 1.717705757193776139e-03 5.494013531740269719e-03 -2.149874342621097695e-02 -2.158366818917936691e-02
2.345856489557442484e-02 1.650169480060093615e-03 5.291407614271809341e-03 -2.075503403827221732e-02 -2.084938455053481771e-02
2.112943376584577870e-02 1.473648122465921880e-03 4.738795803389055442e-03 -1.865448664054319278e-02 -1.876010080512770586e-02
1.580546246872865934e-02 1.061606737043442866e-03 3.502259173929388441e-03 -1.389107770837802111e-02 -1.395411128104872937e-02
8.347126553057648141e-03 4.869072511289713697e-04 1.781690072860432367e-03 -7.234879703886398436e-03 -7.221541456488094445e-03
-2.433562129555305511e-03 -3.474292142619449480e-04 -6.950419865324025106e-04 2.376467843810828665e-03 2.528299469530183741e-03
-1.393117226786557729e-02 -1.231360814062859360e-03 -3.326643068826181087e-03 1.260926930657998990e-02 1.291595146371111481e-02
-2.207662082838766221e-02 -1.832330458889123602e-03 -5.169039514247133864e-03 1.980399930100295441e-02 2.020737447893576968e-02
-2.831480204538775261e-02 -2.269447489679909426e-03 -6.557020086449660140e-03 2.525043708401076767e-02 2.572682633629476065e-02
-3.265963449277032443e-02 -2.541316800099982422e-03 -7.491942555276607379e-03 2.896646222437793128e-02 2.948467178457198079e-02
-3.419510464807969802e-02 -2.568815674757046578e-03 -7.765641040166421614e-03 3.019546788380646912e-02 3.065736039396254470e-02
-3.355607802440199738e-02 -2.405482347379720495e-03 -7.522697725094594674e-03 2.948223130389994104e-02 2.982068041939445191e-02
-3.160535229466440027e-02 -2.129626732259084013e-03 -6.973068437596607189e-03 2.760729251490039865e-02 2.778257675005157620e-02
-2.914225760862998102e-02 -1.813894026484100426e-03 -6.313418356795027879e-03 2.529486644754332103e-02 2.529198692853105654e-02
-2.623548716702270647e-02 -1.463642298066603325e-03 -5.559132951485621678e-03 2.260450999759858887e-02 2.240989525653384190e-02
-2.312140030078769712e-02 -1.100060595397794362e-03 -4.763425661954291679e-03 1.974212792172595418e-02 1.935284215553761955e-02
-2.050180971604742899e-02 -7.875660085638477251e-04 -4.088749601684674335e-03 1.732807055960715326e-02 1.677257941043852271e-02
-1.822557246563295819e-02 -5.117624129751292697e-04 -3.499278348282814678e-03 1.522690021400163914e-02 1.452597506743594571e-02
-1.620968527304326653e-02 -2.645224037183876043e-04 -2.975081283333409331e-03 1.336384963268342357e-02 1.253380003738478569e-02
-1.441132596295126647e-02 -4.162749388322038518e-05 -2.505783257075772270e-03 1.170011867505929212e-02 1.075462201113361153e-02
-1.279874705448554723e-02 1.602366345388426822e-04 -2.083524823013488750e-03 1.020676706761040366e-02 9.157521475470654232e-03
-1.134565244915012282e-02 3.437909407629162581e-04 -1.701840203247148532e-03 8.859873092347989379e-03 7.716892790011836700e-03
-1.003067513877952018e-02 5.112424050420414333e-04 -1.355483908321559018e-03 7.640009874015477737e-03 6.411903822835071827e-03
-8.834320469119770480e-03 6.646528803573035007e-04 -1.039607070341378456e-03 6.529383662233917592e-03 5.223634911470815927e-03
-7.742638578711462036e-03 8.055485709298242569e-04 -7.507322959886221156e-04 5.515261629661379929e-03 4.138384678380985227e-03
-6.741340101752773921e-03 9.354822974535871105e-04 -4.852721983303910896e-04 4.584569748752380554e-03 3.142288973251455581e-03
-5.821082584404995743e-03 1.055562946990789945e-03 -2.408328275604159339e-04 3.728712114816317390e-03 2.226096517956665296e-03
-4.970686151394666102e-03 1.166987064759456667e-03 -1.461979045908568034e-05 2.937472205636317436e-03 1.379004275814753712e-03
-4.183498196692345475e-03 1.270557813463931481e-03 1.950773427350520524e-04 2.204725140139494020e-03 5.943988012728233707e-04
-3.451413829942360460e-03 1.367152475204577895e-03 3.902857203410414625e-04 1.523065315069952212e-03 -1.355720712645125023e-04
-2.769349091575568685e-03 1.457439549307659732e-03 5.723678918593109620e-04 8.877493963737597294e-04 -8.159683347442434238e-04
-2.132391081284342078e-03 1.542013026982819038e-03 7.425914356362701323e-04 2.942495489231873487e-04 -1.451636675416665594e-03
-1.535872309179518334e-03 1.621389175640256019e-03 9.021272361303514552e-04 -2.617015143905109063e-04 -2.047145967044467722e-03
-9.763212886142754289e-04 1.696036308767757397e-03 1.051910876419814194e-03 -7.833455889312904152e-04 -2.605955354475873644e-03
-4.500880802391470504e-04 1.766362922361326693e-03 1.192861437379580608e-03 -1.274023937638407667e-03 -3.131638521496371650e-03
4.566040058168284178e-05 1.832736086841912524e-03 1.325730475787329898e-03 -1.736369626599093769e-03 -3.627008372815722012e-03
5.141382726165436273e-04 1.895518386953319980e-03 1.451331652785686982e-03 -2.173328275537246210e-03 -4.095192733515406504e-03
9.568890722346019189e-04 1.954946399270614341e-03 1.570099375830496646e-03 -2.586362638382915576e-03 -4.537785565239420282e-03
1.376421843446680839e-03 2.011319787717796067e-03 1.682682964914073353e-03 -2.977787155694193184e-03 -4.957235693656314619e-03
1.774239244188764632e-03 2.064837245875658731e-03 1.789478614238494865e-03 -3.348994667629233684e-03 -5.355061343378578545e-03
2.151076719073618387e-03 2.115638383998351326e-03 1.890707120329027709e-03 -3.700693507267600879e-03 -5.732070499977958040e-03
2.507013980268193651e-03 2.163802215692712215e-03 1.986429029918225075e-03 -4.032995866163202082e-03 -6.088464480247562233e-03
2.843796619951960859e-03 2.209531592451739832e-03 2.077092079247547327e-03 -4.347508898139820256e-03 -6.425941334724609259e-03
3.165507102439861845e-03 2.253215362609897222e-03 2.163700077493741630e-03 -4.647951427925661912e-03 -6.748307799116880570e-03
3.476277044521317462e-03 2.295242462301560604e-03 2.247265000294230378e-03 -4.938082541491859052e-03 -7.059406080318587559e-03
3.778063168318185686e-03 2.335826172191700183e-03 2.328286605766920724e-03 -5.219706858589617977e-03 -7.361102225346921255e-03
4.071989327081369618e-03 2.375094583171762953e-03 2.407047608239895348e-03 -5.493851133802484833e-03 -7.654493507185861079e-03
4.358856099011198040e-03 2.413163096381878460e-03 2.483769384422921701e-03 -5.761269828009922198e-03 -7.940388926391164781e-03
4.633071664304673661e-03 2.449598903166495031e-03 2.557132310076908749e-03 -6.016917587387666383e-03 -8.213749152683089486e-03
4.888065465905696433e-03 2.483972838050286808e-03 2.625642571316942619e-03 -6.254939591598574107e-03 -8.468813812397458715e-03
5.124885822208788931e-03 2.516117350367089514e-03 2.689369009416352728e-03 -6.476050513369809893e-03 -8.706043212596418016e-03
5.350486723821213687e-03 2.547743938990456886e-03 2.750765309059335050e-03 -6.687531024511624532e-03 -8.933948756457258528e-03
5.558852230552324171e-03 2.574001070667448696e-03 2.805346322420220959e-03 -6.880112247911161945e-03 -9.138642729079079000e-03
5.794110461524786156e-03 2.615813268839852542e-03 2.875724346154848784e-03 -7.108831825093355102e-03 -9.393600389540145146e-03
5.875797250708827274e-03 2.590355846436233518e-03 2.871395778053806389e-03 -7.151122616259295538e-03 -9.403671040350579380e-03
6.532610119762513601e-03 2.825181448851322823e-03 3.152825061743152416e-03 -7.899209625102824456e-03 -1.034707949987561000e-02
5.331977384813788370e-03 2.246873354291378279e-03 2.531088845343828272e-03 -6.393205844681829585e-03 -8.329970226437439021e-03
8.223604313970336518e-03 3.436735227653287938e-03 3.882419823111842808e-03 -9.831711924331449845e-03 -1.278961299264672578e-02
2.361262352596402419e-03 9.427389937103541678e-04 1.083629239530008040e-03 -2.783638968016762839e-03 -3.586917838004106008e-03
5.339824004618785348e-03 4.988650766890029417e-04 1.295874375118599405e-03 -4.116049506817045026e-03 -4.814968888927437934e-03
2.372666675677546563e-02 2.217696973563356572e-03 5.760217133900068752e-03 -1.829607858851311011e-02 -2.139395912909470079e-02
2.301729662077953500e-02 2.142884411216968744e-03 5.564254770633128740e-03 -1.769674327927001078e-02 -2.075656646695981170e-02
2.322851682778271851e-02 2.144631663161312030e-03 5.573863362231797590e-03 -1.779173983133465475e-02 -2.095617874007885822e-02
2.224414736999769798e-02 2.026982757695125481e-03 5.278270595530316737e-03 -1.695675090308435690e-02 -2.008321319049628101e-02
2.013971615518566488e-02 1.831362934562632584e-03 4.741168087944371869e-03 -1.520980385474854542e-02 -1.816955734398417732e-02
1.697082500178234699e-02 1.552046392766658674e-03 3.965228225848708987e-03 -1.262249088623834843e-02 -1.527873131187884766e-02
1.240229831006715508e-02 1.173353196806121556e-03 2.886465856674508626e-03 -8.899431527553432544e-03 -1.108984079710995975e-02
7.316186398848290896e-03 7.550319572533002559e-04 1.699357902264863598e-03 -4.796975967544116204e-03 -6.428185572646357739e-03
2.892201417532030711e-03 3.723151530210768909e-04 6.680081705834261738e-04 -1.378829508427326534e-03 -2.408480794701441108e-03
-1.562076374630801340e-03 -2.034125817107061582e-05 -3.592299733562806931e-04 1.944797283404295970e-03 1.618181681519746673e-03
-5.827533553342733805e-03 -4.072905658604072899e-04 -1.331333835532567478e-03 4.993142634194877062e-03 5.447748628759744444e-03
-7.825839231186574457e-03 -6.408537736159288433e-04 -1.795165691128327136e-03 6.131620860802271429e-03 7.157157823181724103e-03
-8.348274196736404223e-03 -7.767303017179498850e-04 -1.920364022604646162e-03 5.982306174588022593e-03 7.478958919021375454e-03
-7.991517339884755822e-03 -8.501074636201446733e-04 -1.848535906242083004e-03 5.105652174930853243e-03 6.982641201616582305e-03
-7.471624849944409619e-03 -9.040014572025285291e-04 -1.750916070045134771e-03 4.168201907590723780e-03 6.349864054847892056e-03
-6.841411232891366281e-03 -9.423671834117922086e-04 -1.638067713545561608e-03 3.208041448106989033e-03 5.628833525949853735e-03
-6.150473086421664147e-03 -9.696192883783492098e-04 -1.516402439069395236e-03 2.250290885433361456e-03 4.863480035980018330e-03
-5.575998661676133568e-03 -9.979153846597452887e-04 -1.418344078374975331e-03 1.432621647244592799e-03 4.219318773062148697e-03
-5.081194733475596914e-03 -1.025633548805617891e-03 -1.336223397438949254e-03 7.176667323216953057e-04 3.660071922295587542e-03
-4.647710229412863915e-03 -1.052292919443248344e-03 -1.266209548374139411e-03 8.478637650105493983e-05 3.167076217026971053e-03
-4.264743667858584067e-03 -1.077684183938266722e-03 -1.205827800927094856e-03 -4.794644599245144641e-04 2.729148996595450512e-03
-3.924430509346631298e-03 -1.101817782716125581e-03 -1.153415717581867273e-03 -9.853262116798955274e-04 2.337950992379360642e-03
-3.621118812454551111e-03 -1.124771179740744311e-03 -1.107800014227430796e-03 -1.440488106593307716e-03 1.987366111328014474e-03
-3.348881156582183584e-03 -1.146484184975887603e-03 -1.067686642611655927e-03 -1.852390340215202781e-03 1.671207929771621964e-03
-3.103299059016800029e-03 -1.166991184755661326e-03 -1.032176823326542243e-03 -2.226818157138856381e-03 1.384760154039513420e-03
-2.881202951745221504e-03 -1.186365894071233270e-03 -1.000645146329651831e-03 -2.568151763899392814e-03 1.124557458214072575e-03
-2.680074626805634044e-03 -1.204792460613457634e-03 -9.727329639251465401e-04 -2.880032201152225337e-03 8.877189650471620968e-04
-2.498816183566860121e-03 -1.222769440972422709e-03 -9.486895960853281885e-04 -3.164836189318410205e-03 6.725139810145188768e-04
-2.334836086123592488e-03 -1.240453938495754286e-03 -9.281578453442388202e-04 -3.426024281071622744e-03 4.760589760046746643e-04
-2.177927807133718443e-03 -1.256783536696550732e-03 -9.082390291834781465e-04 -3.673343109250697385e-03 2.890335105921253925e-04
-2.016889103384697512e-03 -1.270299701285574658e-03 -8.854429867549474566e-04 -3.917049923254722378e-03 1.015142560285036593e-04
-1.849336149195449650e-03 -1.280420888752888337e-03 -8.586399973380460420e-04 -4.159511872560794736e-03 -8.842642674448822696e-05
-1.683244099512543361e-03 -1.288461051738057058e-03 -8.304907875338245291e-04 -4.394470832029900853e-03 -2.741324736536284281e-04
-1.531452565642361929e-03 -1.296697508246885634e-03 -8.055150071275327507e-04 -4.611633942103569167e-03 -4.449866130116254814e-04
-1.401147659773819068e-03 -1.306461438602267433e-03 -7.862630838269948691e-04 -4.805492766959432345e-03 -5.951338888139589244e-04
-1.291161535650032230e-03 -1.317632590440390161e-03 -7.723091875651532908e-04 -4.977390798107482819e-03 -7.257074546682870924e-04
-1.194150895229089369e-03 -1.328867420749497595e-03 -7.608838403594673019e-04 -5.133636979464273158e-03 -8.428490846419512241e-04
-1.119546766345148490e-03 -1.341380148104226455e-03 -7.548277781962234052e-04 -5.266280363163868689e-03 -9.382983823956022240e-04
-1.056656302146073353e-03 -1.353454771576514080e-03 -7.504564308784992610e-04 -5.384556473492142607e-03 -1.021175668161982157e-03
-9.957920874635825016e-04 -1.363165328338902024e-03 -7.439691527785860384e-04 -5.496563955268922441e-03 -1.099411478736249219e-03
-9.256511681976761557e-04 -1.370545554903253912e-03 -7.337238264257045983e-04 -5.613515890934498397e-03 -1.184342162720218713e-03
-8.881326166721105388e-04 -1.382628250806644012e-03 -7.343781230346444790e-04 -5.700656457413789263e-03 -1.240674274907232599e-03
-8.721489151163790490e-04 -1.397488636907979814e-03 -7.419409520375241885e-04 -5.767229215293299266e-03 -1.277723553342242609e-03
-8.282700517949964430e-04 -1.407478201237944695e-03 -7.398078570730619221e-04 -5.855130066392669197e-03 -1.337803939250186347e-03
-7.593106459531815886e-04 -1.412457140016131927e-03 -7.282661263174482376e-04 -5.961722652490451455e-03 -1.417972759613321011e-03
-7.081935791366267578e-04 -1.418382423816121670e-03 -7.208976881374657038e-04 -6.050485960142654163e-03 -1.480885168883989619e-03
-6.607884609999730482e-04 -1.425368025607189754e-03 -7.157047819901113947e-04 -6.135109612957739822e-03 -1.540777379085277177e-03
-5.982655086323874615e-04 -1.432431757519252473e-03 -7.087186880005912851e-04 -6.232800242150344193e-03 -1.615542727183075450e-03
-5.332911962658875215e-04 -1.437432514400975364e-03 -6.992133555724771308e-04 -6.329797556229609101e-03 -1.690589147142657154e-03
-4.826112806347792814e-04 -1.443249526472245971e-03 -6.928764486154202415e-04 -6.412164836786107998e-03 -1.751963262261473650e-03
-4.407631058202919768e-04 -1.449486392572027667e-03 -6.884943109401130655e-04 -6.485280907157791111e-03 -1.804749769138285203e-03
-3.534389164538025759e-04 -1.451091786176117318e-03 -6.723647787764683911e-04 -6.597150661026662637e-03 -1.898259447921590458e-03
-2.796380047453201527e-04 -1.454190808276584288e-03 -6.599200216656609481e-04 -6.698843683428197179e-03 -1.979779906388067553e-03
-2.492047426012818393e-04 -1.458499082299594910e-03 -6.573263182154183860e-04 -6.749010399272272961e-03 -2.017472759564002596e-03
-2.178194873490648948e-04 -1.471705041383341000e-03 -6.578710828222834048e-04 -6.843804889322951425e-03 -2.070238712814481772e-03
-1.591512087158923150e-04 -1.445292141159513046e-03 -6.359077144262154611e-04 -6.783576478997578076e-03 -2.089955873288178861e-03
2.901586966671940558e-05 -1.552027016759158608e-03 -6.419302678196966245e-04 -7.539513815688962846e-03 -2.453925201802158781e-03
-7.463908779323055905e-05 -1.235850158631343664e-03 -5.333307256597766711e-04 -5.866807161462530770e-03 -1.850454113848684027e-03
-8.431748416486942350e-05 -1.885370222532117878e-03 -8.099349466017485930e-04 -8.972729835395158032e-03 -2.852554148956116305e-03
4.509788338160176734e-06 -5.108364975764272987e-04 -2.157766674419231705e-04 -2.457353021474591431e-03 -8.002183195381185141e-04
-3.490513548140243474e-03 2.500204994577872437e-04 -1.806500434292923835e-03 3.332958237222801746e-03 3.503905904895446635e-03
-1.538583896163447755e-02 1.107328600520147152e-03 -7.999746845666434736e-03 1.471698024023865639e-02 1.544735149987830347e-02
-1.530101739591882212e-02 1.091484444265570716e-03 -7.881899099994189514e-03 1.458271428236029323e-02 1.535650597332515604e-02
-1.606148650818408144e-02 1.121170317157533852e-03 -8.087447398167094126e-03 1.517628078798042950e-02 1.610831875354051465e-02
-1.612578107408958739e-02 1.101662185477116952e-03 -7.875070526409505903e-03 1.505697135069328056e-02 1.616461451419482290e-02
-1.527291352843160137e-02 1.130759330457392631e-03 -7.561995996465062549e-03 1.424260481944325529e-02 1.536003237169865712e-02
-1.354307391801361400e-02 1.172489673029349783e-03 -7.028050122329406249e-03 1.269998328305109968e-02 1.371582287019226971e-02
-1.050629212838001363e-02 1.259084965924286243e-03 -6.243273919140614886e-03 1.010833478906172749e-02 1.083380255102429739e-02
-7.013501400998326668e-03 1.348268698942118064e-03 -5.347800135433756867e-03 7.148876121951818624e-03 7.513082513044534727e-03
-4.380642938508406102e-03 1.349917374979196956e-03 -4.571528396321262316e-03 4.910494757306831451e-03 4.971691520548622741e-03
-2.138776622481625058e-03 1.285900591973632200e-03 -3.853503932425022486e-03 3.035591100750712704e-03 2.767847785206530367e-03
-2.547075286228513429e-04 1.155839798631970753e-03 -3.176869002879799397e-03 1.487933374733755188e-03 8.688567824818037343e-04
8.985072183041903663e-04 9.894857440984592984e-04 -2.522130254202759134e-03 4.333620171854934955e-04 -3.417218341276697844e-04
1.573968642853972337e-03 7.790380384285538681e-04 -1.884920027909358633e-03 -2.749344658855926442e-04 -1.116694460762700887e-03
1.863378697439804213e-03 5.522116361401457028e-04 -1.275645157576185554e-03 -7.092974962745819852e-04 -1.525892839409820779e-03
1.802974878719240757e-03 3.334071674121373498e-04 -7.062437399075694117e-04 -9.015423780260508604e-04 -1.586105682798614937e-03
1.426958039633187663e-03 1.203906344762651238e-04 -1.744480125039025976e-04 -8.727478315721749411e-04 -1.332393357623336836e-03
8.608680218959485807e-04 -8.316083253693030172e-05 3.205513280408930888e-04 -7.055549441030526270e-04 -8.863587355966911574e-04
3.775447443756271663e-04 -2.564311429485526786e-04 7.706650306987421813e-04 -5.836972075414603549e-04 -5.037461111135944653e-04
-5.885454040386738257e-05 -4.072048450477663947e-04 1.181423116086370790e-03 -4.818621894162281472e-04 -1.541955964868147854e-04
-4.635936216365212754e-04 -5.403357048153256464e-04 1.557164672671265898e-03 -3.893907880069485223e-04 1.742710016301060561e-04
-8.404693232758163194e-04 -6.588499985082709462e-04 1.901508240083118638e-03 -3.039100322457327316e-04 4.835222517924428628e-04
-1.191822159654037970e-03 -7.649928052782431053e-04 2.218090207462904747e-03 -2.247030824275070737e-04 7.745252120208451913e-04
-1.519661905715045556e-03 -8.606656446036986931e-04 2.509706546680890663e-03 -1.509042425198953781e-04 1.048117981935569850e-03
-1.825613694864883533e-03 -9.474423513234378437e-04 2.778677917093268310e-03 -8.183412869183658196e-05 1.304954381972697492e-03
-2.111514354051448848e-03 -1.026540502343458111e-03 3.027336037793269211e-03 -1.699309918728256479e-05 1.546143606928512262e-03
-2.378533364501264624e-03 -1.098982434998550502e-03 3.257622701937910523e-03 4.383090213994806381e-05 1.772254508141980116e-03
-2.628841866938216344e-03 -1.165513054695584616e-03 3.471702900750252719e-03 1.010506109558371399e-04 1.985038538296416723e-03
-2.864592912024944288e-03 -1.226700485233571478e-03 3.671704491221019183e-03 1.549375790406341640e-04 2.186349076474026088e-03
-3.087828904158636343e-03 -1.283027553726482370e-03 3.859529859414591139e-03 2.057683547306248103e-04 2.377972558521328043e-03
-3.300286418690447695e-03 -1.335095968245872270e-03 4.036185378351099008e-03 2.543456996184139882e-04 2.561249797599612910e-03
-3.501851466317193896e-03 -1.383885466647977267e-03 4.200695126811014764e-03 3.021072130590187507e-04 2.735320442628507483e-03
-3.692234598667359143e-03 -1.430467195756237762e-03 4.351572611977852674e-03 3.507604566937940925e-04 2.899044677049475438e-03
-3.872345596756704509e-03 -1.475482832135022095e-03 4.488763198024387467e-03 4.013285142861044291e-04 3.052848397316931025e-03
-4.044914648560881364e-03 -1.518656297249153849e-03 4.615208962447870517e-03 4.530525574708300896e-04 3.199795244061394862e-03
-4.211840131462469064e-03 -1.558875406272377216e-03 4.736440234494571078e-03 5.022023217468974494e-04 3.342919870097810827e-03
-4.368197663398840948e-03 -1.595671278278109001e-03 4.854527705227389481e-03 5.442236330391813336e-04 3.477946743463197245e-03
-4.507274135062935144e-03 -1.629346433958814679e-03 4.968438290788162147e-03 5.764305519176452213e-04 3.598096873723668782e-03
-4.633052469086486151e-03 -1.659407826491761211e-03 5.081411224716715809e-03 5.985764305658941055e-04 3.707809868534771292e-03
-4.748789757777178468e-03 -1.686721443705650964e-03 5.192023315184956730e-03 6.141155798559045417e-04 3.809522603719428264e-03
-4.851180279017474131e-03 -1.714155860550399145e-03 5.291007893489184030e-03 6.299085923470445570e-04 3.897328868441349466e-03
-4.947412841775503459e-03 -1.742561366258719210e-03 5.376804606222830400e-03 6.523259146844657963e-04 3.977477344202473911e-03
-5.055923660453626178e-03 -1.768612973661506807e-03 5.464073435378884701e-03 6.789246480494854057e-04 4.071233359735342699e-03
-5.169537078364104359e-03 -1.792085998140682205e-03 5.553138371029499656e-03 7.046033909329864385e-04 4.171866902866339620e-03
-5.273328003713140776e-03 -1.815672104751699665e-03 5.633559986149087526e-03 7.298119820664968321e-04 4.262275152813256238e-03
-5.372800226905729074e-03 -1.838621457421673591e-03 5.709672652151358795e-03 7.545916603834444203e-04 4.348576170354373667e-03
-5.465974972657509402e-03 -1.862551805542240384e-03 5.774803454398596235e-03 7.851205061810511126e-04 4.427242326769966624e-03
-5.561775829778436639e-03 -1.886371842193280361e-03 5.833620912909844372e-03 8.227330307166371044e-04 4.508053004195539462e-03
-5.667279218151200990e-03 -1.904085448168149316e-03 5.909663134178075664e-03 8.489731050201148287e-04 4.603768312611797829e-03
-5.740655377508356062e-03 -1.920294363969029085e-03 5.981392244309191239e-03 8.572694230604261225e-04 4.669163460242300480e-03
-5.775958342984074609e-03 -1.937828690326214541e-03 6.038961726493770332e-03 8.529938628706980937e-04 4.695758961342844269e-03
-5.824638968060910117e-03 -1.954543000948753221e-03 6.099126169610214615e-03 8.529102259006143133e-04 4.735968840208754256e-03
-5.913543888423043737e-03 -1.971066740285570742e-03 6.158145776938119161e-03 8.790608069426634899e-04 4.815126738455502778e-03
-6.030619196205320304e-03 -1.990032836597829726e-03 6.211283763062429818e-03 9.302954462808127973e-04 4.919414851216488346e-03
-6.132174420288987425e-03 -2.007468626692845721e-03 6.243527714094986719e-03 9.860014623759784554e-04 5.008145239374676636e-03
-6.244772904427780928e-03 -2.039367773366534270e-03 6.303909651361971206e-03 1.040313249029545207e-03 5.099676503721552352e-03
-6.180079580321025390e-03 -2.012810177831141165e-03 6.223688446817753593e-03 1.035787531111677677e-03 5.049686782333919280e-03
-6.622453304529366501e-03 -2.174172052953711985e-03 6.816693825369334048e-03 1.015223663549004365e-03 5.410477147474138278e-03
-5.360463559814034745e-03 -1.734335580542241276e-03 5.365295676596296311e-03 9.128618802605401863e-04 4.385790637890627994e-03
-8.179291385959713834e-03 -2.648603109383231881e-03 8.210578406173259583e-03 1.379674418032487537e-03 6.692536647939050301e-03
-2.193342209247490897e-03 -7.133325525054677076e-04 2.251184295467934231e-03 3.346161139018378680e-04 1.796358217407959977e-03
-1.071358811390715803e-03 -1.763104608210159683e-03 -1.805964425141387119e-03 3.130485420106813611e-03 -3.651149906278203759e-04
-4.720606322017421863e-03 -7.819797848864511527e-03 -8.022370690514766048e-03 1.387926287999715833e-02 -1.647299103133853960e-03
-4.623165047964450380e-03 -7.678213319604203051e-03 -7.831392260327436211e-03 1.357186910043855534e-02 -1.637580639687201889e-03
-4.847367369745148556e-03 -7.831990769668065872e-03 -7.919281627883665436e-03 1.384819799644559403e-02 -1.555137393991713008e-03
-4.862006921117768311e-03 -7.577266191698420195e-03 -7.562926883729402354e-03 1.339554052778040537e-02 -1.351963945590330509e-03
-4.153760335416437077e-03 -7.333117732865762108e-03 -7.117458532397767483e-03 1.242409761910162440e-02 -1.862866944333857987e-03
-2.994329458214169733e-03 -6.954850046534856965e-03 -6.482017293792108337e-03 1.094050421528684237e-02 -2.705988510664416886e-03
-1.138420104213313123e-03 -6.474644021660148387e-03 -5.657882170790537457e-03 8.809036552393947547e-03 -4.146834089993800022e-03
8.730765416087731033e-04 -5.937181067961084385e-03 -4.768297651809317791e-03 6.500695339946288044e-03 -5.691334499574697732e-03
2.265062760076555059e-03 -5.411571248448413321e-03 -4.025024773702176421e-03 4.731286973722851827e-03 -6.634302509544038814e-03
3.336127171585790644e-03 -4.871288267157070431e-03 -3.358217276858227029e-03 3.241742108904746046e-03 -7.247912404240688250e-03
4.092682392983670175e-03 -4.317237107265127147e-03 -2.776406071862051392e-03 2.032377274546371456e-03 -7.538887729363731929e-03
4.286596283045185536e-03 -3.800811581115556143e-03 -2.335852938029106887e-03 1.298343207048248535e-03 -7.305474615461385150e-03
4.058957884061915877e-03 -3.302379877755504383e-03 -2.013580685296540492e-03 9.341624649369723770e-04 -6.670064199986493365e-03
3.604538538958777794e-03 -2.824727349158961693e-03 -1.754605659435607042e-03 7.694084078493875802e-04 -5.828542209811954193e-03
3.136496514111716642e-03 -2.366408714452547003e-03 -1.497176350740406356e-03 6.140344470958237523e-04 -4.991762921127651867e-03
2.670571977278201562e-03 -1.925818328107009375e-03 -1.242468194474653006e-03 4.592761207939736177e-04 -4.173681998020324635e-03
2.214256117442584687e-03 -1.506283937290064110e-03 -9.948390780060067853e-04 3.094234488353010877e-04 -3.383698400682164618e-03
1.811543578281858040e-03 -1.118906638833981615e-03 -7.467195524198869247e-04 1.417467550387511879e-04 -2.673558630110625060e-03
1.450808734398327353e-03 -7.601020508782126888e-04 -5.038190923700980837e-04 -3.351994282605630398e-05 -2.028669426300270130e-03
1.124660357555307610e-03 -4.268370758886204266e-04 -2.687167626725628605e-04 -2.110177160838382245e-04 -1.439124947289264784e-03
8.286762033649878057e-04 -1.175223517502771436e-04 -4.363322544753667730e-05 -3.866169841561043754e-04 -8.990968031899119854e-04
5.588033808898076188e-04 1.700531159612113971e-04 1.712304727877185604e-04 -5.585975867460793269e-04 -4.026823060420061545e-04
3.118798822756719950e-04 4.375692086646016136e-04 3.753889636211023371e-04 -7.253003558999060203e-04 5.469456697172896028e-05
8.530266225108745553e-05 6.864254869300441932e-04 5.684680683723511083e-04 -8.853833190445461023e-04 4.768140564105067375e-04
-1.232604768094839947e-04 9.181396273934765801e-04 7.506808347265318078e-04 -1.038295930163874153e-03 8.672590636707655986e-04
-3.157549311254928570e-04 1.134031641916925619e-03 9.222545695315410245e-04 -1.183653194999166342e-03 1.229062218744543696e-03
-4.939636255118390893e-04 1.335551234223581211e-03 1.083883482414440972e-03 -1.321680735173144574e-03 1.565178373685313347e-03
-6.593947866380295590e-04 1.523985643862196251e-03 1.236222542639195008e-03 -1.452665344290248340e-03 1.878152328397184783e-03
-8.133313603782566783e-04 1.700406055905056852e-03 1.379783125235003452e-03 -1.576795041316548249e-03 2.170133153847109836e-03
-9.568873798867078267e-04 1.865790771318244067e-03 1.515082665345988001e-03 -1.694325762037836693e-03 2.443021799831151045e-03
-1.091027482062681062e-03 2.021003024485618776e-03 1.642591463410437947e-03 -1.805508469687674110e-03 2.698476600646468326e-03
-1.216705394255920879e-03 2.167057959894554912e-03 1.763116226390442753e-03 -1.910996608308846312e-03 2.938253571137447277e-03
-1.334673927944624548e-03 2.304656962702667563e-03 1.877078863611844920e-03 -2.011052140830102940e-03 3.163667116078754463e-03
-1.445597582295376484e-03 2.434461735168097149e-03 1.984917088611437737e-03 -2.105987537865679216e-03 3.375906844267879264e-03
-1.550101786149044860e-03 2.557073066914346878e-03 2.087046239476229598e-03 -2.196091319652989683e-03 3.576079046511056528e-03
-1.648702177036813531e-03 2.673055271214470289e-03 2.183874374437068302e-03 -2.281695714423544012e-03 3.765141923086877829e-03
-1.741899515032248498e-03 2.782883782946376887e-03 2.275733811090104638e-03 -2.363030127274588343e-03 3.943978669749390389e-03
-1.830102033331308317e-03 2.887028020969240917e-03 2.362980355448457328e-03 -2.440397671605342052e-03 4.113363091992972356e-03
-1.913712695614541368e-03 2.985886769847281505e-03 2.445906952255267556e-03 -2.514016171914609278e-03 4.274016615767345373e-03
-1.993071861948918395e-03 3.079884473359406540e-03 2.524869126358065836e-03 -2.584210305372927879e-03 4.426608789817099154e-03
-2.068458528870666460e-03 3.169339034537715753e-03 2.600092977326154062e-03 -2.651169783437715838e-03 4.571666562231068397e-03
-2.140163163702126121e-03 3.254586144037405985e-03 2.671856686682986311e-03 -2.715136849229718603e-03 4.709743533733778270e-03
-2.208459781959889491e-03 3.335974206432452092e-03 2.740473931066974168e-03 -2.776404278434630064e-03 4.841385402379203874e-03
-2.273603782081360519e-03 3.413748772814941251e-03 2.806130154026230568e-03 -2.835107870194634137e-03 4.967046632152208319e-03
-2.335823586812113550e-03 3.488023078626488385e-03 2.868834854620013874e-03 -2.891168964695213853e-03 5.087057390917885599e-03
-2.395336983507599660e-03 3.558878945469724775e-03 2.928569126777653270e-03 -2.944474706717110923e-03 5.201713815332821393e-03
-2.452335177066845926e-03 3.626309736017672893e-03 2.985197860455985740e-03 -2.994775781739976005e-03 5.311218250662008006e-03
-2.506983773577485444e-03 3.690337582617471759e-03 3.038638943050527182e-03 -3.041902213747887419e-03 5.415765987591709268e-03
-2.559470011258696987e-03 3.751265047323624341e-03 3.089215041187115107e-03 -3.086188817625441869e-03 5.515776308679094450e-03
-2.609959970826790290e-03 3.809576624217470096e-03 3.137543211995288094e-03 -3.128350911699014688e-03 5.611776476746274146e-03
-2.658695769473095900e-03 3.865935308572569871e-03 3.184401638495558406e-03 -3.169290840347405332e-03 5.704505066137000729e-03
-2.705437218278216888e-03 3.920104273547889845e-03 3.229687122075743794e-03 -3.208951849861663933e-03 5.793522497719209331e-03
-2.751707902427858506e-03 3.974254461237974878e-03 3.275163742791247119e-03 -3.249070310270786664e-03 5.882057007968745886e-03
-2.791860779524664611e-03 4.020222703839172219e-03 3.314107891912892664e-03 -3.282973840969213332e-03 5.958031674609013534e-03
-2.848934568690106740e-03 4.090983506728554375e-03 3.373702400511679935e-03 -3.337512235221090813e-03 6.070471624824456958e-03
-2.831751922796528400e-03 4.055727615362676904e-03 3.345715611800365551e-03 -3.305646312353972306e-03 6.025176927321977162e-03
-3.101873839587795337e-03 4.431469248014282235e-03 3.657136239974497372e-03 -3.608944352638545315e-03 6.590833404330503041e-03
-2.470427933583639081e-03 3.521628618382639971e-03 2.906071270663047618e-03 -2.864657040998826350e-03 5.242684714711246842e-03
-3.798492201310410717e-03 5.405594359349628723e-03 4.462071985384178513e-03 -4.394782886739432605e-03 8.053069891904402269e-03
-1.035586605628219681e-03 1.476290898228577132e-03 1.220370150776767726e-03 -1.203025495838355111e-03 2.196898006694146619e-03
