# bin_6_6
8.535307108640807772e-02
7.419076619324611876e-02
6.443816467724881869e-02
5.558204860321477869e-02
4.739428593825026348e-02
3.981093287744612991e-02
3.284047811710826686e-02
2.651303997757355896e-02
2.086757770942830603e-02
1.594248236412273284e-02
1.176464799415012294e-02
8.337705664814381440e-03
5.635364529381330784e-03
3.601306471274159319e-03
2.149036099492002746e-03
1.189338730478410686e-03
6.441998223030994493e-04
4.283999296421661337e-04
2.160691866136270586e-05
-1.031249959254911756e-04
-6.239532578065165667e-05
-2.980110056922966605e-05
-1.224731360388396013e-05
-4.972494663967590353e-06
-2.201220988437399870e-06
-1.249803065268328267e-06
