# bin_4_4
1.148009422676113805e-01
9.788250639263430808e-02
8.428973435709878614e-02
7.275492993647322826e-02
6.246347536350711771e-02
5.304013305714036508e-02
4.437277476314474556e-02
3.645290782105014421e-02
2.930480643127125751e-02
2.296294595963420046e-02
1.745984429160066242e-02
1.281492109843986385e-02
9.024342044387571177e-03
6.053485710279251156e-03
3.832543283961864326e-03
2.265484027924832486e-03
1.244842217127330782e-03
6.956391275166488907e-04
4.246530550071475878e-04
-2.803017105582950559e-05
-1.098991207692940329e-04
-6.063429616329006177e-05
-2.699811408741980718e-05
-1.041991814476940209e-05
-4.108491135924001408e-06
-2.097848453540706825e-06
