# bin_5_5
1.400486038800123068e-01
1.210272660985821924e-01
1.049579176333357844e-01
9.068269247783254661e-02
7.760809867979334697e-02
6.552420297819651351e-02
5.440403713593123386e-02
4.427814624829708168e-02
3.519708117125099761e-02
2.721550174334035760e-02
2.037663857111705543e-02
1.469684575956566909e-02
1.015268308849733014e-02
6.668148442041809884e-03
4.129592601968291692e-03
2.390220603689169158e-03
1.320825931900638335e-03
8.672637743553859727e-04
3.238137618261261613e-04
-9.945810704029190872e-05
-8.292597084842614347e-05
-3.916274447016342234e-05
-1.499446871102997890e-05
-5.664084536033171852e-06
-2.634170518355004328e-06
-1.883616140501868876e-06
