# bin_2_2
1.792965656292596632e-01
1.458186296875818022e-01
1.192876404892239117e-01
9.889705762899378416e-02
8.321431780466291561e-02
7.069337628983118904e-02
6.012531945049042620e-02
5.079020664731086210e-02
4.236310106817438303e-02
3.473755268397060725e-02
2.789658238396775305e-02
2.185164662343958702e-02
1.661764605611837711e-02
1.220014962331630523e-02
8.587571951579499666e-03
5.745476536837156555e-03
3.612593117265548714e-03
2.103355457960182258e-03
1.121773725036547247e-03
5.968600192448437298e-04
2.463897486874300474e-04
-8.353906074622476953e-05
-1.562100185889687401e-04
-1.109217479670952198e-04
-6.318229603546496006e-05
-3.328769933204588072e-05
