# bin_1_1
2.252656348600239611e-01
1.841144923699888358e-01
1.488852652873937088e-01
1.200158053691298965e-01
9.733812920415829684e-02
8.002154819007564757e-02
6.679939586821841135e-02
5.634433118735802243e-02
4.761045931157113081e-02
3.996406878361311032e-02
3.311179386307961520e-02
2.695416987416194773e-02
2.147203636166909735e-02
1.666950648066447757e-02
1.255115664703158190e-02
9.112283181564664880e-03
6.333133540177014568e-03
4.174413341187550516e-03
2.577705752981030839e-03
1.473026915841885078e-03
7.899835954442070316e-04
3.946691401723969087e-04
8.866273696340506831e-05
-8.272888404089952415e-05
-1.156048272849491496e-04
-7.977177057142289228e-05
