# bin_3_3
1.798585550857369209e-01
1.499881087062614748e-01
1.269811442466137197e-01
1.087343565665984668e-01
9.339671656518779008e-02
7.980274990413248337e-02
6.742635146046792316e-02
5.610394240403096533e-02
4.581687412479144850e-02
3.659079704533043514e-02
2.846206211548335183e-02
2.146188297523853733e-02
1.560193160547467504e-02
1.086395507457945872e-02
7.190097643029706199e-03
4.480565142015017523e-03
2.601659200949544420e-03
1.413955398652518925e-03
8.406647987847942500e-04
3.914729627837774213e-04
-1.118495719441300022e-04
-1.302396880101623622e-04
-6.833751421752093315e-05
-3.053247265267652416e-05
-1.337029323438644813e-05
-6.661689271248196575e-06
