# bin_3_3
-1.882748814578034781e-10
-1.908957766190484245e-10
-1.938663872771293256e-10
-1.972152689367070551e-10
-2.009699526431071058e-10
-2.051602536015244002e-10
-2.098184787469271546e-10
-2.149821872937936862e-10
-2.206874349837079170e-10
-2.269528128427730674e-10
-2.337757748352407601e-10
-2.411492740368316869e-10
-2.490790172479911021e-10
-2.575609326707944489e-10
-2.665003904085423230e-10
-2.757519744877812404e-10
-2.851028295219509417e-10
-2.943228438937696254e-10
-3.033441553732761701e-10
-3.124064728146377523e-10
-3.217900312872488135e-10
-3.313676519058216392e-10
-3.406600020167185391e-10
-3.497374063800076918e-10
-3.592075447085189399e-10
-3.689261941471688204e-10
-3.784511837203196181e-10
-3.875509133420285583e-10
-3.961725412666350274e-10
-4.035327485921671343e-10
-4.092768250835318294e-10
-4.129080489397718200e-10
-4.138406375880033694e-10
-4.116800200211173578e-10
-4.059275322064222088e-10
-3.961453455220185542e-10
-3.818555772022500408e-10
-3.626416717528851008e-10
-3.382864114174939316e-10
-3.089998964347159924e-10
-2.758360275654074314e-10
-2.409138062301172890e-10
-2.071730571858420681e-10
-1.775227288026174286e-10
-1.533679430552667973e-10
-1.331066009494304317e-10
-1.131096759613327359e-10
-9.202319466753618057e-11
-7.318033094304919969e-11
-5.944650372188157041e-11
-4.862378991052557875e-11
-3.867918731202577324e-11
-3.084664909547229436e-11
-2.465506011759805772e-11
-1.967017376131100030e-11
-1.573308305920753277e-11
-1.262664825699854405e-11
-1.017752008501345720e-11
-8.242331700283487732e-12
-6.708135449311218588e-12
-5.484753739446232961e-12
-4.501677938536910763e-12
-3.704278859821954495e-12
-3.050621182893123459e-12
-2.508724437257970077e-12
-2.054703775842951043e-12
-1.671242764651223774e-12
-1.346294334096524164e-12
-1.071758931590707796e-12
-8.420794630984089055e-13
-6.529216472415874747e-13
-5.001608514539418324e-13
-3.793368107584626574e-13
-2.855987530136309670e-13
-2.140027123280267804e-13
-1.599181994768554025e-13
-1.193412230499839057e-13
-8.902481214044086944e-14
-6.645080860475922602e-14
-4.971652935747898535e-14
-3.733712270797089579e-14
-2.811225845292662827e-14
-2.117985336480657268e-14
-1.595628753363350599e-14
-1.202047597908997161e-14
-9.055724409665497289e-15
-6.823325300581033567e-15
-5.142953348792214381e-15
-3.878465381337669991e-15
-2.927199324225010859e-15
-2.211844326506653405e-15
-1.674028236113136607e-15
-1.269919348389806952e-15
-9.665074529997118942e-16
-7.389901993938952572e-16
-5.686894018583672490e-16
-4.415933702265816854e-16
-3.470608026110437259e-16
-2.770273256270076268e-16
-2.254532134407944394e-16
