# bin_2_3
-1.640365489739549272e-10
-1.660552467953027279e-10
-1.683258306851247617e-10
-1.708616123304394148e-10
-1.736727068237428543e-10
-1.767690673073644296e-10
-1.801604373827021559e-10
-1.838588629577282225e-10
-1.878716207771675387e-10
-1.921850753511747126e-10
-1.967607544039254342e-10
-2.015518184249778116e-10
-2.065202390357513571e-10
-2.116142474570183572e-10
-2.166881243896815357e-10
-2.215422318965066651e-10
-2.259069494084501686e-10
-2.294932503619284335e-10
-2.321721996678495426e-10
-2.341209970178002438e-10
-2.355609394666325566e-10
-2.363165680519427039e-10
-2.358747488835568581e-10
-2.342844879987687905e-10
-2.321521256538547895e-10
-2.293769724026240083e-10
-2.256175160914650110e-10
-2.208041712798283123e-10
-2.151108903183859578e-10
-2.080765862598796504e-10
-1.997574938549918309e-10
-1.901661186777601502e-10
-1.793175252634341164e-10
-1.674968799473402591e-10
-1.549501729153447674e-10
-1.420165519333333182e-10
-1.289739579208118209e-10
-1.160422768840446812e-10
-1.033615833220738690e-10
-9.098187009370056323e-11
-7.899904982144658256e-11
-6.763155669330849695e-11
-5.720455589841981039e-11
-4.808385146998540957e-11
-4.047332657580963090e-11
-3.412685737264326747e-11
-2.845869046070457625e-11
-2.322082886554659169e-11
-1.873961359360282548e-11
-1.521977439070159407e-11
-1.241141358337698889e-11
-1.004346160435828037e-11
-8.115338810670815034e-12
-6.575542076851042859e-12
-5.334536764015604662e-12
-4.332825009225270892e-12
-3.526079578008801637e-12
-2.872663777155012854e-12
-2.340919911238037461e-12
-1.906264078718388826e-12
-1.549544897253246489e-12
-1.256066561153302458e-12
-1.014443622047233743e-12
-8.156952706563182415e-13
-6.525560439074862590e-13
-5.190252739030132659e-13
-4.101017556214421369e-13
-3.216261403476339888e-13
-2.501669841496132853e-13
-1.928960015662224694e-13
-1.474542730265288239e-13
-1.118265140220245781e-13
-8.424856629636083014e-14
-6.316107849524288858e-14
-4.720157707327813225e-14
-3.521390912824622068e-14
-2.625288868255803210e-14
-1.957123623913696129e-14
-1.459858225654627727e-14
-1.090637390911766445e-14
-8.167631596098122250e-15
-6.128282808991415838e-15
-4.602265133569860483e-15
-3.457709389744374795e-15
-2.599349157419245175e-15
-1.955752398370616715e-15
-1.473578343212601995e-15
-1.112583399744325650e-15
-8.424434912929692545e-16
-6.403992130625367675e-16
-4.894451953719723447e-16
-3.767189546586434452e-16
-2.927039844301954891e-16
-2.302620266658440310e-16
-1.840807668818196635e-16
-1.501614596468231190e-16
-1.255296000993977940e-16
-1.078592212924716756e-16
-9.534625056691366527e-17
-8.663085219048195236e-17
