# bin_2_2
-4.467602150509635201e-10
-4.534829207875866817e-10
-4.611311622233061178e-10
-4.697919247561928380e-10
-4.795532352674598563e-10
-4.905106368801672951e-10
-5.027693352322242846e-10
-5.164522219157112915e-10
-5.316802122255680809e-10
-5.485415076700916964e-10
-5.670805841471513428e-10
-5.873430250274889623e-10
-6.094227307857202650e-10
-6.333757017823436569e-10
-6.591305216792674451e-10
-6.864639735750303836e-10
-7.149825359604889032e-10
-7.441591786773321103e-10
-7.736567653594841710e-10
-8.037832914275309964e-10
-8.352199474708203357e-10
-8.679398872181507883e-10
-9.006762182426335410e-10
-9.325241191022167840e-10
-9.643150209559000282e-10
-9.956712761776201549e-10
-1.024784091935730508e-09
-1.049928292428389636e-09
-1.070019867021740374e-09
-1.082598978843937721e-09
-1.085068864162833526e-09
-1.075685319944261542e-09
-1.052008642435302555e-09
-1.013104606481219177e-09
-9.586259017474194197e-10
-8.900073871278952883e-10
-8.101027775539147439e-10
-7.233953975255016940e-10
-6.352940546695065576e-10
-5.511871150952691898e-10
-4.752814789381234456e-10
-4.088668452378525930e-10
-3.496405610467828035e-10
-2.942214028083394685e-10
-2.423598195693679151e-10
-1.970332358083731913e-10
-1.596876311280321033e-10
-1.292595760740708853e-10
-1.045540733930517824e-10
-8.414758354243810631e-11
-6.771207651913366782e-11
-5.467834559457965371e-11
-4.428444031453847035e-11
-3.603824189452625712e-11
-2.949439759771048548e-11
-2.427614681001110955e-11
-2.008817966284721627e-11
-1.669193958637998435e-11
-1.390220238249539779e-11
-1.157822976504124172e-11
-9.615907719460077672e-12
-7.941052557764598030e-12
-6.502862965851006924e-12
-5.267871021171294000e-12
-4.214158647701259339e-12
-3.326098313857345193e-12
-2.590110410831398175e-12
-1.991897130717599602e-12
-1.515341687761161728e-12
-1.142811413590142119e-12
-8.563124932161749114e-13
-6.388014582519256122e-13
-4.752025573069353754e-13
-3.529272957724889039e-13
-2.619251883443490273e-13
-1.944225394346215875e-13
-1.444869004516566451e-13
-1.075713424768298022e-13
-8.022811264081738759e-14
-5.989778668257056636e-14
-4.473239079572847693e-14
-3.340597678089890536e-14
-2.494568804998859824e-14
-1.862949938001769613e-14
-1.391422479036805947e-14
-1.039546215526115942e-14
-7.771078003208591956e-15
-5.814058059973282077e-15
-4.355374464433981645e-15
-3.268555432935141237e-15
-2.459083355558159226e-15
-1.856596159991528162e-15
-1.408644761533119693e-15
-1.076055501852222724e-15
-8.298817955966331136e-16
-6.488611567639123561e-16
-5.172202517271482430e-16
-4.232699410883749076e-16
-3.578980309402824281e-16
-3.159692959072332445e-16
