# bin_3_4
-5.983875352266556754e-10
-6.068748280149729148e-10
-6.164672851883084369e-10
-6.272342020694260936e-10
-6.392322713070547149e-10
-6.525157173101756322e-10
-6.671361160598667217e-10
-6.831489404415668953e-10
-7.005703788367990065e-10
-7.193111677266382344e-10
-7.391530600619258010e-10
-7.598528900328717111e-10
-7.812752953757322599e-10
-8.032673043760384810e-10
-8.255381596672905844e-10
-8.477626418685258860e-10
-8.695169260466125667e-10
-8.898761146253615195e-10
-9.074947399160999571e-10
-9.207571675212103374e-10
-9.286282108799483413e-10
-9.318007461214587364e-10
-9.317801754265606182e-10
-9.279894530335539416e-10
-9.174031031200674835e-10
-8.992816517550913813e-10
-8.762020094821150329e-10
-8.477776425340221824e-10
-8.126065456364424454e-10
-7.707437857215805382e-10
-7.247349005579054567e-10
-6.741405716512635022e-10
-6.206635572905482342e-10
-5.662553565389253321e-10
-5.116965092879878114e-10
-4.585803890748344803e-10
-4.071982682693041147e-10
-3.582440018561361454e-10
-3.121882356143222568e-10
-2.695134407977142196e-10
-2.306010054685393350e-10
-1.956066481102433371e-10
-1.645434055526458319e-10
-1.374018160993544470e-10
-1.142934231884346956e-10
-9.503098969973061679e-11
-7.876387816144206545e-11
-6.472584151156231692e-11
-5.284602114007075908e-11
-4.309466594229007273e-11
-3.519435911572065416e-11
-2.876678258909259795e-11
-2.348869497448193108e-11
-1.917824400878328442e-11
-1.566584206644356681e-11
-1.279548592404927191e-11
-1.043862572445214055e-11
-8.501911009080393997e-12
-6.904922693461174385e-12
-5.587649503330626217e-12
-4.501710662695636887e-12
-3.608542375407397809e-12
-2.876695535067718524e-12
-2.280007440604449865e-12
-1.796327159251904334e-12
-1.406706695422309066e-12
-1.094888880882324027e-12
-8.469704710134634672e-13
-6.511718738401855598e-13
-4.976085455745049712e-13
-3.780553102640284940e-13
-2.857009989662492109e-13
-2.149219062181341814e-13
-1.610912090073084380e-13
-1.204296372682076906e-13
-8.988824105567648100e-14
-6.704381561791846909e-14
-4.999934026770393080e-14
-3.730555928450678644e-14
-2.786071829689135866e-14
-2.083511199273235611e-14
-1.560338872637744180e-14
-1.170247053660476487e-14
-8.783930704692159458e-15
-6.599244620225407025e-15
-4.964692332943180274e-15
-3.742635285617047465e-15
-2.829253694839214467e-15
-2.147730700902783233e-15
-1.640035300994131368e-15
-1.262460045340015813e-15
-9.821891841783986458e-16
-7.753699018194608722e-16
-6.235695313592996162e-16
-5.131802802483362109e-16
-4.337856277463437999e-16
-3.772034388679654886e-16
-3.373015849966920488e-16
-3.093999847272930642e-16
-2.902644710993619227e-16
