# bin_1_3
-1.490139484015475538e-10
-1.507217992664377273e-10
-1.526344256846021875e-10
-1.547589584357375728e-10
-1.570988289684913931e-10
-1.596568156212545914e-10
-1.624351063912053148e-10
-1.654379978283683405e-10
-1.686649468203790306e-10
-1.720948653804853048e-10
-1.756825354818354508e-10
-1.793755765068244026e-10
-1.831322637734907355e-10
-1.868996575940180156e-10
-1.905351309788130699e-10
-1.938470792611298642e-10
-1.965797270482840950e-10
-1.984636200892410537e-10
-1.993931005430097719e-10
-1.995704701619241353e-10
-1.992497650149221543e-10
-1.983033813273206510e-10
-1.962793075448826236e-10
-1.932853450679228569e-10
-1.899843747797389651e-10
-1.863595521609492265e-10
-1.821720316781552806e-10
-1.774543830166758015e-10
-1.724822302379273005e-10
-1.669108644029414187e-10
-1.608717124009902151e-10
-1.544148431291852397e-10
-1.475270807256770997e-10
-1.403734324146680898e-10
-1.329895020044217015e-10
-1.254180647345514916e-10
-1.175865217113453474e-10
-1.093550842995247656e-10
-1.005597842164367229e-10
-9.106726840638619809e-11
-8.094363727827320604e-11
-7.054791609411371847e-11
-6.049554524244260967e-11
-5.149926840529715561e-11
-4.404121601071942198e-11
-3.796370330334787719e-11
-3.247236708682000628e-11
-2.692446533950049311e-11
-2.165038321395028381e-11
-1.744459851608901041e-11
-1.428223781191847293e-11
-1.154626339457994878e-11
-9.216150317865518597e-12
-7.390311961629943485e-12
-5.918418836291816558e-12
-4.734307287682474001e-12
-3.794837202216896158e-12
-3.046711508405042493e-12
-2.451055245634629385e-12
-1.976480131643790428e-12
-1.597515563143469075e-12
-1.294064744045583736e-12
-1.050203211115925639e-12
-8.533206656297110759e-13
-6.934090319301394814e-13
-5.625743184773960901e-13
-4.547148967973208921e-13
-3.652524887112288032e-13
-2.908720731345986038e-13
-2.292182255826177699e-13
-1.785696492549717815e-13
-1.375425713918619068e-13
-1.048760283729185809e-13
-7.932513797933374325e-14
-5.965590948967118817e-14
-4.470173638209903380e-14
-3.342907911426021435e-14
-2.497672469886360569e-14
-1.866299291077271631e-14
-1.396612826148610422e-14
-1.048541069374072082e-14
-7.898543704198024359e-15
-5.959782186446160700e-15
-4.498974654469185521e-15
-3.397517352788959472e-15
-2.567101553738908378e-15
-1.941440923642595286e-15
-1.470304086275899785e-15
-1.115663225642947946e-15
-8.488172759880961608e-16
-6.481728272285284317e-16
-4.973490228093392455e-16
-3.841021994805984176e-16
-2.991948211019577339e-16
-2.356863910539792558e-16
-1.883243426433621855e-16
-1.531549826657445070e-16
-1.271265197682473757e-16
-1.079052069378493247e-16
-9.373533733892327768e-17
