# bin_3_2
-5.600095681152804102e-10
-5.696408257882948146e-10
-5.806747021472794660e-10
-5.932740551992834534e-10
-6.076140484458498267e-10
-6.238900318134621084e-10
-6.423212552198802382e-10
-6.631604792658276595e-10
-6.866757774274432414e-10
-7.131214312705527040e-10
-7.427281599707795876e-10
-7.757491519855571791e-10
-8.125077775566068585e-10
-8.533109802665781278e-10
-8.983582236786900623e-10
-9.477136833872993169e-10
-1.001283096046301082e-09
-1.058843605923186986e-09
-1.120359101986349925e-09
-1.186424248958359614e-09
-1.257969317388743235e-09
-1.335142690779296153e-09
-1.416737407788826749e-09
-1.501762608480052768e-09
-1.590780200116274114e-09
-1.682860737541905327e-09
-1.775297000978742782e-09
-1.865064672473263506e-09
-1.949306213158358835e-09
-2.023222104992796227e-09
-2.081315160294356308e-09
-2.118416528608196925e-09
-2.128232390763184438e-09
-2.105847952516390016e-09
-2.047243622161633924e-09
-1.951206310035369652e-09
-1.819856179188424256e-09
-1.659801292728232485e-09
-1.481995863293046565e-09
-1.300417630602454802e-09
-1.129074575298547806e-09
-9.768512777848652311e-10
-8.434521003931989243e-10
-7.215565596138618719e-10
-6.055456328143132018e-10
-4.972182198784863374e-10
-4.020971658166133007e-10
-3.242854416841374298e-10
-2.628511818464234240e-10
-2.117036440802077877e-10
-1.693329781959549239e-10
-1.358334365225481947e-10
-1.092571252839921914e-10
-8.811715282702150867e-11
-7.149132270807371687e-11
-5.833914893307802095e-11
-4.792390623896743876e-11
-3.961167106736583582e-11
-3.290637892004470544e-11
-2.742270094481616332e-11
-2.286746248051335972e-11
-1.902481393318843399e-11
-1.574180655301869505e-11
-1.291536600128727180e-11
-1.047970495952035922e-11
-8.393825337996227310e-12
-6.630023876988779554e-12
-5.164561993203793515e-12
-3.971558313571691978e-12
-3.020571589319607546e-12
-2.277313150601211588e-12
-1.706106771168958475e-12
-1.272808654615678859e-12
-9.471206744940848396e-13
-7.037915226855702999e-13
-5.227657564698266575e-13
-3.885544295701223721e-13
-2.892677942974944866e-13
-2.158370695943740608e-13
-1.613608626136635465e-13
-1.207366748518419736e-13
-9.034399512100181238e-14
-6.759236327592047476e-14
-5.056592896277853874e-14
-3.782609427686960204e-14
-2.829639964126328946e-14
-2.117042416478734973e-14
-1.584282119888112576e-14
-1.186087343451089595e-14
-8.885427157268364231e-15
-6.662564416107184354e-15
-5.002508652278169903e-15
-3.763377788680455434e-15
-2.839028694496573961e-15
-2.150436590713333504e-15
-1.638967466875749072e-15
-1.261005134480728998e-15
-9.842372785243588533e-16
-7.842894308604851113e-16
-6.463203191347076043e-16
