# bin_4_4
-6.009889480418561636e-10
-6.100674230800417815e-10
-6.203603768947806826e-10
-6.319517988511321863e-10
-6.449142830911861900e-10
-6.593247159797246782e-10
-6.752586566479487226e-10
-6.928030741834958844e-10
-7.119962323735377748e-10
-7.327338920550197734e-10
-7.547451798654055530e-10
-7.776972858627702814e-10
-8.013782413934325758e-10
-8.255455434878698078e-10
-8.498393224913622335e-10
-8.740307882431483399e-10
-8.979146873589938290e-10
-9.211498480969947165e-10
-9.431836270974512338e-10
-9.627475244407448904e-10
-9.780573632461374042e-10
-9.874678584106184477e-10
-9.911432389971650105e-10
-9.915164175215531422e-10
-9.896370217295056911e-10
-9.823756824899613588e-10
-9.669118759153898108e-10
-9.458905390144383447e-10
-9.207339178603364306e-10
-8.899854606479391403e-10
-8.527355638597960320e-10
-8.118980446449503366e-10
-7.683649239986514846e-10
-7.218111210026905930e-10
-6.749919322794177504e-10
-6.272539625326579196e-10
-5.794164233323830492e-10
-5.310382591768800812e-10
-4.824106849444976730e-10
-4.335022175070312481e-10
-3.847036229293748583e-10
-3.365993794075507405e-10
-2.902271158198933688e-10
-2.471655323937693693e-10
-2.092676947435646128e-10
-1.774963019641841446e-10
-1.508022920695920656e-10
-1.270066195915195469e-10
-1.048361395170132902e-10
-8.482774229081696225e-11
-6.849042661757092681e-11
-5.583911621410402872e-11
-4.527103749375634733e-11
-3.633195557560396552e-11
-2.922486801096634304e-11
-2.349575931539802288e-11
-1.886045703119793962e-11
-1.515227269601902928e-11
-1.217004237479962950e-11
-9.777276499790754522e-12
-7.855962667659978008e-12
-6.312163844013304385e-12
-5.070964723048653807e-12
-4.072204949489081863e-12
-3.267590228040489288e-12
-2.618281565061143553e-12
-2.093144030454290429e-12
-1.667434626378149482e-12
-1.321743589439407979e-12
-1.041036367023738179e-12
-8.137243165499100606e-13
-6.307579134081429717e-13
-4.848326691906839961e-13
-3.697842036046248742e-13
-2.802059640504809579e-13
-2.112879156664524416e-13
-1.588006877097728902e-13
-1.191290170612509849e-13
-8.930438955830882786e-14
-6.697767529089992247e-14
-5.031576893600279302e-14
-3.790298115714436241e-14
-2.863319607717790911e-14
-2.166684256194218935e-14
-1.640545807655866382e-14
-1.242551891765670387e-14
-9.419955702432986777e-15
-7.147871488418156839e-15
-5.432287772795992218e-15
-4.138128642787398497e-15
-3.162022987848155388e-15
-2.426577484309275894e-15
-1.873765834106109400e-15
-1.458734144186220146e-15
-1.148483082606087705e-15
-9.170618146039389962e-16
-7.451641746026106298e-16
-6.176721047197299991e-16
-5.233346694454473627e-16
-4.539169027451278309e-16
