# bin_4_2
-6.051313782947026507e-10
-6.159624199527905659e-10
-6.283951393796741834e-10
-6.426248172830251538e-10
-6.588641070145390556e-10
-6.773516298801536943e-10
-6.983564793603727587e-10
-7.221886871695227962e-10
-7.491819336511898100e-10
-7.796653997381334767e-10
-8.139549442882347311e-10
-8.524000383973324404e-10
-8.954322462471503948e-10
-9.434791636821956487e-10
-9.968735478928553961e-10
-1.055825119607153976e-09
-1.120396160759860761e-09
-1.190528993080648150e-09
-1.266357418697266681e-09
-1.348644817722455764e-09
-1.438480858085603263e-09
-1.536152798961676550e-09
-1.640556290100748308e-09
-1.750746778123576458e-09
-1.867251072368572281e-09
-1.988991499924815731e-09
-2.112968897698583415e-09
-2.235690253283675253e-09
-2.353609022935752379e-09
-2.460968818681727788e-09
-2.551020658753835233e-09
-2.617032514775796980e-09
-2.650849719137552744e-09
-2.645468274779367184e-09
-2.594707491092307109e-09
-2.495400375705940752e-09
-2.348344932723356529e-09
-2.159998698500848448e-09
-1.942857563764797101e-09
-1.714360963358417392e-09
-1.493474436822975190e-09
-1.294172782066578273e-09
-1.119424935612118626e-09
-9.619156580508200503e-10
-8.133028772476458283e-10
-6.725256738563539605e-10
-5.452187801286123670e-10
-4.390289097514130836e-10
-3.556653833758008720e-10
-2.870612547405885563e-10
-2.294997115337553285e-10
-1.835988062402515718e-10
-1.474270285136828748e-10
-1.185116140377537389e-10
-9.583134800947421296e-11
-7.790819974910880521e-11
-6.376780421388504949e-11
-5.253658949914141815e-11
-4.353242570302818389e-11
-3.622180335914870252e-11
-3.019474302887792123e-11
-2.514570027938424015e-11
-2.085479399140350218e-11
-1.717097007021535058e-11
-1.399606338786733400e-11
-1.126888914070670213e-11
-8.950185702473736326e-12
-7.009785410520175051e-12
-5.417338856668894242e-12
-4.137592241101913975e-12
-3.129929564850842780e-12
-2.350706309355348177e-12
-1.756804777904200108e-12
-1.308897624653466706e-12
-9.734804358595308634e-13
-7.235175555414326987e-13
-5.379377762826945526e-13
-4.005184064356856217e-13
-2.988721808267437518e-13
-2.235248887570600861e-13
-1.673785405454296380e-13
-1.253605396662037055e-13
-9.387963721602133789e-14
-7.029675145150601474e-14
-5.263305333851951140e-14
-3.940636695248405866e-14
-2.950520754609884154e-14
-2.209482697217006552e-14
-1.655005480101172271e-14
-1.240213770778583273e-14
-9.299793435073637570e-15
-6.980121740945781111e-15
-5.246338899370901740e-15
-3.951091942828255397e-15
-2.984440713726946433e-15
-2.264580060182650683e-15
-1.730548054993624863e-15
-1.337090072512434407e-15
-1.050206210659844136e-15
-8.483978433031503657e-16
