# bin_1_2
-3.725958642453930823e-10
-3.775531381431244180e-10
-3.831539108575625540e-10
-3.894428459487617991e-10
-3.964601947831217055e-10
-4.042478533907889641e-10
-4.128510095132250209e-10
-4.223258330448265675e-10
-4.327198906643226641e-10
-4.440412634769841467e-10
-4.562481298130021686e-10
-4.692940605181632355e-10
-4.831765458350361350e-10
-4.978530026367613668e-10
-5.131544568529472565e-10
-5.287660966403811501e-10
-5.442128712707687171e-10
-5.589009043311757770e-10
-5.724424638514440652e-10
-5.851116075691392033e-10
-5.975891726625276377e-10
-6.099141308387020073e-10
-6.209764612822522778e-10
-6.301074614214154450e-10
-6.384421150582726323e-10
-6.460675812595320960e-10
-6.518332778272061624e-10
-6.548472211590089655e-10
-6.550232367603954561e-10
-6.511204237408079265e-10
-6.418864479152412430e-10
-6.269411651091561261e-10
-6.051403825865484647e-10
-5.764914071594737875e-10
-5.410311569473441708e-10
-4.997147663332486289e-10
-4.538884410645072608e-10
-4.054953609842902370e-10
-3.567306836035845218e-10
-3.098054967482229906e-10
-2.667198321036900794e-10
-2.285102395430623833e-10
-1.946932258751250824e-10
-1.640401490557013716e-10
-1.361319675494398882e-10
-1.115695864206234635e-10
-9.063081137505512586e-11
-7.328109354352570656e-11
-5.939266859957147885e-11
-4.802120349863796250e-11
-3.870154653970424008e-11
-3.125445141069113450e-11
-2.533241167484857915e-11
-2.059123595782196639e-11
-1.682114817302643534e-11
-1.380207451306091585e-11
-1.137454205392090566e-11
-9.405079045447210030e-12
-7.790423680831306199e-12
-6.451690518632615926e-12
-5.329747140052751211e-12
-4.381443732103485493e-12
-3.575954615870884348e-12
-2.891556153685829617e-12
-2.312776408019366706e-12
-1.827939533455992866e-12
-1.427225134101290950e-12
-1.101351462771344709e-12
-8.409231902307049936e-13
-6.363521288355749309e-13
-4.781715668395712111e-13
-3.574824500932152964e-13
-2.663506860795654562e-13
-1.980491882032362863e-13
-1.471170333931510651e-13
-1.092733601073066273e-13
-8.122965781881054907e-14
-6.046974485189995597e-14
-4.509087453105699054e-14
-3.367041868869034771e-14
-2.516117060341035384e-14
-1.880606856163755709e-14
-1.405651270444332888e-14
-1.050914443643321610e-14
-7.859375770142926901e-15
-5.881099450317082004e-15
-4.405344085660322297e-15
-3.304617898045472100e-15
-2.484141824750902810e-15
-1.872873378691799799e-15
-1.417662823410726238e-15
-1.078978374981851790e-15
-8.273409066240078142e-16
-6.407013675228551624e-16
-5.027922120979170320e-16
-4.016622663481816668e-16
-3.283715412065879172e-16
-2.761918326467961407e-16
-2.397750598915927872e-16
-2.158549806759251747e-16
