# bin_4_1
-2.648706302322221171e-09
-2.695446780893321106e-09
-2.748906933334999441e-09
-2.809793493176321552e-09
-2.878834144329875997e-09
-2.956823640799342069e-09
-3.044613254784698140e-09
-3.143137114723353616e-09
-3.253256405865788859e-09
-3.375498637374850010e-09
-3.509930225309332220e-09
-3.656533631338387564e-09
-3.815641498369941270e-09
-3.987510922891452823e-09
-4.171950090214460677e-09
-4.368896163514284210e-09
-4.577815155004869037e-09
-4.797379458273282707e-09
-5.024100439321174175e-09
-5.252040924209062178e-09
-5.473471130297114580e-09
-5.682247280496921080e-09
-5.878114024215919760e-09
-6.062307822488781461e-09
-6.225830859260002054e-09
-6.349984467370156553e-09
-6.426055646158279064e-09
-6.455264429280524905e-09
-6.427181591225960642e-09
-6.329453436050021410e-09
-6.156803405540649640e-09
-5.913924923777913130e-09
-5.596682941261172934e-09
-5.215077262021322060e-09
-4.781645876313732647e-09
-4.311879290660735065e-09
-3.827796941920793177e-09
-3.350999942585723013e-09
-2.902189434303489057e-09
-2.493824737638380738e-09
-2.128415744770397767e-09
-1.802319174085937281e-09
-1.510316080955204724e-09
-1.248397665310947729e-09
-1.019457511494781733e-09
-8.304060862794291661e-10
-6.759349150528097299e-10
-5.469938846805771009e-10
-4.435006584215077934e-10
-3.601383412511855957e-10
-2.926595257897586557e-10
-2.388827840851914455e-10
-1.957729419164070321e-10
-1.611599230897522274e-10
-1.332076826763789865e-10
-1.104573634866100193e-10
-9.175618098520119668e-11
-7.621773056604317416e-11
-6.317240331366693777e-11
-5.212756711921442955e-11
-4.272698554273971675e-11
-3.471765672063856203e-11
-2.791872213720178688e-11
-2.219472999176217278e-11
-1.743430370187726161e-11
-1.353465100366334268e-11
-1.039305505418508165e-11
-7.904624113631872115e-12
-5.964675681207644674e-12
-4.473234271000750929e-12
-3.339650697944348552e-12
-2.485645301611337866e-12
-1.846450799610669078e-12
-1.370296009632071362e-12
-1.016765610506414964e-12
-7.548645226624430879e-13
-5.610771507073938526e-13
-4.175386668258746440e-13
-3.109909266467039474e-13
-2.317766863323968052e-13
-1.727771842711793791e-13
-1.287986937220837849e-13
-9.601264608966352341e-14
-7.159269760540444936e-14
-5.339183359681604203e-14
-3.983841513441503704e-14
-2.974708195604715155e-14
-2.224152766230433012e-14
-1.665958783675019934e-14
-1.251392800165685221e-14
-9.440042586148046418e-15
-7.165561231779233370e-15
-5.487787141659257389e-15
-4.259893769678121869e-15
-3.367773877069360030e-15
-2.727726281878451888e-15
-2.278489814405332694e-15
-1.976453246007233585e-15
-1.782975975239223616e-15
-1.671543577295357143e-15
