# bin_3_1
-2.610690013687766438e-09
-2.655365395496479142e-09
-2.706405082383491123e-09
-2.764463740307221805e-09
-2.830212623897009971e-09
-2.904374467037117451e-09
-2.987727101667577800e-09
-3.081122165717591830e-09
-3.185347314545251770e-09
-3.300921486908443098e-09
-3.428001924714588717e-09
-3.566700084321587784e-09
-3.717459278578336056e-09
-3.880633432273833732e-09
-4.056053855167153946e-09
-4.243274914391461468e-09
-4.441283712171349082e-09
-4.647107856944397788e-09
-4.855934753984360747e-09
-5.061437626880834091e-09
-5.258335132891659101e-09
-5.445910392729275964e-09
-5.624994586304164474e-09
-5.788766474797567574e-09
-5.921689614701847806e-09
-6.014702126376381573e-09
-6.068753382347987654e-09
-6.075076303741367000e-09
-6.021698932543434375e-09
-5.901647391537392034e-09
-5.716992083881977934e-09
-5.462506901175691485e-09
-5.142972229733866097e-09
-4.767987982875209385e-09
-4.348378688945015902e-09
-3.902390031322898097e-09
-3.448281478678505336e-09
-3.007000168624120905e-09
-2.595857771793851133e-09
-2.224470481527972515e-09
-1.893639393104189284e-09
-1.598966952406489849e-09
-1.335728165771553432e-09
-1.100740175425480324e-09
-8.966764793025099173e-10
-7.294042068685101177e-10
-5.936272359396945818e-10
-4.806535441776804825e-10
-3.899771917885854194e-10
-3.169614588673509442e-10
-2.580286656469883486e-10
-2.110540119728972980e-10
-1.733333425670171761e-10
-1.429887177025279497e-10
-1.184123679159725166e-10
-9.833171354020433340e-11
-8.175522419022453449e-11
-6.792269948799713824e-11
-5.626507052499508880e-11
-4.636601671609851970e-11
-3.792652051441652672e-11
-3.073450937778074505e-11
-2.463698446765430987e-11
-1.951679665865746120e-11
-1.527418702297667933e-11
-1.181423082202326082e-11
-9.040555819352943390e-12
-6.854598414332245231e-12
-5.158676963916549879e-12
-3.860517864752305140e-12
-2.877476448974684128e-12
-2.139060975814933384e-12
-1.587615405586991341e-12
-1.177506236064227863e-12
-8.733766198317080123e-13
-6.482545823591079471e-13
-4.817550881327660576e-13
-3.584402025866342154e-13
-2.669053111646698677e-13
-1.988281217218608414e-13
-1.481292477869407662e-13
-1.103543323833345945e-13
-8.222435671090901569e-14
-6.127137344909723792e-14
-4.567200326938837723e-14
-3.406392219232564827e-14
-2.543041456880448580e-14
-1.901120982685446523e-14
-1.424380799526931808e-14
-1.070792421747101517e-14
-8.089655933655637183e-15
-6.154793940734861848e-15
-4.732924487996072007e-15
-3.694172454974082158e-15
-2.943213267783718714e-15
-2.408747798537340204e-15
-2.036867063025290683e-15
-1.791194754308900807e-15
-1.637250716021657505e-15
-1.552199660423061489e-15
