# bin_4_3
-2.117555308919024731e-10
-2.150047960396039442e-10
-2.187084024050453578e-10
-2.229120903619264280e-10
-2.276633192539310083e-10
-2.330149879753828099e-10
-2.390261050400863304e-10
-2.457650662225078656e-10
-2.533034769463349558e-10
-2.617008192019138823e-10
-2.710014636728082561e-10
-2.812520221736183626e-10
-2.925193277283803710e-10
-3.048686131500119412e-10
-3.182833974601064216e-10
-3.327057685733378241e-10
-3.480199736423260709e-10
-3.641025088389723195e-10
-3.810010153572201711e-10
-3.990781786113551302e-10
-4.187424217362322737e-10
-4.399963312947953451e-10
-4.624862552192886697e-10
-4.863968799752189651e-10
-5.124298386313304855e-10
-5.405015414430725990e-10
-5.701752821042879778e-10
-6.011424644053016773e-10
-6.331803808099933674e-10
-6.652226662419650429e-10
-6.964726151730570834e-10
-7.258013834032172488e-10
-7.517789262451284358e-10
-7.729277443421336660e-10
-7.874145073444361156e-10
-7.932270824825070329e-10
-7.881349511575481460e-10
-7.699418577846259038e-10
-7.369154708041326292e-10
-6.884907089651534473e-10
-6.263097582961842799e-10
-5.549879898379714519e-10
-4.818862486203006040e-10
-4.152266824276047697e-10
-3.604419311219671170e-10
-3.159184684777571368e-10
-2.733149732644669148e-10
-2.263962760898991623e-10
-1.803109502326828961e-10
-1.447775026517591621e-10
-1.186752143497492698e-10
-9.512016370330174734e-11
-7.516138055319123623e-11
-5.979842555337200858e-11
-4.741985008192816853e-11
-3.759972193281095501e-11
-2.991474658069430566e-11
-2.389823493575748473e-11
-1.919282342550399630e-11
-1.551176479215476793e-11
-1.262076603357367644e-11
-1.033520296544435214e-11
-8.510640834467384877e-12
-7.035579025015440610e-12
-5.824906023303312607e-12
-4.815115201228270556e-12
-3.960641891645033002e-12
-3.230559439087019916e-12
-2.605298476255438576e-12
-2.073064517642446799e-12
-1.626247243020537657e-12
-1.258386721629212933e-12
-9.622099047276420816e-13
-7.289281577027981013e-13
-5.486339705692180836e-13
-4.112769211008329917e-13
-3.076257164696400845e-13
-2.298756376072215521e-13
-1.718052738368848271e-13
-1.286434909169858106e-13
-9.669473627050710205e-14
-7.294511723748152334e-14
-5.510564784508938896e-14
-4.163053069632217024e-14
-3.144563779693856091e-14
-2.374932895079959483e-14
-1.793547040483355139e-14
-1.354496824356018922e-14
-1.023024183319250591e-14
-7.728329417590768310e-15
-5.840441075318474688e-15
-4.416180211699771083e-15
-3.342030715808544034e-15
-2.532232824090599979e-15
-1.922068810022050150e-15
-1.462666614496582673e-15
-1.117185113228974341e-15
-8.577246530477420322e-16
-6.631791832861068041e-16
-5.176679119017735150e-16
