# bin_1_1
-1.983170978789470091e-09
-2.013993413350948037e-09
-2.048999340244448222e-09
-2.088518672395511136e-09
-2.132855540805383576e-09
-2.182330741042007109e-09
-2.237269767801893334e-09
-2.298029275339289997e-09
-2.364842279419978573e-09
-2.437559752215049401e-09
-2.515537711563818567e-09
-2.598014804903384072e-09
-2.684569133093249363e-09
-2.774711206063037224e-09
-2.867550157157090640e-09
-2.962413811033845199e-09
-3.058317592561898359e-09
-3.153718337264831550e-09
-3.245275535082268746e-09
-3.327663816728396579e-09
-3.394300396842636586e-09
-3.440719456852984906e-09
-3.468856986863154912e-09
-3.482955806983644831e-09
-3.478366172336823232e-09
-3.442095478356390945e-09
-3.371732383624712632e-09
-3.275196233915036719e-09
-3.150054964702310917e-09
-2.992410295185512809e-09
-2.804529279493336293e-09
-2.596932667393968875e-09
-2.369784173366549639e-09
-2.132992857631956457e-09
-1.894805697580312112e-09
-1.661429763110505456e-09
-1.440664055923146630e-09
-1.236923812927164837e-09
-1.053852324191585998e-09
-8.917155444850436773e-10
-7.484656210043240611e-10
-6.225225045612345854e-10
-5.135280852681869819e-10
-4.205824275727199992e-10
-3.426294767369378621e-10
-2.793569381852020510e-10
-2.280672039474526364e-10
-1.858090972886359036e-10
-1.518906579152236906e-10
-1.245274593089876524e-10
-1.023843383405192353e-10
-8.448974119176167177e-11
-6.992796926800695305e-11
-5.800254550771941679e-11
-4.815178132139019975e-11
-3.994490318290967932e-11
-3.305191495171736943e-11
-2.722596693936376192e-11
-2.228467337720453017e-11
-1.809378672701971648e-11
-1.455243192351310884e-11
-1.158192932899655233e-11
-9.116567645551155341e-12
-7.097077816442810751e-12
-5.467016092505150360e-12
-4.171303154489676668e-12
-3.156648490769442498e-12
-2.372886340672389015e-12
-1.774583884264767700e-12
-1.322204068865155301e-12
-9.826565695871417307e-13
-7.291620808756490587e-13
-5.406376360919462980e-13
-4.008147296295296434e-13
-2.972763357693683984e-13
-2.206458651299303690e-13
-1.639142652643696184e-13
-1.218494345444831001e-13
-9.060903730134794055e-14
-6.740708106334984911e-14
-5.015298817059609133e-14
-3.732019311499844094e-14
-2.777632541628579821e-14
-2.069758535871394727e-14
-1.543440395367706782e-14
-1.153096357369660621e-14
-8.636358583704401709e-15
-6.496150837372221007e-15
-4.913595400082865943e-15
-3.747780449070640057e-15
-2.892672220828243721e-15
-2.268734158924439558e-15
-1.816925951762111798e-15
-1.495979111906476306e-15
-1.271528918062732717e-15
-1.118621399833182903e-15
-1.018718788429828906e-15
-9.582765163221863929e-16
-9.243126109062851672e-16
-9.076250092487103997e-16
