# bin_1_4
-4.961160550406491472e-10
-5.028577002062474039e-10
-5.104510105359305066e-10
-5.189295277684071843e-10
-5.283102894542690984e-10
-5.386093203379572895e-10
-5.498365329003829685e-10
-5.620086978575278760e-10
-5.750912070826865317e-10
-5.889057904502110894e-10
-6.031074137757582817e-10
-6.172926603912619155e-10
-6.311820790016978947e-10
-6.444747107624387791e-10
-6.567642693504136288e-10
-6.677923798344552899e-10
-6.773493584948171645e-10
-6.851266148669540030e-10
-6.906511703754485213e-10
-6.928048104111599970e-10
-6.900199614164878512e-10
-6.809132125587597771e-10
-6.658992482656799967e-10
-6.476386548040450016e-10
-6.275468827378622868e-10
-6.031009485779032416e-10
-5.721186462550708528e-10
-5.376697857465486378e-10
-5.016572620922260748e-10
-4.632649168715101836e-10
-4.220879979711086307e-10
-3.811177491154383641e-10
-3.413499975726209304e-10
-3.024579426016631789e-10
-2.668382762096479371e-10
-2.337712874856109422e-10
-2.038820600706116249e-10
-1.766996313061673019e-10
-1.523420379610931344e-10
-1.305339457723522477e-10
-1.111788471849871802e-10
-9.407316808616295626e-11
-7.904344219576578760e-11
-6.599267363049768573e-11
-5.492029949448367897e-11
-4.577144695295137141e-11
-3.825831602257170006e-11
-3.196657737156957839e-11
-2.654125221659890924e-11
-2.180622103117803321e-11
-1.783259460878866141e-11
-1.465238839556323727e-11
-1.204454480104199982e-11
-9.828668012512683598e-12
-7.997410804365109243e-12
-6.494494667043637262e-12
-5.244677989013418083e-12
-4.217343796355624837e-12
-3.371727935357336685e-12
-2.680443654812775026e-12
-2.118675575853882517e-12
-1.665501254657321932e-12
-1.302898525808860853e-12
-1.015077557745913482e-12
-7.882945660582649028e-13
-6.106970540367863139e-13
-4.722403905868342162e-13
-3.645815547342762824e-13
-2.809608698502959134e-13
-2.160198094517021837e-13
-1.655894356279709553e-13
-1.264627569416126815e-13
-9.617872722722349096e-14
-7.283522409131755106e-14
-5.494076637761817158e-14
-4.130824448049381753e-14
-3.098445597781256456e-14
-2.320478831324094593e-14
-1.736463143251324029e-14
-1.299789392757485576e-14
-9.740303687061835745e-15
-7.313117154717017172e-15
-5.504637273163657186e-15
-4.155598451219651734e-15
-3.144672736819141823e-15
-2.384326064285675950e-15
-1.816758509562168229e-15
-1.390722333533478803e-15
-1.072492146107276729e-15
-8.356376119215028991e-16
-6.593517964100873175e-16
-5.286584499009137245e-16
-4.326295428193115424e-16
-3.623243187758378078e-16
-3.116067097825966888e-16
-2.751954635866578626e-16
-2.492986465018043273e-16
-2.308256231534504115e-16
-2.175997660186139752e-16
-2.081091664181189257e-16
