# bin_2_4
-5.591600223281167361e-10
-5.667967276416992423e-10
-5.754063932034274540e-10
-5.850394106449826429e-10
-5.957313964717035946e-10
-6.075134277910360754e-10
-6.204105768342924556e-10
-6.344524664980070660e-10
-6.496247641553013621e-10
-6.658035724076586826e-10
-6.827341962374547023e-10
-7.001333480088937269e-10
-7.178292774608729393e-10
-7.356364335870206201e-10
-7.532406464637664613e-10
-7.703169812761850771e-10
-7.864545447110977512e-10
-8.007976641494332396e-10
-8.120584117635383495e-10
-8.186545575856492233e-10
-8.194814763171231034e-10
-8.151273488725840922e-10
-8.073061795077485595e-10
-7.959209492414041071e-10
-7.781868415045065630e-10
-7.531037408082691212e-10
-7.234486123516903327e-10
-6.894812771065932472e-10
-6.500499553351610215e-10
-6.052209769221642626e-10
-5.578033424142448702e-10
-5.078509539289428372e-10
-4.567093087797561316e-10
-4.066810141468850095e-10
-3.582633278311351306e-10
-3.130015720473981287e-10
-2.709525107371498031e-10
-2.326067270082884687e-10
-1.980616111010115402e-10
-1.674168446544578197e-10
-1.406134100299241993e-10
-1.173838961637942849e-10
-9.738528290319289139e-11
-8.030196817528998450e-11
-6.598568017516943763e-11
-5.425636475082838783e-11
-4.465933044984886219e-11
-3.673205208298396178e-11
-3.020105158021053360e-11
-2.480887195560299775e-11
-2.039107794681120946e-11
-1.681151304416269049e-11
-1.387123559108396927e-11
-1.143084909623875664e-11
-9.411317828102585129e-12
-7.732291526686804674e-12
-6.327697115064913946e-12
-5.152806540454254306e-12
-4.169413403134338445e-12
-3.349127185441135217e-12
-2.668617031321709951e-12
-2.108482344303175276e-12
-1.651810714743880502e-12
-1.283455277049239765e-12
-9.896459370279729037e-13
-7.578879182554193261e-13
-5.769836341585571754e-13
-4.370899145559046116e-13
-3.297721900619155487e-13
-2.479837108966000395e-13
-1.859795233338549950e-13
-1.391722811281161746e-13
-1.039601475178433598e-13
-7.754967280441946747e-14
-5.779223794075387029e-14
-4.304493574294507341e-14
-3.205566430845270686e-14
-2.387259570246489669e-14
-1.778446899900874049e-14
-1.325465608640877681e-14
-9.883939049502631487e-15
-7.376374373060842232e-15
-5.514549852322507943e-15
-4.128662234363815936e-15
-3.096621308827659981e-15
-2.329971850820265394e-15
-1.760401836750048903e-15
-1.337838922806265444e-15
-1.025418243530088187e-15
-7.952061203854012163e-16
-6.261551411105863768e-16
-5.025142890059160147e-16
-4.130167052234334678e-16
-3.491005667496826800e-16
-3.043643844613648163e-16
-2.736935439912416708e-16
-2.531822466610644663e-16
-2.397380015844278596e-16
-2.311186099632349900e-16
-2.257596777881680815e-16
