# bin_2_1
-2.336342065774022487e-09
-2.374454002653683746e-09
-2.417878744213021215e-09
-2.467111682718119020e-09
-2.522643293352799453e-09
-2.584993238600257109e-09
-2.654707252343397897e-09
-2.732390122004031593e-09
-2.818546583131642951e-09
-2.913378097671227604e-09
-3.016700954486601201e-09
-3.128251112424017226e-09
-3.248093509063546989e-09
-3.376202877480976533e-09
-3.512054775082410720e-09
-3.654929251159913684e-09
-3.803598918903385697e-09
-3.955097294934263302e-09
-4.104646627865356585e-09
-4.245980935946741693e-09
-4.373693766995538218e-09
-4.487019917054735888e-09
-4.587985846811633895e-09
-4.672124512308011156e-09
-4.725829758048534288e-09
-4.740766612955544404e-09
-4.720489114163620714e-09
-4.660675531985536032e-09
-4.552945538398454737e-09
-4.393458530981866811e-09
-4.188315673059286357e-09
-3.936862477237043330e-09
-3.645126357312939476e-09
-3.325009596078877439e-09
-2.985767790606259694e-09
-2.642470703579180827e-09
-2.307038891631082031e-09
-1.992265810999770540e-09
-1.706420573118994352e-09
-1.452086635954391375e-09
-1.226679969535951695e-09
-1.026417082940165798e-09
-8.496150550778672714e-10
-6.955054672198151421e-10
-5.649250791272800294e-10
-4.595090020098037226e-10
-3.744689562037634250e-10
-3.039778615344830044e-10
-2.474233505865667410e-10
-2.019893429487211681e-10
-1.654227129115994840e-10
-1.360890738707161815e-10
-1.123994797626852213e-10
-9.317337419978904556e-11
-7.743134962954646639e-11
-6.441495883784496717e-11
-5.354101147761584229e-11
-4.437129187586918055e-11
-3.658343723702940399e-11
-2.994455270196265727e-11
-2.428737185616261915e-11
-1.949022090770924600e-11
-1.545928457016106022e-11
-1.211512777458199129e-11
-9.383155407203849661e-12
-7.188584181721015383e-12
-5.455404577454190527e-12
-4.108216315012541652e-12
-3.075481646030390412e-12
-2.292628449514194979e-12
-1.704196608856714710e-12
-1.264559917856569984e-12
-9.374717062534307179e-13
-6.948518694246677544e-13
-5.152369878122784643e-13
-3.823894763694355201e-13
-2.841245337459396428e-13
-2.112963621331217338e-13
-1.572077494785302334e-13
-1.169824924959741460e-13
-8.704983175311906057e-14
-6.477584666341318285e-14
-4.821623651938221241e-14
-3.590102337177876216e-14
-2.674598153189181991e-14
-1.994794210845085003e-14
-1.490112123811357011e-14
-1.115704873643382289e-14
-8.384474150994687718e-15
-6.335722900144687152e-15
-4.825698869818018968e-15
-3.716316518886653235e-15
-2.907378153352767572e-15
-2.323554380366897294e-15
-1.908988449264878042e-15
-1.620653925147615892e-15
-1.427221523767060171e-15
-1.306347295017622276e-15
-1.236742735103978727e-15
-1.202705749504835707e-15
