# bin_4_4
1.447800308273214315e-08
1.475290069854641000e-08
1.506846283703181553e-08
1.542941304874271412e-08
1.584074651347206858e-08
1.630799657417558184e-08
1.683720268331317359e-08
1.743508284403262416e-08
1.810815041117016499e-08
1.886124981271402029e-08
1.969719332758630273e-08
2.061807984921588857e-08
2.162776941246914831e-08
2.272939106124367845e-08
2.392375527900347543e-08
2.521246718984655096e-08
2.659588518425722285e-08
2.806983189610947203e-08
2.962408703863174241e-08
3.123268132174954140e-08
3.285528922571982946e-08
3.444419118383616489e-08
3.596842905812873712e-08
3.742734591556608757e-08
3.880231610726222439e-08
4.000777484366105872e-08
4.094555498115549084e-08
4.159827228663980104e-08
4.194596825011663363e-08
4.192049301965878352e-08
4.146047465732390540e-08
4.056334399237121873e-08
3.922611865706750619e-08
3.743106134347343744e-08
3.523915073050836204e-08
3.269117250359203688e-08
2.987962365985306131e-08
2.690097704389252578e-08
2.387216306969888623e-08
2.090147891344377786e-08
1.808882705783291667e-08
1.550438496924712356e-08
1.318373892487831085e-08
1.112837555109040625e-08
9.316066508560068838e-09
7.720677953225596617e-09
6.329173748952785135e-09
5.143228027726355476e-09
4.162929133331424285e-09
3.369883017954531404e-09
2.728593615637020949e-09
2.207111805951666247e-09
1.787012367243538508e-09
1.451707461271639853e-09
1.183138549329732720e-09
9.675387305277946658e-10
7.938541389837158079e-10
6.529380169785740141e-10
5.377490698451117976e-10
4.427953321213373973e-10
3.639151306438300215e-10
2.979804431913209483e-10
2.426606116226692947e-10
1.962152099186878190e-10
1.573242536663553745e-10
1.249522288422384136e-10
9.824570212412325612e-11
7.646126156253027386e-11
5.892169772955872680e-11
4.499485424931566990e-11
3.408948613959376192e-11
2.566132470024561836e-11
1.922278063125599057e-11
1.435116284408382335e-11
1.069236827673328934e-11
7.959098350748686241e-12
5.924529605152073212e-12
4.413323612195447775e-12
3.291824254898226770e-12
2.459104592769894290e-12
1.839573326499985722e-12
1.377296008289872945e-12
1.031491036623960068e-12
7.725580891333817139e-13
5.786641942079176528e-13
4.334491809044894933e-13
3.248043804228844594e-13
2.434819818251740827e-13
1.826763094004564785e-13
1.372363236453508656e-13
1.033035633036212357e-13
7.799765231686631828e-14
5.916627125973549283e-14
4.519343717778084977e-14
3.486641835870740581e-14
2.728018875515158739e-14
2.175947721142646052e-14
1.779665529015184154e-14
1.501067779422317316e-14
1.310778097241734197e-14
