# bin_2_1
7.805191110288590693e-09
7.921332504428576473e-09
8.052944326845723091e-09
8.201144195932949556e-09
8.366919998829282069e-09
8.551262878159253173e-09
8.755148105207464798e-09
8.979665671684723527e-09
9.225375932767327889e-09
9.491489675774555969e-09
9.775550009726166470e-09
1.007469665987146355e-08
1.038737584601261110e-08
1.071170060104914535e-08
1.104387537037807611e-08
1.137957979120581779e-08
1.171276210035488596e-08
1.203063812147868836e-08
1.231326258283387161e-08
1.253465119766233868e-08
1.267285876507360397e-08
1.272674098090404147e-08
1.270961276540300377e-08
1.261087819660496170e-08
1.238482385634432540e-08
1.201260341430302224e-08
1.152945730372697018e-08
1.094331815498832803e-08
1.024854955954965707e-08
9.457363626503103413e-09
8.617086594181037322e-09
7.741328774485619191e-09
6.858691205435214785e-09
6.006489309799831012e-09
5.199050182437811825e-09
4.460484674971975254e-09
3.794846226184818372e-09
3.205266574453124200e-09
2.685936523907224576e-09
2.231599266121972025e-09
1.839567502957166468e-09
1.507166507558687514e-09
1.230474028719661056e-09
1.004723856346389195e-09
8.221758188330691571e-10
6.727534905688218264e-10
5.515678368137393471e-10
4.549961130278089375e-10
3.761604395451398098e-10
3.119929793195423206e-10
2.596893518386815287e-10
2.165287694456014022e-10
1.805534557560009166e-10
1.503312542215360799e-10
1.247168313029876727e-10
1.028990079932674193e-10
8.427242096310371729e-11
6.839877044949279331e-11
5.494818198820667817e-11
4.365558454041928382e-11
3.428985235615363476e-11
2.663333575318888553e-11
2.047062745696520985e-11
1.558770208600752536e-11
1.177608584740256178e-11
8.840198100708270117e-12
6.604224252076304858e-12
4.916519855719047643e-12
3.651307257814155675e-12
2.707552687406252372e-12
2.006081403834640764e-12
1.485976359796616254e-12
1.100937013615427453e-12
8.160587480699332200e-13
6.052465891166512201e-13
4.491031022787682819e-13
3.332985875128273539e-13
2.473698244396665556e-13
1.836526820292845002e-13
1.363751040048224705e-13
1.012839427531804192e-13
7.524568659580373486e-14
5.597849433206751272e-14
4.169811816101222801e-14
3.112334057288073749e-14
2.331839944064819095e-14
1.756038801740419257e-14
1.332227013687701505e-14
1.022350184654818946e-14
7.976682063638506247e-15
6.364138895445133216e-15
5.220766017458135307e-15
4.429677809546465157e-15
3.898320177799291634e-15
3.557537495975059962e-15
3.353233124897000097e-15
3.242610853715350954e-15
3.188778635612673524e-15
3.168608847976598835e-15
3.162367725644647040e-15
