# bin_4_3
1.447263402678067619e-08
1.473422519813261208e-08
1.503388850441633054e-08
1.537588247658201602e-08
1.576468256331532462e-08
1.620515548424277855e-08
1.670258779334942986e-08
1.726276540247544564e-08
1.789129303196518903e-08
1.859261826907344294e-08
1.936951379593293947e-08
2.022459776529905692e-08
2.116205829675772817e-08
2.218554523957547857e-08
2.329596191811487993e-08
2.449242788379845766e-08
2.577063602237139684e-08
2.711562407550577291e-08
2.850187891295003410e-08
2.989450484326024073e-08
3.126185388248529462e-08
3.259323514740076436e-08
3.388421124577379483e-08
3.509063487133348423e-08
3.612409921369278218e-08
3.692953188630904432e-08
3.750326376323839597e-08
3.779541712812443951e-08
3.774178939451569702e-08
3.730317646435242478e-08
3.648345393416946190e-08
3.524971371116122515e-08
3.361608261018167144e-08
3.161852337239748295e-08
2.930048092760549569e-08
2.674456496305261399e-08
2.403897519264592736e-08
2.129089397770530981e-08
1.860419882997406363e-08
1.606964073010868335e-08
1.375290921065906755e-08
1.168436064118507760e-08
9.859885880921187008e-09
8.252830505390936313e-09
6.834153359525672403e-09
5.592426734494415138e-09
4.536806340384459489e-09
3.674043421120309222e-09
2.982306106392680293e-09
2.420268387979070814e-09
1.960688961339179871e-09
1.592612788094060233e-09
1.299134228385695683e-09
1.063144775888167588e-09
8.734313988617663729e-10
7.200692129708605007e-10
5.950757389802061665e-10
4.923325750492558020e-10
4.071084621897252547e-10
3.358203884764681056e-10
2.758041700529563970e-10
2.250943005351403572e-10
1.822406373115081875e-10
1.461550662763152869e-10
1.159873472616967379e-10
9.103017914637149760e-11
7.065238271165662136e-11
5.425898659912510632e-11
4.127515098182821605e-11
3.114788569919753910e-11
2.335849059715031281e-11
1.743805715374715209e-11
1.297988652229163776e-11
9.645372230747506359e-12
7.162620292009410847e-12
5.319430235728739150e-12
3.953420677136855835e-12
2.941777444366161861e-12
2.192253888769243114e-12
1.635729894947258793e-12
1.221212159105657530e-12
9.117900395619644853e-13
6.807792585608803287e-13
5.082962259506247041e-13
3.795590576480971582e-13
2.835067436185926955e-13
2.118706233549067594e-13
1.584591887513997644e-13
1.186705001404109798e-13
8.906235545488032106e-14
6.705931036483488252e-14
5.073451909356173939e-14
3.867037730011243393e-14
2.978770250346865807e-14
2.329104517152418080e-14
1.859107492146446513e-14
1.523693446969431132e-14
1.289780608327294085e-14
1.131942909732310581e-14
1.030871684327307519e-14
