# bin_3_2
1.247632362843165607e-08
1.268622942034116924e-08
1.292571872579510535e-08
1.319777041412809239e-08
1.350526181995810950e-08
1.385132528477272382e-08
1.423923284226820047e-08
1.467257549270294229e-08
1.515445010395988642e-08
1.568645685673851753e-08
1.626828098310622968e-08
1.689907460293433250e-08
1.757954021964569995e-08
1.830977355820174686e-08
1.908743666971101438e-08
1.990847682997171005e-08
2.076224043981488768e-08
2.163235801221119395e-08
2.249449234918922079e-08
2.330615324343149153e-08
2.403844751270314365e-08
2.467984763192878224e-08
2.523388247134016719e-08
2.567176420372595314e-08
2.590408792882615721e-08
2.589846361736470836e-08
2.567109509434424612e-08
2.520084694861016633e-08
2.445116614547450569e-08
2.342005618487105055e-08
2.215056773094245813e-08
2.064709525147273315e-08
1.895992609716525565e-08
1.715490430618773584e-08
1.528796182339595532e-08
1.343874387770455578e-08
1.166667169289375497e-08
1.002612262608762641e-08
8.546864890532926476e-09
7.235421663952059042e-09
6.081039574039324629e-09
5.064700763516225432e-09
4.174253940415498518e-09
3.408437759567203613e-09
2.768891163338171049e-09
2.249081571335630354e-09
1.831591215763107217e-09
1.493754152936549093e-09
1.218101357402655587e-09
9.969093348623772657e-10
8.201120820062082220e-10
6.771053048637000988e-10
5.611651600221227228e-10
4.664760029408980753e-10
3.883061516887396674e-10
3.231805891486549670e-10
2.683768801928327743e-10
2.219070810455328557e-10
1.823162707072071401e-10
1.485514841987255124e-10
1.198450125761847221e-10
9.561526786651348028e-11
7.538641007159716689e-11
5.873142080406556023e-11
4.523566839563999312e-11
3.448239624012443165e-11
2.605501916834680833e-11
1.954994021581529014e-11
1.459330735667514663e-11
1.085497266846874876e-11
8.056431858160533462e-12
5.972021673151815565e-12
4.424669877362338463e-12
3.278526999483475842e-12
2.430744693196019497e-12
1.803942878447502323e-12
1.340176757986059039e-12
9.964419542782137295e-13
7.411759762470593668e-13
5.512814459091671519e-13
4.099926911376075123e-13
3.049100946672731363e-13
2.268465929707896433e-13
1.688175046318748352e-13
1.257137996479885283e-13
9.371935381682360105e-14
6.999140090352808610e-14
5.240361470785427655e-14
3.939712352817928385e-14
2.980719278105832177e-14
2.276257500316623771e-14
1.761126220807092125e-14
1.388715424898190645e-14
1.122336570099570336e-14
9.354726262954338067e-15
8.084956251793146529e-15
7.256413561364146458e-15
6.753244917373802335e-15
6.480839329100263053e-15
6.360052018416550376e-15
