# bin_1_1
8.759550986684113830e-09
8.897801794922146026e-09
9.055001028694775681e-09
9.232447391464384366e-09
9.431324549283805788e-09
9.653159071636964357e-09
9.899677499069199207e-09
1.017281198933507844e-08
1.047392390711339319e-08
1.080148727010279759e-08
1.115019691057411164e-08
1.151338336680648780e-08
1.188581978488422241e-08
1.226051479988158472e-08
1.262638237645167790e-08
1.297427021777408412e-08
1.329655337373443620e-08
1.358763429146446706e-08
1.384164241970979589e-08
1.405703490835264081e-08
1.421935603729020112e-08
1.429896109123933546e-08
1.425662809442484282e-08
1.405417821588042702e-08
1.370953475634553717e-08
1.327815731220233715e-08
1.277207252260156552e-08
1.213104923451731427e-08
1.133606287534189973e-08
1.047911310414605295e-08
9.583050669519739553e-09
8.651916423965109929e-09
7.693367847051233893e-09
6.780275403742209202e-09
5.908734683995308299e-09
5.093910716960621767e-09
4.361562616733580051e-09
3.699354016324014082e-09
3.117912999982777856e-09
2.605584602666727549e-09
2.163201746626744925e-09
1.784932998795506620e-09
1.466330869417423509e-09
1.202264901451007199e-09
9.852761947645310862e-10
8.077698100367642229e-10
6.631264986862697714e-10
5.455339433543577479e-10
4.498613596401722923e-10
3.718751729457408663e-10
3.081225401749786435e-10
2.556916392648519560e-10
2.122503955098449641e-10
1.759864774497984378e-10
1.455221921106925380e-10
1.198083268358149831e-10
9.805348477065368233e-11
7.965894425991902875e-11
6.416378594901204672e-11
5.119861931409163182e-11
4.045188100161420426e-11
3.164607263871911254e-11
2.452171011437387043e-11
1.883343224211323367e-11
1.435110355052913199e-11
1.086180812720653768e-11
8.175237559352354430e-12
6.125880678436428283e-12
4.574598205051104989e-12
3.407542628453488488e-12
2.533758319702297273e-12
1.881950725618668179e-12
1.397042220111212476e-12
1.036949688862983381e-12
7.698000025254568397e-13
5.716438804119055861e-13
4.246210487477603941e-13
3.154909420949133169e-13
2.344588275352084826e-13
1.742757787032885618e-13
1.295724474077240762e-13
9.649805955284232550e-14
7.192450472901941381e-14
5.366387599787678852e-14
4.009274667959711329e-14
3.011070704661176775e-14
2.270451555000029977e-14
1.724230254260213627e-14
1.324156314044906851e-14
1.032241754791466104e-14
8.201051559251439561e-15
6.685505808533386101e-15
5.622924992183407001e-15
4.892974683709651789e-15
4.402582281448790606e-15
4.087078800775520835e-15
3.893452707932415777e-15
3.781485879562508582e-15
3.720051157843202181e-15
3.687865682827539089e-15
