# bin_4_1
8.169883711035959864e-09
8.302332128266783635e-09
8.453080717742435754e-09
8.623667940667507649e-09
8.815537365127824724e-09
9.030243478469728095e-09
9.269402829068242928e-09
9.534833771550432068e-09
9.827772016779178902e-09
1.014758336567259071e-08
1.049150076438931572e-08
1.085577563814444729e-08
1.123795131216818462e-08
1.163480515499677099e-08
1.204119093064296343e-08
1.245312091143989751e-08
1.286656421939291566e-08
1.327485515609547978e-08
1.366899542033897170e-08
1.402872147175086720e-08
1.432408430449280353e-08
1.452033043072367478e-08
1.459944920340708728e-08
1.457859451275479003e-08
1.447247602182117678e-08
1.424375709546770738e-08
1.384056211998724855e-08
1.329016026275389670e-08
1.263251905755568385e-08
1.186575778569857898e-08
1.098960621670730766e-08
1.004927736451901434e-08
9.089434259225402913e-09
8.112940169067695525e-09
7.175994510729147903e-09
6.286597926468996610e-09
5.467213609462041782e-09
4.717963256636968341e-09
4.039013741778934839e-09
3.423064136955482969e-09
2.871994066356148075e-09
2.388453247398991527e-09
1.975673466340891713e-09
1.633988597700341973e-09
1.353154568361485606e-09
1.115923835158660098e-09
9.164709320889787179e-10
7.537074789218953055e-10
6.185739927568228463e-10
5.083156657939926601e-10
4.192718107980584150e-10
3.460158656562150416e-10
2.856436233171100141e-10
2.357981190982450257e-10
1.944286360016984429e-10
1.598786743153720872e-10
1.309440119215118349e-10
1.066609059903112749e-10
8.630975836590731147e-11
6.932084953932278533e-11
5.523544042570638821e-11
4.366104981782643319e-11
3.424827176717461902e-11
2.667530048290222190e-11
2.064480739530733539e-11
1.588628879108203603e-11
1.216061781538037768e-11
9.262799228377247607e-12
7.022198771135903929e-12
5.299759190560891346e-12
3.983489208264654694e-12
2.983718097670530397e-12
2.228826805676576710e-12
1.661795760134129783e-12
1.237609308400426869e-12
9.211174674498069481e-13
6.852964565950372002e-13
5.098579246590695378e-13
3.795128687698794519e-13
2.827350168538824849e-13
2.108825295791081916e-13
1.574373169301720075e-13
1.176174571908749100e-13
8.793954797492836717e-14
6.584171510274013420e-14
4.933715723025885692e-14
3.710064737851461393e-14
2.797572060715586300e-14
2.122285422939584826e-14
1.623665917243192801e-14
1.256650000145107589e-14
9.884420118773821992e-15
7.947547824726714062e-15
6.564808627080767095e-15
5.594559838215438826e-15
4.929137223773325206e-15
4.485418833960682497e-15
4.194942109686169732e-15
4.009624511388850995e-15
3.887440775741466709e-15
