# bin_3_3
1.449300284522982929e-08
1.475035862336999625e-08
1.504488223597725350e-08
1.538060852473965177e-08
1.576173831426710210e-08
1.619281458018375215e-08
1.667874535364594815e-08
1.722488184686370495e-08
1.783629683669374224e-08
1.851675405543995809e-08
1.926816800599594920e-08
2.009220839456620335e-08
2.099214108268999229e-08
2.197062155043258863e-08
2.302746060960455249e-08
2.416066548920730934e-08
2.536477552337321117e-08
2.662321517241499433e-08
2.790834318965688503e-08
2.918268904170245695e-08
3.041280289410679553e-08
3.158869258274509558e-08
3.270827632539714922e-08
3.372772926557014628e-08
3.455675141911253729e-08
3.514243446684028055e-08
3.548804778151020239e-08
3.554872643048773501e-08
3.526543532629124086e-08
3.460772588949593606e-08
3.359146891212040462e-08
3.219372092502079309e-08
3.044096147579207006e-08
2.838074881679679618e-08
2.606490782997840764e-08
2.358145014404963814e-08
2.101736216508560153e-08
1.847236834074675966e-08
1.603567116099531717e-08
1.377768840114031409e-08
1.174133213234163603e-08
9.936920249146040373e-09
8.348810597220736033e-09
6.950479456378230059e-09
5.722392479073061002e-09
4.662822972195441187e-09
3.779660948846409831e-09
3.066702169543424133e-09
2.492744269530407512e-09
2.023603028049456392e-09
1.643262546036593001e-09
1.340238969851250880e-09
1.096852719043841365e-09
9.010143239023945105e-10
7.428936141519439135e-10
6.142543472160510268e-10
5.087192308557195427e-10
4.213399399070970772e-10
3.483523457788758958e-10
2.869384204193973588e-10
2.350155628315377770e-10
1.910529354782541909e-10
1.539135880634475366e-10
1.227261584212004110e-10
9.678344248592718357e-11
7.546834695829892485e-11
5.820658931587738680e-11
4.444334229911163796e-11
3.363997564278035158e-11
2.528369815686482314e-11
1.890281954333931044e-11
1.408090466733667183e-11
1.046540965120109547e-11
7.769188129789597148e-12
5.765700486568235806e-12
4.280327088654962778e-12
3.180439079248673062e-12
2.366153853581977376e-12
1.762721255407469799e-12
1.314386503131773467e-12
9.803607427659982825e-13
7.311930361567129830e-13
5.453907735512930252e-13
4.068183622347977784e-13
3.035144639819332831e-13
2.265347633503316912e-13
1.691988309548267354e-13
1.265072266312945250e-13
9.475393501555514281e-14
7.116858350723378570e-14
5.367940612840286217e-14
4.073734236766808514e-14
3.120832486594589920e-14
2.422515912231750171e-14
1.915104902989568541e-14
1.551472878428992874e-14
1.295306802175998263e-14
1.120003634021213922e-14
1.004914718134231085e-14
9.342209443771076297e-15
