# bin_2_2
1.131549963698765854e-08
1.149901779138407183e-08
1.170796555256967243e-08
1.194471025719694270e-08
1.221144720604960649e-08
1.251052988889972689e-08
1.284443186303954142e-08
1.321580318409642618e-08
1.362671908652224003e-08
1.407771161774105821e-08
1.456722540052182827e-08
1.509320078127793088e-08
1.565508067160193117e-08
1.625181785312496052e-08
1.688005918190319927e-08
1.753562033243128555e-08
1.820795437050033922e-08
1.888131501926886792e-08
1.953298802822675399e-08
2.012213211128677743e-08
2.061963694857176473e-08
2.101516120733673305e-08
2.131743930478227289e-08
2.151057399637579058e-08
2.151441861131937546e-08
2.129612431503461230e-08
2.088463553414555513e-08
2.027316426761082996e-08
1.943929460448846481e-08
1.838540610603758229e-08
1.716542282069434596e-08
1.579418276499108047e-08
1.431666005883018621e-08
1.279803686081072040e-08
1.128025827675219679e-08
9.824360585093879413e-09
8.464932002916870311e-09
7.231855009624918867e-09
6.132807491832091968e-09
5.162767988495842665e-09
4.310059120896284638e-09
3.563495039828588097e-09
2.919825216037695723e-09
2.379637861844230034e-09
1.937755437256546818e-09
1.579425944741016392e-09
1.288565357007637156e-09
1.052983995065316589e-09
8.627200675359781541e-10
7.098556593926161336e-10
5.864315993776434764e-10
4.861839529459280522e-10
4.042588490963206422e-10
3.366522286647758894e-10
2.803268319383834548e-10
2.329536648199903995e-10
1.928015211871492662e-10
1.586012263987343206e-10
1.294328223034759195e-10
1.046231236501712602e-10
8.366167437962030758e-11
6.613420309026216652e-11
5.167142639489152360e-11
3.991888124850540899e-11
3.052267758820265598e-11
2.313039780093893281e-11
1.740091319744522344e-11
1.301735347419809247e-11
9.698669909142834433e-12
7.206241904374772956e-12
5.345134955742382218e-12
3.961010640775446067e-12
2.934472636859035619e-12
2.174549149045427285e-12
1.612537874399090745e-12
1.196839367878510715e-12
8.889751283644924449e-13
6.605839397177880993e-13
4.909866870375577894e-13
3.649534155277620792e-13
2.712768114531941086e-13
2.016589590390630924e-13
1.499953539078160703e-13
1.116274553226276110e-13
8.314975919117509212e-14
6.204870812457584486e-14
4.641770582917792867e-14
3.485263451174796911e-14
2.632452391302814960e-14
2.006287026099664302e-14
1.548979018734572323e-14
1.217136615439292214e-14
9.795671468686510118e-15
8.123757400338111867e-15
6.978463931135720169e-15
6.223082660346834979e-15
5.753633946081779607e-15
5.485995430020556568e-15
5.356059850846950781e-15
5.305758950585156360e-15
