# bin_3_1
8.521117456951393483e-09
8.651408458049701029e-09
8.799305245285732688e-09
8.966204652346958465e-09
9.153401671464361607e-09
9.362220370658547595e-09
9.594015580410526514e-09
9.850242316729509517e-09
1.013188049620409724e-08
1.043859156693923259e-08
1.076834399838805959e-08
1.111874562156649626e-08
1.148864870661631334e-08
1.187646383381514068e-08
1.227849465853964606e-08
1.269006251090939216e-08
1.310443198632882352e-08
1.350720890681243969e-08
1.387689952846553333e-08
1.418642650607462159e-08
1.441423461143097389e-08
1.455966736000667520e-08
1.463171256892007414e-08
1.461172868842085774e-08
1.445006286588144064e-08
1.413044982665555535e-08
1.368447236166710742e-08
1.311145455385529284e-08
1.240334780299458273e-08
1.157338568534377171e-08
1.066777062754543829e-08
9.697683992405279659e-09
8.699926661791261864e-09
7.712756646215055109e-09
6.759096826229733204e-09
5.868659154240731678e-09
5.051848212383769680e-09
4.314947314519650848e-09
3.654388098160807383e-09
3.065606163734754774e-09
2.547735468178727393e-09
2.101444403368014229e-09
1.726257979974394510e-09
1.418710203799714338e-09
1.167260426102643017e-09
9.558938114144464935e-10
7.804340819884967394e-10
6.406441805439496086e-10
5.272565133302555757e-10
4.351488064942041623e-10
3.600433721200091594e-10
2.983358114943835370e-10
2.476907159141794164e-10
2.055484454332705658e-10
1.702706129268704699e-10
1.405645432091759042e-10
1.154288938444911471e-10
9.414142453870303357e-11
7.615428904095836911e-11
6.104202281664485912e-11
4.845643139883301754e-11
3.809181715476808707e-11
2.966355854481165667e-11
2.289954657434640185e-11
1.753988092323856080e-11
1.334230507512898313e-11
1.008859888235600955e-11
7.588967543784547029e-12
5.683636530110275595e-12
4.241449632974991722e-12
3.156633017005228071e-12
2.345037749536405036e-12
1.740464761938711466e-12
1.291418080801738858e-12
9.583955062686495973e-13
7.114702611262186474e-13
5.282629091039218223e-13
3.923555036242353423e-13
2.916263574675402978e-13
2.168930320173069339e-13
1.613768651793395046e-13
1.200989319149837949e-13
8.945808350341341939e-14
6.668272233502318241e-14
4.977457182662362899e-14
3.723793759822156025e-14
2.795698369209978707e-14
2.109249899704112441e-14
1.603684560392588330e-14
1.233325259665860383e-14
9.637642316860095883e-15
7.690776548668804063e-15
6.310465365448842344e-15
5.346586216456809808e-15
4.691697973517835734e-15
4.265684879565122513e-15
4.000756132204875557e-15
3.843329745119150460e-15
3.755920555274207656e-15
3.706381428444319582e-15
