# bin_3
0.000000000000000000e+00
2.737086089712166635e-04
5.474172179430943650e-04
8.211258269052401594e-04
1.361268576101446392e-03
2.167845464398872497e-03
2.974422355823122272e-03
3.780999240970939115e-03
4.587576133931166832e-03
6.066010199866091711e-03
8.216301438443823421e-03
1.036659269114055884e-02
1.251688392597125749e-02
1.466717517544986402e-02
1.981572857628207535e-02
2.796254414557308027e-02
3.610935970747058271e-02
4.425617527600725354e-02
5.240299084188105444e-02
7.151426871621809067e-02
1.015900089049759508e-01
1.316657490903535010e-01
1.617414892823567096e-01
1.918172294660324961e-01
2.035711168272397731e-01
1.970031513639672327e-01
1.904351858940511732e-01
1.838672204260510812e-01
1.772992549621336400e-01
1.612276001419575555e-01
1.356522559620993440e-01
1.100769117888537180e-01
8.450156761671974437e-02
5.892622343458748385e-02
4.591602563341767168e-02
4.547097419840655935e-02
4.502592276441394481e-02
4.458087132985584511e-02
4.413581989014971757e-02
4.316471503158491457e-02
4.166755673535636056e-02
4.017039843757223838e-02
3.867324014843201430e-02
3.717608184798035231e-02
4.910900680192675782e-02
7.447201500615337200e-02
9.983502319960545213e-02
1.251980314025380459e-01
1.505610396050639788e-01
2.571598272578118904e-01
4.449943943763887133e-01
6.328289614906683624e-01
8.206635286041088495e-01
1.008498095721335419e+00
1.562918635041454563e+00
2.483925146564935460e+00
3.404931658089401569e+00
4.325938169613973372e+00
5.246944681138606903e+00
5.741612342233890942e+00
5.809941152896136884e+00
5.878269963561095324e+00
5.946598774224672646e+00
6.014927584888793533e+00
5.987012550618919349e+00
5.862853671416769608e+00
5.738694792213173912e+00
5.614535913010839430e+00
5.490377033808904628e+00
4.960238469141042827e+00
4.024120219007063071e+00
3.088001968874830805e+00
2.151883718743057727e+00
1.215765468610549904e+00
6.809765082304402029e-01
5.475168376081427368e-01
4.140571669809230970e-01
2.805974963591202354e-01
1.471378257328521677e-01
7.624670715418827016e-02
6.792414062373344774e-02
5.960157409335164330e-02
5.127900755504708613e-02
4.295644102487214400e-02
3.850022192737503207e-02
3.791035025831179794e-02
3.732047859190305156e-02
3.673060691931132743e-02
3.614073525181306368e-02
3.467838538307007473e-02
3.234355731134623546e-02
3.000872924751514514e-02
2.767390117524555146e-02
2.533907310775516952e-02
2.288417928998742745e-02
2.030921973446372930e-02
1.773426017399619067e-02
1.515930061543391272e-02
1.258434105532882721e-02
1.128714179317106756e-02
1.126770284858892406e-02
1.124826389884026924e-02
1.122882495033029025e-02
1.120938600052523437e-02
1.022964790453329172e-02
8.289610671295600045e-03
6.349573436011951219e-03
4.409536193683873118e-03
2.469498956985300558e-03
1.593274161798574314e-03
1.780861800930241086e-03
1.968449442856374555e-03
2.156037082742483842e-03
2.343624719532990796e-03
2.418990654218097433e-03
2.382134880343363906e-03
2.345279111932046124e-03
2.308423334815066282e-03
2.271567557276799737e-03
2.100585903656330619e-03
1.795478360997929341e-03
1.490370820287176268e-03
1.185263285104549329e-03
8.801557408143612224e-04
7.467555415001580696e-04
7.850626754106962294e-04
8.233698092591466844e-04
8.616769489125795023e-04
8.999840804235025417e-04
8.595527793710687394e-04
7.403830163777267055e-04
6.212132628262633741e-04
5.020435082632953606e-04
3.828737519415406003e-04
3.201224096661198703e-04
3.137894700450541766e-04
3.074565254491336990e-04
3.011235909298088124e-04
2.947906521553072027e-04
3.067227145187931942e-04
3.369197793599271033e-04
3.671168519523055371e-04
3.973139141129405027e-04
4.275109867336941878e-04
4.204896630656160500e-04
3.762499502401027451e-04
3.320102297789469421e-04
2.877705132785680496e-04
2.435307961506534276e-04
2.164599553684612443e-04
2.065579805480527009e-04
1.966560096499384502e-04
1.867540332077890250e-04
1.768520611779898864e-04
1.677771402835328944e-04
1.595292686397061530e-04
1.512814048127262992e-04
1.430335303335342060e-04
1.347856654529576892e-04
1.330449541459963929e-04
1.378113956430517125e-04
1.425778398729315511e-04
1.473442806929830618e-04
1.521107221725927011e-04
1.981437317789390298e-04
2.854433128323363949e-04
3.727428898358257003e-04
4.600424691499623931e-04
5.473420439900236788e-04
5.545870986229672634e-04
4.817776299292814992e-04
4.089681585128545401e-04
3.361586877576713730e-04
2.633492187902621278e-04
2.730430835249527907e-04
3.652402730391251834e-04
4.574374655386925477e-04
5.496346592322791337e-04
6.418318469447039732e-04
6.430899679573069813e-04
5.534090127082467135e-04
4.637280643535086899e-04
3.740471094322222545e-04
2.843661520252853533e-04
2.599659604900306318e-04
3.008465196417409453e-04
3.417270889975998743e-04
3.826076462788073032e-04
4.234882123038533389e-04
4.130288490436157586e-04
3.512295656506548365e-04
2.894302774964498896e-04
2.276309867767431765e-04
1.658317034092035970e-04
1.277316864067630400e-04
1.133309348673991929e-04
9.893018697453958687e-05
8.452944314981472595e-05
7.012869346841778414e-05
5.713731928239641181e-05
4.555530299143427657e-05
3.397329184841156878e-05
2.239128073454604574e-05
1.080926164632126689e-05
1.607902224179689137e-05
3.820054693079679478e-05
6.032206869293940107e-05
8.244360001542116101e-05
1.045651247895306503e-04
1.054551730819715651e-04
8.511374166137422495e-05
6.477230760119438962e-05
4.443087866791583141e-05
2.408944551094516790e-05
2.755108483417115253e-05
5.481579686423758261e-05
8.208050075245791849e-05
1.093452046411314780e-04
1.366099117356623293e-04
1.719742887559021953e-04
2.154383395173474567e-04
2.589023830637146822e-04
3.023664319889983769e-04
3.458304855851015752e-04
3.762164701953528314e-04
3.935243938604115381e-04
4.108323201836001459e-04
4.281402498239805982e-04
4.454481672428354470e-04
4.319009179960936733e-04
3.874984920151824030e-04
3.430960644548768567e-04
2.986936325909952060e-04
2.542912010974449251e-04
2.198704328522294764e-04
1.954313093501171164e-04
1.709921923465624162e-04
1.465530727552878827e-04
1.221139537106423077e-04
9.907836305685274508e-05
7.744629283974202875e-05
5.581422880394487076e-05
3.418216027048149626e-05
1.255008946904238568e-05
1.560651931122383296e-06
1.213838021920208008e-06
8.670279180233745825e-07
5.202178501142224642e-07
1.734066696905633328e-07
9.397569846275428558e-06
2.819271430855903253e-05
4.698785713528317622e-05
6.578299907604031010e-05
8.457813914569316607e-05
1.057942301534303144e-04
1.294312683939399138e-04
1.530682956212333224e-04
1.767053295297980984e-04
2.003423680231284114e-04
2.232877800692249727e-04
2.455415694198516017e-04
2.677953595975031214e-04
2.900491560850932153e-04
3.123029469956885512e-04
3.129418676765043333e-04
2.919659234940282519e-04
2.709899789429001758e-04
2.500140298362084367e-04
2.290380892316776413e-04
2.182413104963430055e-04
2.176236953451658187e-04
2.170060792251611830e-04
2.163884673562432262e-04
2.157708496615743364e-04
2.179775094784677455e-04
2.230084333719933648e-04
2.280393616886994474e-04
2.330702921889922562e-04
2.381012178958273064e-04
2.165550131326179884e-04
1.684316752818052463e-04
1.203083409625120093e-04
7.218500084128930583e-05
2.406166324452116203e-05
-6.971565401210727783e-13
3.854716330174725041e-12
-7.309974829020483256e-12
-4.546955108126096668e-13
1.975865019390854033e-12
-2.895902290742636371e-12
9.155319486376079971e-12
8.087520828520479805e-12
5.690152826438845494e-12
-7.205388613873523172e-12
1.276976766772726962e-12
3.334338369327411422e-12
-7.420825826137393950e-12
-1.816322976684320047e-12
-1.981952377737474477e-12
-2.625511224086069919e-13
