# bin_6
0.000000000000000000e+00
2.977800543927929347e-04
5.955601086961068808e-04
8.933401635528077532e-04
1.374371848196662312e-03
2.038655168324035594e-03
2.702938478265343343e-03
3.367221807191767089e-03
4.031505121509667243e-03
4.584618376170923777e-03
5.026561646840450696e-03
5.468504887101838935e-03
5.910448075481641340e-03
6.352391347021420914e-03
6.374204952135855036e-03
5.975888968901362300e-03
5.577572917836616864e-03
5.179256883864951852e-03
4.780940885458109628e-03
5.019170026136623997e-03
5.893944374416856813e-03
6.768718652977875720e-03
7.643492962671855420e-03
8.518267292923546036e-03
8.365619138958141354e-03
7.185548781859779112e-03
6.005478122768605903e-03
4.825407797730698646e-03
3.645337284366888340e-03
3.269048161894134476e-03
3.696540672489805057e-03
4.124033001037769736e-03
4.551525512628165453e-03
4.979017873238661580e-03
5.168910885780806860e-03
5.121204636237865204e-03
5.073498330279321324e-03
5.025791995701798728e-03
4.978085713007413676e-03
4.933456237982655410e-03
4.891903794093759895e-03
4.850351269953958634e-03
4.808798674843972783e-03
4.767246195047508683e-03
4.619653918940961994e-03
4.366021879261123423e-03
4.112389816529924552e-03
3.858757689968735343e-03
3.605125652908710426e-03
3.993991904619464961e-03
5.025356450574450067e-03
6.056721011602204593e-03
7.088085511731762045e-03
8.119450000584079938e-03
8.842983448422291060e-03
9.258685677245822795e-03
9.674387876808399761e-03
1.009009012004234186e-02
1.050579231268913491e-02
1.551627990538513580e-02
2.512155270825553247e-02
3.472682548614375309e-02
4.433209827963210253e-02
5.393737117262383668e-02
6.394394714723423967e-02
7.435182622078793935e-02
8.475970541340265008e-02
9.516758456130477994e-02
1.055754636307279781e-01
1.046968589022949647e-01
9.253177018570540868e-02
8.036668150815790002e-02
6.820159278983083107e-02
5.603650411116742336e-02
6.128143623486548980e-02
8.393638924681359748e-02
1.065913423441816194e-01
1.292462953066845222e-01
1.519012483110178668e-01
2.271600367448003699e-01
3.550226606316868594e-01
4.828852845458730947e-01
6.107479083878675219e-01
7.386105322665964534e-01
8.412273911007910332e-01
9.185984848936908920e-01
9.959695786967773801e-01
1.073340672510800564e+00
1.150711766307155770e+00
1.403988010505004436e+00
1.833169405158938448e+00
2.262350799796195577e+00
2.691532194447848969e+00
3.120713589096968832e+00
3.563084707897214098e+00
4.018645550863975124e+00
4.474206393800557180e+00
4.929767236770133287e+00
5.385328079691012348e+00
5.467656166501904558e+00
5.176751497039166594e+00
4.885846827628301803e+00
4.594942158193893178e+00
4.304037488760581454e+00
3.926992045510335316e+00
3.463805828420362332e+00
3.000619611339551795e+00
2.537433394254328345e+00
2.074247177174786128e+00
1.763214245282842318e+00
1.604334598605956286e+00
1.445454951907558350e+00
1.286575305229266331e+00
1.127695658521987054e+00
9.957186886290874117e-01
8.906443954652493167e-01
7.855701022652153975e-01
6.804958090972935691e-01
5.754215159176062633e-01
4.971637369066509438e-01
4.457224720079664415e-01
3.942812071633214344e-01
3.428399423007750801e-01
2.913986774194908258e-01
2.600811447647205510e-01
2.488873443684840314e-01
2.376935440445592795e-01
2.264997436686147780e-01
2.153059432936794138e-01
1.934197503794176376e-01
1.608411649877617700e-01
1.282625796365567117e-01
9.568399426527460228e-02
6.310540881936514690e-02
4.720901567839987101e-02
4.799481470040530690e-02
4.878061372734529555e-02
4.956641274810811432e-02
5.035221179178606815e-02
5.413547602316792773e-02
6.091620542816356815e-02
6.769693485572056413e-02
7.447766427257788979e-02
8.125839367887675857e-02
8.798524203669658150e-02
9.465820934843349743e-02
1.013311766498108668e-01
1.080041439750926147e-01
1.146771112774482709e-01
1.151418834349488135e-01
1.093984604498527136e-01
1.036550374565733956e-01
9.791161448123142375e-02
9.216819149814749201e-02
8.400244730949801841e-02
7.341438209167051865e-02
6.282631684325085120e-02
5.223825160880560953e-02
4.165018636938790098e-02
3.439915253309261400e-02
3.048515019308475557e-02
2.657114779364382756e-02
2.265714544786488760e-02
1.874314304046120067e-02
1.594884782411162827e-02
1.427425977094645346e-02
1.259967175067684339e-02
1.092508367678978777e-02
9.250495623133970710e-03
1.004185706965319766e-02
1.329916808158644777e-02
1.655647905006921855e-02
1.981379005292356263e-02
2.307110108549376842e-02
2.480700443442044115e-02
2.502150008478464319e-02
2.523599568755539868e-02
2.545049135365204385e-02
2.566498698071112070e-02
2.460049891330918018e-02
2.225702722485954979e-02
1.991355540969454857e-02
1.757008366912264641e-02
1.522661186035128428e-02
1.322646680087969859e-02
1.156964843326666222e-02
9.912830063490264340e-03
8.256011650207751087e-03
6.599193287326445348e-03
5.640821349789555683e-03
5.380895755613642958e-03
5.120970183833579298e-03
4.861044575751711193e-03
4.601119015555820389e-03
4.390542806419170906e-03
4.229315922167764877e-03
4.068089087253977040e-03
3.906862239882469452e-03
3.745635369631025637e-03
4.108789379464278420e-03
4.996324224731606492e-03
5.883859111502837309e-03
6.771393979999210805e-03
7.658928858118877782e-03
7.767585977791852288e-03
7.097365285738457645e-03
6.427144554601724007e-03
5.756923863610291514e-03
5.086703202080791048e-03
4.522448966577872521e-03
4.064161170769709300e-03
3.605873400243234279e-03
3.147585584058153023e-03
2.689297837379459391e-03
2.322714610742563322e-03
2.047835986443175427e-03
1.772957336773938299e-03
1.498078701438137952e-03
1.223200082198696442e-03
1.212120338647105274e-03
1.464839499240221544e-03
1.717558665974410707e-03
1.970277822729436541e-03
2.222996976982613386e-03
2.269061701354875386e-03
2.108471943434495240e-03
1.947882215555101718e-03
1.787292469426202991e-03
1.626702708503282571e-03
1.558315173244475844e-03
1.582129816971034920e-03
1.605944438037359197e-03
1.629759086129738696e-03
1.653573711420251030e-03
1.844092528190656661e-03
2.201315564770357780e-03
2.558538580037897879e-03
2.915761658877487512e-03
3.272984643190571599e-03
3.158553675993146150e-03
2.572468609944598798e-03
1.986383572092646245e-03
1.400298491948557319e-03
8.142134686243706915e-04
6.608018345883935434e-04
9.400636362871591257e-04
1.219325442905145121e-03
1.498587259864189204e-03
1.777849072001501949e-03
1.779306933591964617e-03
1.502960798597856480e-03
1.226614661653470948e-03
9.502685400123024421e-04
6.739224071913339038e-04
5.000033130930653120e-04
4.285113977042664013e-04
3.570194110743639252e-04
2.855274779812054433e-04
2.140355317108917123e-04
1.821354099393922906e-04
1.898271503385039855e-04
1.975188641261556560e-04
2.052106495539214419e-04
2.129023901154611506e-04
2.221784044711918769e-04
2.330387878738456465e-04
2.438991495602686602e-04
2.547595485420582032e-04
2.656198718791940921e-04
2.728229982085230939e-04
2.763688511567895072e-04
2.799146748641849112e-04
2.834604825380372781e-04
2.870062899216115895e-04
2.776552369110106360e-04
2.554072121146099775e-04
2.331592579223374674e-04
2.109112755574555297e-04
1.886632652560470190e-04
1.857577927257297759e-04
2.021948352903605293e-04
2.186318882597096023e-04
2.350689233653626385e-04
2.515059633861229499e-04
2.485758245482224630e-04
2.262784602008597375e-04
2.039811012406698163e-04
1.816837797927491733e-04
1.593864321025115899e-04
1.811552650375540063e-04
2.469902388798064980e-04
3.128251995563196847e-04
3.786601961635704776e-04
4.444951623590281779e-04
9.611777133583987356e-04
1.928707799926581128e-03
2.896237892241209592e-03
3.863767982205717089e-03
4.831298086090449369e-03
4.785459812385758210e-03
