# bin_3_3
5.770591851360504604e-08
5.863268346363139933e-08
5.969082646317920735e-08
6.089450402207246535e-08
6.225824375050002553e-08
6.379778884855041854e-08
6.553021077385690994e-08
6.747444475313174340e-08
6.964873357831927681e-08
7.206762421355482657e-08
7.474077502477290638e-08
7.767201248927332163e-08
8.086117870827167474e-08
8.429715059852817644e-08
8.795051695072103870e-08
9.176789188664186876e-08
9.566553797097090649e-08
9.957697675338271931e-08
1.034547422319154102e-07
1.072772423995999750e-07
1.109616563418652842e-07
1.142653345225626484e-07
1.170044941327537255e-07
1.191323665764719645e-07
1.205430697076866389e-07
1.210239424024307137e-07
1.204193765245393688e-07
1.186898433538575815e-07
1.157486021454448465e-07
1.115361921698430053e-07
1.061438900488332746e-07
9.963072186632821980e-08
9.219514700071729454e-08
8.405574043441404706e-08
7.551198234204600821e-08
6.687197410705465770e-08
5.844932450341892476e-08
5.051189304463219580e-08
4.324849325074859228e-08
3.674916188372950033e-08
3.100837468368066036e-08
2.595860201581214295e-08
2.152325492403789880e-08
1.766266756338471849e-08
1.437966777030793869e-08
1.167671949679546842e-08
9.497623889394559508e-09
7.734461185224366943e-09
6.296437258646900455e-09
5.136956368396534963e-09
4.209843479301337824e-09
3.462779777490957469e-09
2.859491989051169647e-09
2.369386979269557346e-09
1.967830551850716518e-09
1.635744162429275295e-09
1.358455914654536063e-09
1.124918996018860952e-09
9.269610451198071590e-10
7.586080492360526182e-10
6.155001149386994954e-10
4.943913890401081578e-10
3.927432632753722085e-10
3.084110091380582331e-10
2.394264671246424989e-10
1.838762167121780562e-10
1.398636443597445504e-10
1.055329212685078893e-10
7.912822114831215545e-11
5.905759289022990225e-11
4.394080083798164814e-11
3.263054859588365982e-11
2.420685913004635913e-11
1.795219821359215019e-11
1.331738334808141340e-11
9.886706699947845312e-12
7.347687541035081514e-12
5.466267343378115847e-12
4.069176331252335671e-12
3.029740283545037180e-12
2.255894299389129189e-12
1.679679758455591506e-12
1.250939896444275544e-12
9.318668039837849491e-13
6.945460041096070772e-13
5.181570575662739724e-13
3.871092704377487321e-13
2.898529948017963818e-13
2.178030175906069288e-13
1.645029574224979190e-13
1.252225504429149580e-13
9.641873063842896364e-14
7.542701235198133785e-14
6.029728366103298420e-14
4.956385511626380882e-14
4.211180954249593927e-14
3.711504339045182944e-14
3.393078324896371102e-14
3.205683627297100277e-14
3.109165552712381319e-14
