# bin_4_4
8.537696069295456838e-08
8.683070244181328136e-08
8.849323182847719621e-08
9.038783662570424643e-08
9.253826739960006850e-08
9.497065772403744735e-08
9.771348498170470571e-08
1.007981480121318093e-07
1.042557043406946928e-07
1.081121781411365267e-07
1.123861174447192557e-07
1.170940811925466218e-07
1.222587130343269905e-07
1.278843516209690237e-07
1.339448944199570942e-07
1.403965672035531353e-07
1.471631541330425469e-07
1.540891367350901197e-07
1.610569095656415330e-07
1.679844033620629727e-07
1.748396172442886525e-07
1.815061191850050377e-07
1.875795821580913760e-07
1.927320697665089863e-07
1.968916140917084059e-07
1.998665027412638032e-07
2.013152835523910483e-07
2.009480342624997701e-07
1.986867797569205299e-07
1.943742632747210464e-07
1.878870256696514681e-07
1.793536036022338296e-07
1.688572171967305034e-07
1.567070375540922440e-07
1.432600655776078053e-07
1.290164211627547741e-07
1.145006280075420620e-07
1.002594261238025686e-07
8.676997845951251683e-08
7.437998570510406046e-08
6.326614944283745733e-08
5.343485651577195593e-08
4.477569988252753541e-08
3.715468015931426608e-08
3.049938177061514984e-08
2.481581958809418503e-08
2.012106309622925143e-08
1.633525888406200159e-08
1.327711535170011912e-08
1.078246755685350191e-08
8.769480672389877490e-09
7.163578604595263917e-09
5.872728030982559416e-09
4.833153091893501949e-09
3.991973480651417566e-09
3.305757815942327725e-09
2.741014301355844103e-09
2.271829770211140344e-09
1.878610384971714505e-09
1.546782405680449907e-09
1.265631493857435937e-09
1.027304380740296280e-09
8.259570373071290843e-10
6.570613892107974126e-10
5.168676937267005801e-10
4.020229590845952769e-10
3.093434965505281859e-10
2.357217232619189158e-10
1.781386300317344892e-10
1.337376086505755458e-10
9.991649970992113443e-11
7.440302888887276322e-11
5.529369830799587958e-11
4.105147882784901643e-11
3.047125661052610676e-11
2.262760000499029767e-11
1.681886996153152961e-11
1.251709999660490710e-11
9.326807725056288488e-12
6.954951201238687873e-12
5.187534065022666338e-12
3.869341217284559725e-12
2.886038399658443851e-12
2.153050703390786602e-12
1.606571715238499021e-12
1.199370627158493805e-12
8.961536126516094619e-13
6.704554703014325346e-13
5.026173053749508462e-13
3.780318962741916097e-13
2.856559786015353655e-13
2.174206826968624696e-13
1.672310624964072803e-13
1.305453146523983004e-13
1.039887602103682162e-13
8.504378021998053796e-14
7.180986024514617401e-14
6.285561764207348934e-14
5.708204472671952279e-14
5.363752197806325218e-14
