# bin_3_2
1.919135915454757507e-08
1.948112221682746767e-08
1.981139073899728604e-08
2.018638906860546118e-08
2.061037350329300821e-08
2.108791389417570284e-08
2.162394228962657153e-08
2.222378545549697875e-08
2.289250203025029145e-08
2.363356053003547292e-08
2.444710078041186299e-08
2.533089989595149337e-08
2.628178664487094651e-08
2.729272127256318053e-08
2.834575491289100514e-08
2.941791561190698236e-08
3.048913795323514577e-08
3.154380690421672266e-08
3.257435395684166434e-08
3.355815731616413551e-08
3.442622435409566361e-08
3.511963317061613095e-08
3.562103485164307236e-08
3.590683150006425149e-08
3.591628110305400781e-08
3.560154254047411762e-08
3.495186704723781799e-08
3.395247215586588449e-08
3.258418512649159095e-08
3.088110579635010958e-08
2.886705568327809648e-08
2.660366906772196983e-08
2.416068890172692699e-08
2.162765282143581185e-08
1.909396603970769476e-08
1.664790585845148482e-08
1.436038327878624245e-08
1.227786418094009825e-08
1.041864175439546537e-08
8.776856384497267490e-09
7.333419045620485424e-09
6.070063598439906279e-09
4.978287292637481002e-09
4.056967402265181065e-09
3.300597905805198320e-09
2.689146189888647168e-09
2.193698087925850357e-09
1.790820124818696551e-09
1.465925705861953547e-09
1.205224266928527733e-09
9.947722523255961262e-10
8.241873732791179596e-10
6.849978701335937382e-10
5.703804430302541078e-10
4.750774429955246231e-10
3.950669930973195842e-10
3.273415911440260240e-10
2.696922724961036349e-10
2.205151696890442949e-10
1.786425985527764242e-10
1.431993793302068209e-10
1.134863092488640945e-10
8.889275679710436818e-11
6.883941837040711457e-11
5.275041650028107673e-11
4.005008226516112265e-11
3.017667986999931489e-11
2.260333053180229460e-11
1.685794783780559037e-11
1.253605721401682408e-11
9.304804242166950711e-12
6.899225578817713729e-12
5.113578710141824165e-12
3.790721485506949388e-12
2.811789847437568937e-12
2.087494182267855654e-12
1.551032809639804437e-12
1.153003147023198750e-12
8.572429894207913329e-13
6.374027788137311348e-13
4.739456775812886340e-13
3.524954962418002467e-13
2.622412892201497380e-13
1.952262386049565270e-13
1.454848344997106705e-13
1.085887920031716097e-13
8.124973836656613490e-14
6.103364450778269015e-14
4.611042160121417532e-14
3.514077801507936751e-14
2.711351616769646654e-14
2.129248504935378635e-14
1.711382360311091896e-14
1.416577367433761792e-14
1.213942413462857864e-14
1.079620794656873268e-14
9.955716913359719695e-15
9.472474198822652617e-15
9.230557691376490764e-15
9.134794410755792912e-15
