# bin_2_1
8.925345211239351022e-09
9.045291578165210733e-09
9.181292231815982030e-09
9.334767900943188731e-09
9.507046824634643407e-09
9.699537211464507111e-09
9.913702859596584555e-09
1.015114784061465758e-08
1.041323091183403246e-08
1.070015329189507831e-08
1.101032839814098878e-08
1.134090288139978440e-08
1.168857009731041389e-08
1.204805140983323651e-08
1.240723086364551697e-08
1.275436043203758061e-08
1.307894628120726574e-08
1.337434376139800198e-08
1.363836855616197472e-08
1.385694429314054196e-08
1.399669580435593163e-08
1.403610057312904249e-08
1.397488221014736197e-08
1.380772882040980798e-08
1.351093957983893663e-08
1.307717484832571089e-08
1.251662760015431311e-08
1.183269363708773704e-08
1.103432841351098635e-08
1.015201274353758573e-08
9.206181932950034874e-09
8.234219200309203297e-09
7.266782881927938404e-09
6.336890323619976661e-09
5.468466278905958318e-09
4.677628498414235668e-09
3.970451350645840382e-09
3.344862498815625364e-09
2.795035555108812763e-09
2.315404524792102920e-09
1.902824045967319875e-09
1.555218395732846161e-09
1.268712172355568439e-09
1.035875945789077338e-09
8.471474812710218018e-10
6.939563367380540778e-10
5.700554405780722225e-10
4.701965196732032705e-10
3.894106243956695943e-10
3.236827857964025264e-10
2.698290497284210383e-10
2.252916717240323986e-10
1.880916035392420347e-10
1.567206083028044993e-10
1.300550029202958024e-10
1.072730683091049568e-10
8.778057670119694940e-11
7.114634844739585285e-11
5.704585954836509244e-11
4.521625814417965345e-11
3.542289287394999355e-11
2.743838558579141811e-11
2.103350310885608338e-11
1.597777043308000759e-11
1.204627252506395379e-11
9.028714129417141406e-12
6.737387601895051457e-12
5.011900625504515588e-12
3.720469810694754742e-12
2.758156271783386517e-12
2.043340178353593520e-12
1.513546916861824125e-12
1.121432956865244549e-12
8.313595385848658913e-13
6.166750142011064236e-13
4.576537865480149169e-13
3.397030131285095188e-13
2.521600060279457389e-13
1.871936867375928106e-13
1.390048628565954399e-13
1.032426214007411240e-13
7.674727166025829525e-14
5.710198565523135791e-14
4.255367362490946996e-14
3.179880354791934788e-14
2.385481417770824393e-14
1.800426642314549849e-14
1.371177908699943255e-14
1.057616154093553143e-14
8.306076278284704935e-15
6.682568497390844442e-15
5.539475939662809075e-15
4.756829502351503364e-15
4.239855528362024449e-15
3.916793495620312541e-15
3.731064474358483630e-15
3.636785112926686352e-15
3.597058150059969657e-15
3.584713507147254126e-15
3.582396824994382298e-15
