# bin_4_2
2.306361819778621122e-08
2.341807256869874278e-08
2.382240216927234360e-08
2.428192631021567062e-08
2.480205012422317072e-08
2.538859427021224142e-08
2.604785327299801299e-08
2.678663119309732186e-08
2.761146697396588801e-08
2.852708725306372161e-08
2.953436642967740996e-08
3.063143342418981901e-08
3.181529154645985240e-08
3.307838235624227424e-08
3.440033335600018606e-08
3.575476077665654099e-08
3.711844673335628687e-08
3.847305172046389388e-08
3.980921768124358124e-08
4.109951279929223876e-08
4.226176210365219112e-08
4.322484566835472043e-08
4.396529535163158163e-08
4.445143838358759142e-08
4.460732076823022939e-08
4.437114457168537984e-08
4.372370834895684962e-08
4.264058721826932796e-08
4.109221085302518496e-08
3.911183494183611043e-08
3.672206197920408659e-08
3.399197174925857585e-08
3.100335057874158300e-08
2.786515456705364239e-08
2.469045919404249190e-08
2.159485682671477047e-08
1.867588982417256261e-08
1.600221710720978365e-08
1.360622418579061356e-08
1.148638732754462516e-08
9.619749355334421386e-09
7.980864490512604268e-09
6.556542722060715255e-09
5.346185902824368557e-09
4.347451258647161560e-09
3.539430264237801755e-09
2.885514484679187842e-09
2.353238735240292538e-09
1.923277620552890569e-09
1.578719269272758272e-09
1.301064482539723606e-09
1.076427917606353560e-09
8.936851475308829808e-10
7.436767864514692365e-10
6.193631508479366324e-10
5.153148285227657109e-10
4.274543897083472011e-10
3.527743463118895632e-10
2.890883391444240655e-10
2.348118736132901401e-10
1.887737771792114849e-10
1.500604869447895456e-10
1.178959146701833686e-10
9.155858047805386084e-11
7.033641560740644433e-11
5.351482113025529957e-11
4.038927599275329466e-11
3.029048185850349894e-11
2.261095672573914297e-11
1.682411016055506289e-11
1.249237963262455175e-11
9.264885396666794827e-12
6.867800343956694860e-12
5.091339348758235113e-12
3.776530223369615696e-12
2.803764612712537755e-12
2.083415803514839482e-12
1.549054252746909272e-12
1.151982621132548152e-12
8.567596275735376727e-13
6.371912515866662549e-13
4.739905255410899013e-13
3.526707725272828969e-13
2.625521387891579545e-13
1.956329943211370190e-13
1.459702826073572842e-13
1.091487118272073384e-13
8.189749277350686399e-14
6.176008987327442093e-14
4.693513904456086346e-14
3.606484574767320099e-14
2.815854230114394356e-14
2.246002815620667494e-14
1.841641059436928885e-14
1.561385404553419959e-14
1.373436198446976382e-14
1.253843729158742004e-14
1.183415942002865528e-14
1.146874372834871019e-14
1.131566410560665751e-14
