# bin_5_1
3.752383935188203437e-08
3.805936500567340426e-08
3.866827422941221055e-08
3.935769441391147984e-08
4.013457511925554401e-08
4.100635177833013082e-08
4.198083227689841547e-08
4.306650774247836615e-08
4.427102573266190454e-08
4.559764164500714262e-08
4.704270656499643845e-08
4.859753817471824813e-08
5.025137809129091398e-08
5.198537930646150690e-08
5.375365590794521598e-08
5.551070818233541527e-08
5.721448509301569664e-08
5.883599486622574402e-08
6.036130698264859186e-08
6.172804743716976496e-08
6.279651859972295256e-08
6.346984964536442802e-08
6.372964986689494295e-08
6.353513729147413552e-08
6.277164643433716156e-08
6.138626720558997777e-08
5.939370117416557423e-08
5.678388807313414632e-08
5.357297101483572917e-08
4.986821496010671950e-08
4.574817921984496748e-08
4.137093687498394243e-08
3.688246398569317809e-08
3.245100038403593431e-08
2.821766347617870901e-08
2.429352578809451194e-08
2.074151677079243740e-08
1.757607823367701732e-08
1.477842379858253451e-08
1.231827692874194593e-08
1.017402039002652672e-08
8.336991990919763368e-09
6.800816280961242256e-09
5.544327815284977689e-09
4.525988991197843812e-09
3.698627059703111447e-09
3.027213341653716771e-09
2.486419322095413155e-09
2.050883140505969612e-09
1.698408079706396025e-09
1.411676781673539363e-09
1.176561867326520802e-09
9.819442478197468437e-10
8.191975276925082155e-10
6.818006476592479870e-10
5.649214490046826198e-10
4.650405320820424107e-10
3.796262457608002302e-10
3.068380262979434077e-10
2.452786327924569571e-10
1.937952991556549438e-10
1.513369405726018030e-10
1.168692886818676056e-10
8.934438981178106113e-11
6.771224069921856864e-11
5.095718599730854998e-11
3.814055987189793490e-11
2.843435331485506014e-11
2.113954027358697313e-11
1.568746960970763917e-11
1.162889783826875151e-11
8.616323903033427224e-12
6.384615055082844607e-12
4.733176648810014575e-12
3.511219145997255215e-12
2.606414139120808271e-12
1.935436746865923148e-12
1.437339423969312847e-12
1.067500340761570972e-12
7.929652304414035634e-13
5.891036212163584012e-13
4.378983099020027718e-13
3.256907713085975569e-13
2.424962812596497007e-13
1.808903980869908764e-13
1.352991357016797083e-13
1.016302070192423359e-13
7.683360446990470753e-14
5.862938239939399953e-14
4.535183801738901331e-14
3.575457371111312458e-14
2.889797798325442656e-14
2.410122132428902150e-14
2.083593327474135493e-14
1.870560712576028638e-14
1.740213477334864449e-14
1.667743632065828446e-14
1.632777513181184914e-14
1.619283983030993703e-14
1.615515500904677254e-14
