# bin_6_2
2.783204624972623931e-08
2.826604883795931050e-08
2.876144277656918018e-08
2.932489126366261707e-08
2.996320878307239273e-08
3.068375017328239886e-08
3.149448090581848777e-08
3.240401667735791651e-08
3.342071071491381901e-08
3.455082858865100700e-08
3.579613634224182473e-08
3.715518158026255324e-08
3.862516783040725262e-08
4.019788195935652937e-08
4.184994636532223654e-08
4.355075567913961062e-08
4.527319677335319152e-08
4.699557203510620228e-08
4.870633141035556270e-08
5.037213507646407558e-08
5.189457759232662282e-08
5.318754569227280494e-08
5.422011140928711828e-08
5.495075501806105011e-08
5.528489011376733084e-08
5.514366439406730138e-08
5.449764059160780662e-08
5.331069713970833657e-08
5.154062045952440278e-08
4.921977513612522674e-08
4.636932119709661555e-08
4.306746317542723658e-08
3.941062084293846208e-08
3.553131562976380836e-08
3.157130993413016339e-08
2.767936504853870997e-08
2.398548858023626589e-08
2.058561294734104252e-08
1.752972625456181677e-08
1.482205752232033603e-08
1.243518917070882241e-08
1.033480114544895471e-08
8.501633412245377871e-09
6.935528749653506812e-09
5.638194362606106481e-09
4.587954506140735595e-09
3.738790220520150420e-09
3.046969596813714913e-09
2.487342583125232005e-09
2.039306449142613820e-09
1.678741927307449196e-09
1.387388135599059677e-09
1.150887105249326062e-09
9.572063261434838424e-10
7.970997185913042426e-10
6.634058600369673747e-10
5.507246603451393667e-10
4.550617430841740621e-10
3.735093221246839266e-10
3.039656782154233039e-10
2.448915078921434402e-10
1.951062507865122573e-10
1.536279035108211236e-10
1.195587179648181685e-10
9.201863541027407752e-11
7.012237452097070550e-11
5.299035211771272449e-11
3.977873369724011814e-11
2.971402806525724668e-11
2.211977793698830650e-11
1.642977952802861157e-11
1.218748838185966551e-11
9.035263996450769840e-12
6.698465135010289604e-12
4.968675722707576111e-12
3.688891983740922521e-12
2.741318089807781385e-12
2.038496223441453280e-12
1.516238417473802795e-12
1.127867211556533794e-12
8.389632224763426688e-13
6.241706692879442062e-13
4.644601560092487509e-13
3.457877689498926664e-13
2.576368029817357138e-13
1.921930186387664601e-13
1.436489361945794600e-13
1.076999450039635922e-13
8.111546777144321104e-14
6.152313892724144873e-14
4.713682221383189917e-14
3.665125264047938962e-14
2.907245736752617043e-14
2.367301864981284048e-14
1.990930282966819700e-14
1.736503079970153717e-14
1.572758183380707855e-14
1.474767346579778632e-14
1.422721546437416677e-14
1.400132951215362888e-14
