# bin_5_2
2.813696341283384022e-08
2.857345422522574928e-08
2.907157287630776885e-08
2.963796706141376964e-08
3.027942007545894016e-08
3.100324726324563651e-08
3.181736706319177549e-08
3.273034220263427494e-08
3.375044897714259290e-08
3.488381690771305498e-08
3.613197240055886971e-08
3.749315337415808644e-08
3.896423297500116146e-08
4.053657565487186436e-08
4.218610661829572862e-08
4.388143355598295375e-08
4.559481180425163742e-08
4.730414034824352383e-08
4.899782499202967164e-08
5.064223514184866029e-08
5.213760300247891066e-08
5.339696702012995408e-08
5.438999335711010344e-08
5.507589335111181799e-08
5.536010298090927082e-08
5.516445905992408129e-08
5.446148265533838174e-08
5.321708662314725695e-08
5.139099630420712386e-08
4.901879169984305920e-08
4.612414008329799584e-08
4.278803799205731706e-08
3.910885417988454859e-08
3.522024507290259291e-08
3.126364098759480803e-08
2.738607703559680371e-08
2.371448490311354142e-08
2.034101729228832140e-08
1.731213812999599013e-08
1.462981902527855467e-08
1.226619476473070085e-08
1.018791186625700988e-08
8.376777362998809642e-09
6.832450256554932373e-09
5.554950888804295708e-09
4.520994839818082893e-09
3.684720547220938501e-09
3.003627870064176106e-09
2.452976966460989110e-09
2.011984679717304488e-09
1.656918328527690999e-09
1.369884064103275462e-09
1.136715344374050949e-09
9.456026946323529932e-10
7.874794183956831556e-10
6.553311725319458722e-10
5.438765795926361440e-10
4.492131936871257197e-10
3.685017185441659782e-10
2.996881824200053231e-10
2.412635860669438219e-10
1.920637705024095988e-10
1.511130711927036962e-10
1.175140467540775560e-10
9.038465269165403492e-11
6.883826772570067930e-11
5.199637510865655439e-11
3.901909719003031561e-11
2.913927246278913062e-11
2.168809145549295421e-11
1.610720064388594725e-11
1.194726587750496208e-11
8.856769403209698360e-12
6.565999126716260418e-12
4.870385451391159068e-12
3.615892101063175337e-12
2.687003222919206171e-12
1.998007636541466635e-12
1.486026796863067020e-12
1.105322991387881446e-12
8.221426039901611040e-13
6.116245603379269687e-13
4.551058401785965017e-13
3.388179009127652440e-13
2.524482501058982017e-13
1.883354499849889559e-13
1.407862908795582987e-13
1.055817333044323161e-13
7.955461541807503246e-14
6.038031090122679371e-14
4.630793540709353793e-14
3.605870102518288261e-14
2.865799445921801723e-14
2.339280341425748584e-14
1.972998150902818973e-14
1.726078487301879982e-14
1.567794471100274481e-14
1.473600571151232858e-14
1.423976745304020398e-14
1.402702080348621256e-14
