# bin_4_1
3.088353772425511304e-08
3.132079369916341113e-08
3.181778741511551056e-08
3.238025569840056345e-08
3.301376540207284349e-08
3.372426656890458708e-08
3.451800034038497935e-08
3.540175984553656519e-08
3.638162301169690634e-08
3.745999975156082862e-08
3.863354892783031686e-08
3.989475410440026032e-08
4.123440951623287062e-08
4.263662959123771642e-08
4.406308306366212832e-08
4.547588669722026781e-08
4.684020007997133072e-08
4.813228101081111565e-08
4.934119633446586950e-08
5.041596584488006581e-08
5.124153832368208821e-08
5.173889277368212700e-08
5.189481298659629828e-08
5.167778481871610500e-08
5.099509441368266385e-08
4.980563739778099502e-08
4.812463605487820478e-08
4.594650443632509589e-08
4.328691144264254095e-08
4.023646892678136466e-08
3.686067488304471543e-08
3.328958248525051262e-08
2.964151845206487560e-08
2.605178200920202096e-08
2.263210984382800828e-08
1.946916218035512146e-08
1.661056211994449257e-08
1.406553082685599785e-08
1.181783764314218208e-08
9.843216493794086112e-09
8.124773370404173036e-09
6.655403762990866090e-09
5.428782169597648485e-09
4.426320756293695409e-09
3.613904588152678709e-09
2.953945600112534162e-09
2.418652302869128508e-09
1.987546684093623715e-09
1.640191443665073205e-09
1.358897149525093952e-09
1.129893068342075632e-09
9.419450118991534788e-10
7.862023065183621496e-10
6.558320565256472195e-10
5.456764322459723187e-10
4.519156852220505726e-10
3.717730459375839624e-10
3.032491020755600263e-10
2.448857258383695240e-10
1.955684628651086600e-10
1.543694041824178796e-10
1.204358067859455771e-10
9.292547932236368773e-11
7.098545310144672030e-11
5.376356794018823896e-11
4.043874321223554863e-11
3.025516616660175765e-11
2.254854247536634910e-11
1.675978521871012194e-11
1.243519251028946915e-11
9.216987927695048444e-12
6.828783075129179184e-12
5.059896858439153565e-12
3.751049515677613896e-12
2.782596387667784189e-12
2.065485895396741075e-12
1.533688697655245237e-12
1.138919769071433405e-12
8.458187225280400034e-13
6.282639279165207351e-13
4.667244783695759759e-13
3.469253607083439242e-13
2.580336508767362223e-13
1.921360905362546044e-13
1.433485211325163107e-13
1.072515213568963573e-13
8.060243720915451781e-14
6.098422367219770427e-14
4.658964821354939324e-14
3.609926147879355333e-14
2.852532016195140463e-14
2.312268810285151029e-14
1.935169459374180419e-14
1.679272194468535346e-14
1.513058472119610854e-14
1.411996777895164346e-14
1.356315028549003829e-14
1.329804972942402431e-14
1.319794777093343093e-14
1.317119122567589437e-14
