# bin_5_3
8.592043867346465175e-08
8.734573902314632633e-08
8.897561346963302479e-08
9.083304317930443475e-08
9.294195707130246809e-08
9.532843897781491937e-08
9.802091276239992959e-08
1.010509137182998193e-07
1.044495198118088715e-07
1.082431422797614671e-07
1.124518201555420123e-07
1.170877917112646357e-07
1.221579195865154955e-07
1.276537505581540075e-07
1.335410127773466815e-07
1.397512534837457669e-07
1.461724575657113987e-07
1.527151180408746395e-07
1.593139124525313935e-07
1.659365190309488776e-07
1.724606382658748892e-07
1.785346328919495349e-07
1.838832441262299763e-07
1.884155561456203842e-07
1.919493874394462465e-07
1.941437061047626894e-07
1.947283827505742954e-07
1.935876374847586030e-07
1.905320482118966908e-07
1.854067218104256466e-07
1.782691565970271791e-07
1.691383790301286846e-07
1.582448699797824917e-07
1.458720112409600263e-07
1.324515690577591225e-07
1.184692432672840341e-07
1.044627990511986807e-07
9.094322544472582598e-08
7.832961482339903726e-08
6.689210796516153063e-08
5.672280527956348743e-08
4.775893594842960717e-08
3.986007894193148718e-08
3.291159075085794006e-08
2.688697906491640762e-08
2.182480049280390204e-08
1.771222837761416666e-08
1.440478887741806638e-08
1.171024333251110158e-08
9.517840213593012628e-09
7.765373812764920940e-09
6.361463885552526778e-09
5.230474188207556982e-09
4.318186081718070125e-09
3.576285378046301921e-09
2.968036361219552017e-09
2.464491928538572192e-09
2.043650594365489535e-09
1.689021163988428984e-09
1.388445381298698577e-09
1.133052424543033664e-09
9.163500641163404513e-10
7.334617218604005199e-10
5.805131080033651821e-10
4.541673875981555663e-10
3.513158162254025260e-10
2.689177599343013218e-10
2.039665654396131455e-10
1.535464836068295149e-10
1.149312954796128533e-10
8.568136252170160336e-11
6.370927768769951290e-11
4.730093172483320180e-11
3.509579277681958311e-11
2.604082671460580306e-11
1.933393798366116460e-11
1.436974405238602553e-11
1.069315825040556392e-11
7.965092252332411864e-12
5.935713132047524440e-12
4.423711161151949858e-12
3.296704601745902925e-12
2.457131375032845733e-12
1.831627216918181222e-12
1.365826999194800190e-12
1.019149892011157597e-12
7.612185488978184195e-13
5.694730076936913029e-13
4.271192400258855299e-13
3.215487443995055187e-13
2.434768887389841897e-13
1.859561716444197275e-13
1.437722285631493523e-13
1.130924554746409906e-13
9.104513386530296565e-14
7.545931097626152713e-14
6.473014655157283671e-14
5.762582697457924447e-14
5.319758432422840424e-14
5.069932438174028990e-14
