# bin_6_6
1.285352555666549611e-07
1.308629719140898451e-07
1.335302742458135868e-07
1.365764286364043172e-07
1.400420783845769092e-07
1.439713153504754631e-07
1.484127709231143529e-07
1.534203242192215143e-07
1.590463989465732894e-07
1.653353643916182862e-07
1.723190060258902681e-07
1.800282190059138015e-07
1.885075614203022535e-07
1.977962090603539796e-07
2.079103864596126346e-07
2.188324595475650388e-07
2.304960991864423443e-07
2.427870961660695638e-07
2.554727910282557588e-07
2.682734019750500741e-07
2.810111687926194992e-07
2.936129214956793411e-07
3.059938301801285168e-07
3.176014072300703019e-07
3.276959956684949522e-07
3.360582040940535354e-07
3.424647155185838665e-07
3.463839131202233190e-07
3.472120869338816640e-07
3.447072270137422299e-07
3.387229003203720437e-07
3.288884724606252434e-07
3.153898063752586821e-07
2.983287556064968542e-07
2.781605178631331576e-07
2.554871823591068857e-07
2.311196533660081572e-07
2.059716859134001047e-07
1.810218950757421966e-07
1.571494225551985933e-07
1.350393849222672465e-07
1.150898160757170969e-07
9.738484860508317332e-08
8.176954736685561563e-08
6.800540933167852161e-08
5.593264720248450845e-08
4.553854046643308596e-08
3.687425070764174797e-08
2.986103771166989613e-08
2.421346137602706309e-08
1.961350391899996328e-08
1.588717685902227025e-08
1.291740663324959976e-08
1.054089386891378742e-08
8.631543974687418973e-09
7.095258944118993831e-09
5.849320662169519658e-09
4.831157106268727060e-09
3.991568424705670542e-09
3.293193910438027418e-09
2.707999613818078636e-09
2.215196509427074365e-09
1.799432704552996160e-09
1.449265778693818244e-09
1.155912562570437720e-09
9.122778262187168430e-10
7.122456595857386416e-10
5.502220842590071314e-10
4.209036397359209832e-10
3.192204961154263717e-10
2.403968190859427964e-10
1.800631702743198752e-10
1.343650249069800385e-10
1.000307926481178600e-10
7.438312934470157654e-11
5.529814647541780637e-11
4.113053122554528321e-11
3.062606816860458639e-11
2.283809654506432660e-11
1.705522352118391707e-11
1.274952005104432725e-11
9.534552897808429858e-12
7.130816357940290085e-12
5.332868895981509173e-12
3.988795826466745657e-12
2.983921661746201195e-12
2.233312812018227787e-12
1.672636201027063534e-12
1.254116953055999152e-12
9.419774910550766221e-13
7.094198362582075529e-13
5.365679468558233149e-13
4.083200472326830627e-13
3.135741035658524723e-13
2.439511233494337171e-13
1.932469155264684923e-13
1.567527172346548908e-13
1.309877026687614418e-13
1.133044547950009570e-13
1.016504820322647797e-13
