# bin_3_1
2.589354173419724260e-08
2.625472831674213255e-08
2.666497871327921249e-08
2.712890232851232467e-08
2.765092933452908588e-08
2.823578500997412709e-08
2.888841432919997364e-08
2.961420844689082408e-08
3.041792583958805776e-08
3.130116694139600107e-08
3.226060373993801496e-08
3.328935603533619839e-08
3.437915558302769277e-08
3.551609746666379563e-08
3.666716126982049420e-08
3.779990161988725105e-08
3.888473853258450860e-08
3.990193618616090943e-08
4.084313596833028599e-08
4.166613387233266008e-08
4.227434839995491248e-08
4.260262137774428489e-08
4.264284690229726511e-08
4.237179582204263776e-08
4.171434352826881884e-08
4.063986575649053025e-08
3.916603471176814399e-08
3.729243227746469953e-08
3.503598824256548653e-08
3.247637207899572722e-08
2.966986089194519377e-08
2.672542348169256117e-08
2.373937871223814540e-08
2.082010837640186918e-08
1.805427557675232636e-08
1.550699346795565246e-08
1.321163144206188376e-08
1.117180384844206179e-08
9.372806950545377838e-09
7.795404183473412243e-09
6.426838049016440796e-09
5.261118481047283423e-09
4.291219556540496275e-09
3.499813142280977074e-09
2.858515242939786312e-09
2.337735858686588559e-09
1.915702396223222624e-09
1.575794773136130124e-09
1.301629377498145203e-09
1.079339532626439781e-09
8.980943634341594599e-10
7.490457138645165093e-10
6.252749870136232699e-10
5.214629887837934071e-10
4.336019417997425501e-10
3.587365314861133028e-10
2.947210300865709954e-10
2.400084223608494906e-10
1.934622975409042314e-10
1.542015872243108445e-10
1.214790302616656096e-10
9.459743211356651404e-11
7.286369768297441903e-11
5.557683224982108551e-11
4.204072699305475632e-11
3.158994249176826692e-11
2.361686544175024332e-11
1.759136958305476871e-11
1.307007227755286553e-11
9.694948149504266121e-12
7.184710048248040769e-12
5.322619325895806520e-12
3.943753228057709360e-12
2.923592236836888466e-12
2.168724023483663203e-12
1.609728213561509436e-12
1.195166509910977847e-12
8.874364261818861598e-13
6.589837703600690352e-13
4.894418472644772023e-13
3.635704346332083188e-13
2.702475438686580394e-13
2.010153921675851132e-13
1.497062732523923571e-13
1.117341105456351070e-13
8.365145263447873652e-14
6.293190636601996218e-14
4.769183751000385159e-14
3.652210881360508405e-14
2.839531973364434109e-14
2.254163204745871205e-14
1.837944598440086412e-14
1.548789017918125396e-14
1.353841685621649785e-14
1.228375421519317241e-14
1.153080313826623180e-14
1.112364239570923861e-14
1.093501555819145429e-14
1.086683770274759791e-14
1.085011203042750694e-14
