# bin_2_2
6.499858308077305984e-09
6.593695616183972248e-09
6.700425664673562492e-09
6.821312157764340492e-09
6.957597123522731896e-09
7.110602515629253216e-09
7.281746939446809754e-09
7.472559287142334622e-09
7.684439218539123173e-09
7.918180814592772843e-09
8.173349759163663608e-09
8.448648615918624924e-09
8.742451962552410311e-09
9.051766867072592484e-09
9.369703549703746413e-09
9.687657905511569537e-09
9.998242738162347344e-09
1.029591038624659988e-08
1.057832269174776244e-08
1.083803653481469780e-08
1.105122397476533945e-08
1.119819735174417613e-08
1.127495324530968826e-08
1.127584797596520425e-08
1.118239717955613160e-08
1.098140287538956881e-08
1.067357197486656480e-08
1.025846312737218765e-08
9.734000331525401402e-09
9.116909527092137836e-09
8.419175786159053763e-09
7.664787905832029993e-09
6.878350480444992565e-09
6.088781846024154638e-09
5.322007433968357461e-09
4.601004949741778263e-09
3.941165392898175638e-09
3.349628374142681931e-09
2.826073228117028034e-09
2.365654157170412321e-09
1.962798133533538176e-09
1.614098012960498919e-09
1.318366674091908140e-09
1.073857438716227500e-09
8.753722317023103571e-10
7.146932516915148096e-10
5.841652839187048983e-10
4.785537999729486486e-10
3.936098242833782228e-10
3.250897243729725145e-10
2.695002659673044310e-10
2.241398692181692061e-10
1.867926813037902729e-10
1.557448153070258081e-10
1.296812346772862442e-10
1.076162249139410832e-10
8.882355035345685170e-11
7.277582782752267232e-11
5.909010016185539256e-11
4.748129111998192352e-11
3.772410206869383064e-11
2.962398648302936956e-11
2.299769482010097868e-11
1.766324680508037253e-11
1.343803099876274300e-11
1.014265024972472167e-11
7.607553381462034063e-12
5.679522085492916532e-12
4.226240738500251591e-12
3.138007780544946068e-12
2.326921810781927067e-12
1.724366832290592242e-12
1.277739062528730622e-12
9.471558261570429018e-13
7.025839185263840216e-13
5.215707111256308045e-13
3.874066166255685816e-13
2.878173900032414305e-13
2.138372219972026446e-13
1.588960130444397928e-13
1.180797013004110663e-13
8.778529157707700169e-14
6.529318354001664481e-14
4.861297917681371890e-14
3.624863166430121714e-14
2.709151778931389068e-14
2.031955284806700254e-14
1.532577891328327116e-14
1.165203768512864382e-14
8.965261866340006978e-15
7.012480912525309165e-15
5.610851244504461070e-15
4.618644460186494243e-15
3.932734394563452566e-15
3.475096759327865854e-15
3.184445459718875547e-15
3.013797290719036735e-15
2.924576676252540026e-15
2.886072681983955484e-15
2.874096935253027590e-15
