# bin_5_5
1.296477871711436875e-07
1.319322982790889806e-07
1.345478698847164334e-07
1.375323176213714343e-07
1.409246276202552776e-07
1.447675715011024370e-07
1.491075213697322343e-07
1.539963927637956190e-07
1.594851684800774186e-07
1.656175550221302394e-07
1.724260780359380495e-07
1.799419271308975177e-07
1.882072235510568192e-07
1.972555154841021369e-07
2.070714928264096271e-07
2.176092698001554404e-07
2.287838028210498035e-07
2.404206131278116387e-07
2.522689327315429815e-07
2.641572797919571516e-07
2.759929394728350122e-07
2.877200238845022593e-07
2.989640815031471582e-07
3.090116593762898026e-07
3.175356424940823024e-07
3.243865546406003788e-07
3.291215131906438305e-07
3.311383709982163664e-07
3.301092635189939308e-07
3.259078789020899465e-07
3.181416349868706886e-07
3.068342191993039476e-07
2.920969808451509776e-07
2.741755966942564168e-07
2.536066238762745740e-07
2.310439001317819107e-07
2.073324559083678233e-07
1.833827099016024343e-07
1.600785864146284980e-07
1.381782766163384719e-07
1.181971898440389838e-07
1.003535992087423373e-07
8.459480286315997204e-08
7.070822548682678248e-08
5.848759999884051007e-08
4.785158100504042776e-08
3.883786598728292235e-08
3.145537296598930697e-08
2.551947290469968814e-08
2.070981144190835888e-08
1.678775690562707622e-08
1.364068305947463616e-08
1.113191456375186618e-08
9.114212618332093890e-09
7.492227100838694752e-09
6.179458361648752749e-09
5.109027140079068710e-09
4.228274742833053832e-09
3.496962693617473485e-09
2.884681584353706353e-09
2.368836000466435802e-09
1.932781499590383140e-09
1.564243764131485471e-09
1.253988053985543887e-09
9.947573747552736283e-10
7.804649610479016414e-10
6.056387814134850243e-10
4.651017959242808218e-10
3.538551049979994813e-10
2.671066026380405556e-10
2.003819964745831141e-10
1.496534924893424932e-10
1.114385971765862745e-10
8.284277903896235555e-11
6.154244406893634401e-11
4.572313425640729872e-11
3.399489449846626672e-11
2.530595098561354534e-11
1.886468513935940557e-11
1.408001071389578399e-11
1.051561426298129219e-11
7.854937804476634825e-12
5.867248249192762463e-12
4.382759486608579507e-12
3.274330955416360462e-12
2.447066328225847568e-12
1.829764707680814616e-12
1.369424391635534248e-12
1.026398736267898349e-12
7.710293395807565928e-13
5.811607480040628090e-13
4.403726274982997892e-13
3.362651683654272320e-13
2.596638648710912483e-13
2.036825426312341076e-13
1.632281021723703014e-13
1.344180645726866548e-13
1.143995857841335357e-13
1.009513023829555752e-13
9.239475866493658704e-14
