# bin_6_1
3.703078709419516988e-08
3.756160651208633736e-08
3.816528475390063162e-08
3.884894184041249510e-08
3.961953812131190490e-08
4.048452474223614044e-08
4.145173096400525863e-08
4.252966756359895522e-08
4.372602716269150011e-08
4.504420361516923670e-08
4.648082318437022479e-08
4.802756726192491714e-08
4.967405662919194513e-08
5.140194564449736231e-08
5.316633280733131629e-08
5.492261266014029262e-08
5.662944880684396121e-08
5.825816169089043019e-08
5.979466193606100846e-08
6.117716940748588219e-08
6.226787983684499041e-08
6.297073177200424330e-08
6.326630569926565423e-08
6.311299110529345917e-08
6.239651474849500723e-08
6.106301723389036504e-08
5.912489915512371403e-08
5.657039604913083270e-08
5.341379765088638382e-08
4.975934780846067870e-08
4.568395176475267126e-08
4.134358424255495443e-08
3.688348039908814362e-08
3.247177456563687800e-08
2.825069233416884803e-08
2.433307019760220800e-08
2.078386194001564300e-08
1.761916866730798551e-08
1.482101359672344515e-08
1.235909246088562958e-08
1.021144696865139976e-08
8.369484754378465709e-09
6.827651395571387211e-09
5.565906631630520582e-09
4.543266671699552605e-09
3.712346854350704637e-09
3.037850039272996317e-09
2.494507550459929736e-09
2.056991538145989823e-09
1.703028106901505005e-09
1.415222458379727920e-09
1.179344194505733483e-09
9.842009593995228226e-10
8.211128460929453969e-10
6.834937188779159655e-10
5.664662696682490195e-10
4.664740892321485695e-10
3.809596600136245238e-10
3.080664451918409024e-10
2.463902215633917394e-10
1.947782794229911301e-10
1.521843381807327033e-10
1.175811894852725672e-10
8.992796788444992189e-11
6.818020016699754529e-11
5.132545096844237760e-11
3.842598254805285487e-11
2.865295278298204592e-11
2.130544571547411922e-11
1.581250793907803328e-11
1.172262430075620024e-11
8.686285459993347438e-12
6.436687734802078960e-12
4.771884494381710754e-12
3.540001352605416409e-12
2.627841431621192915e-12
1.951408739936878265e-12
1.449252310602348146e-12
1.076386217549701416e-12
7.995915286456194222e-13
5.940447186815634855e-13
4.415787585172497155e-13
3.284284687259501373e-13
2.445273960525637922e-13
1.823907563935274490e-13
1.364005546110131538e-13
1.024307864945393967e-13
7.740646969482570020e-14
5.902926886541263129e-14
4.561939935358051484e-14
3.592021289741014070e-14
2.898472033474446872e-14
2.412656164538249047e-14
2.081363155583244888e-14
1.864681919729220308e-14
1.731627246961019188e-14
1.657266156188100678e-14
1.621104584994106634e-14
1.606962331720835654e-14
1.602898329789461444e-14
