# bin_6_5
1.292133028319212350e-07
1.315068983078425192e-07
1.341338586859004036e-07
1.371326412554261296e-07
1.405430492315774403e-07
1.444088153144465525e-07
1.487774377451884914e-07
1.537021084142309843e-07
1.592353809344819107e-07
1.654229704272873936e-07
1.722999302037092651e-07
1.799002860268666623e-07
1.882690225496102487e-07
1.974429271824097129e-07
2.074110303553453362e-07
2.181323971521301827e-07
2.295275685816269095e-07
2.414290696241782311e-07
2.535940335841392270e-07
2.658563864749088667e-07
2.781259059886321709e-07
2.903466656609167551e-07
3.021480183362543975e-07
3.128239382365580473e-07
3.220437487322802926e-07
3.296466101148502844e-07
3.351792994245892533e-07
3.380270764582943736e-07
3.378393062042167155e-07
3.344579150889240589e-07
3.274594708088808150e-07
3.168267607243600887e-07
3.026285937643788193e-07
2.850694417822456551e-07
2.646478151874820532e-07
2.419914388560502881e-07
2.179356092337288268e-07
1.934043188858664876e-07
1.693216910313219845e-07
1.465106943393705357e-07
1.255670058731181146e-07
1.067873877884507221e-07
9.017453076910976833e-08
7.553184027849757037e-08
6.263050505012278207e-08
5.135323408814018233e-08
4.172285048720136801e-08
3.377881295067259712e-08
2.738285312435311929e-08
2.221647812838046797e-08
1.799965535648974231e-08
1.460248322491251367e-08
1.189832656640355148e-08
9.726824304373587049e-09
7.982455177342855776e-09
6.574436783021668053e-09
5.429252043873552424e-09
4.489873994658773560e-09
3.712266739422943500e-09
3.063039346563469875e-09
2.517286118304077688e-09
2.056612444950460596e-09
1.667457684341891047e-09
1.339675573827137823e-09
1.065390248217594376e-09
8.381153198421468842e-10
6.521288527712396648e-10
5.020919583828204549e-10
3.828813295343110725e-10
2.895819451285244559e-10
2.175791176360118712e-10
1.626838642794489161e-10
1.212395005134260513e-10
9.017788325415590091e-11
6.701557425143009935e-11
4.980076476115590285e-11
3.703180580094697549e-11
2.756943945156440149e-11
2.055480168799902032e-11
1.534533437795423326e-11
1.146532913788754612e-11
8.568615574086316576e-12
6.403560910463481686e-12
4.785694790751726470e-12
3.576989071328660996e-12
2.674347194400395400e-12
2.000397607831412084e-12
1.497490096417848890e-12
1.122480979994606645e-12
8.430819829241578331e-13
6.351601635878778963e-13
4.808075195797268077e-13
3.665083729600498666e-13
2.822497304444273406e-13
2.205169140816591107e-13
1.757464120316930719e-13
1.437045725437503042e-13
1.212781587784575895e-13
1.060532349536092151e-13
9.621114108112269805e-14
