# bin_5_4
1.051624577949255076e-07
1.069751186102750306e-07
1.090493893783090489e-07
1.114149320449014021e-07
1.141022005294028274e-07
1.171447701526730505e-07
1.205793082500374717e-07
1.244462824684067767e-07
1.287860684093144387e-07
1.336333213283446616e-07
1.390140422088025651e-07
1.449521252053225235e-07
1.514789837393804005e-07
1.586042069934058933e-07
1.663008864607697351e-07
1.745207572804950367e-07
1.831762624085106458e-07
1.920840151623075694e-07
2.011051656033790391e-07
2.101420765873096841e-07
2.191552806514335738e-07
2.280014362055865675e-07
2.361882412013415823e-07
2.433114378635468582e-07
2.492696123038947520e-07
2.538123657589112100e-07
2.565039352884348166e-07
2.569647971437413620e-07
2.550648388215386676e-07
2.505739272906427370e-07
2.432999006598968690e-07
2.333533687022840130e-07
2.207940786153366435e-07
2.059619978645503734e-07
1.892689461175528884e-07
1.713194435974143685e-07
1.527727596878548764e-07
1.343427178474855339e-07
1.166841315016499822e-07
1.003104817165004459e-07
8.552614257454109149e-08
7.240552797119595814e-08
6.084025358240450083e-08
5.065017192599331740e-08
4.170908571752686098e-08
3.400085034455187313e-08
2.756596262274417281e-08
2.235437960150202575e-08
1.815838706569684533e-08
1.473901016706827100e-08
1.196555633143261869e-08
9.752439910605069066e-09
7.979102206869597013e-09
6.551927153777191701e-09
5.401114483177355701e-09
4.465558359569264482e-09
3.698841363265022786e-09
3.064539775565915386e-09
2.535012445447898812e-09
2.089568150883059229e-09
1.712929059624739122e-09
1.393888932076046550e-09
1.124161243451987564e-09
8.974290910784687265e-10
7.085960812312830796e-10
5.532341968350014801e-10
4.272293266789999102e-10
3.266051600585170520e-10
2.474945445345551594e-10
1.862070228960589299e-10
1.393383955563996443e-10
1.038737346643982108e-10
7.725232032494767995e-11
5.738145134502109568e-11
4.260498233524235694e-11
3.164315588646524703e-11
2.352215009456017307e-11
1.750753669087935071e-11
1.304806827366132447e-11
9.733866861602535500e-12
7.264322892117752673e-12
5.421572635656559543e-12
4.046104490393272261e-12
3.020050745149012898e-12
2.254567634541396693e-12
1.683769567847929408e-12
1.258397640859029631e-12
9.415143024849801627e-13
7.056474197018441136e-13
5.303609620160627124e-13
4.002230553277464592e-13
3.039216545109192318e-13
2.329223888842804402e-13
1.808624360734521283e-13
1.430110126844831803e-13
1.158394920818801064e-13
9.668945360226391710e-14
8.356355687702652720e-14
7.493621156486043180e-14
6.963396863879947441e-14
