# bin_6_3
8.525874018563934640e-08
8.668182568003904714e-08
8.830964103738447016e-08
9.016535886848650710e-08
9.227316902791352020e-08
9.465946724415576550e-08
9.735304256553932677e-08
1.003858383512150558e-07
1.037894570795928345e-07
1.075910343657779612e-07
1.118115609895994458e-07
1.164644619871974790e-07
1.215579421054708059e-07
1.270852102306912200e-07
1.330141355776946969e-07
1.392789716357881315e-07
1.457710700559494954e-07
1.524035199213779769e-07
1.591126334376156503e-07
1.658664254121241626e-07
1.725438677091820478e-07
1.787980288411272546e-07
1.843556088035442316e-07
1.891224565058668473e-07
1.929132171217139706e-07
1.953849006940264577e-07
1.962621195969204455e-07
1.954190082402660971e-07
1.926558585517802533e-07
1.878058872473997369e-07
1.809105411678381231e-07
1.719746808305769304e-07
1.612134719581881713e-07
1.488987675036881857e-07
1.354549357040521910e-07
1.213679153283826974e-07
1.071842417517769880e-07
9.343269696353235928e-08
8.055690268995651038e-08
6.885319639863082842e-08
5.843458592840780967e-08
4.924765266865176604e-08
4.114823536638068448e-08
3.401098773458686027e-08
2.780269582031832179e-08
2.256816886840168064e-08
1.830933869145001549e-08
1.488709908428334144e-08
1.209971982112132820e-08
9.828558193655312600e-09
8.012939649214497847e-09
6.559766589338913834e-09
5.389524467656517165e-09
4.446634579616101869e-09
3.680784502497734693e-09
3.053809812702886276e-09
2.535522901829817443e-09
2.102946819435549694e-09
1.738820915471155708e-09
1.430401054575814738e-09
1.168386242809201867e-09
9.459839610776864041e-10
7.581217350360259273e-10
6.008091168240211423e-10
4.706479736318975494e-10
3.644992976008277395e-10
2.793028073146543668e-10
2.120279888003069802e-10
1.597232752936489388e-10
1.196138498396881326e-10
8.920273015567170644e-11
6.634269216828620265e-11
4.926327474864106977e-11
3.655497589091559784e-11
2.712472876098602175e-11
2.013901972878074510e-11
1.496830451893140290e-11
1.113904331231649319e-11
8.298029739760269594e-12
6.184702214593235224e-12
4.609978220182182950e-12
3.436029586788339942e-12
2.561315837677024583e-12
1.909513397209683467e-12
1.424033673229119039e-12
1.062630527403826025e-12
7.936810593628517060e-13
5.936910602111873829e-13
4.451668748010918139e-13
3.349778175228117316e-13
2.534471689734842963e-13
1.933349471398453681e-13
1.492087796497640292e-13
1.170731287342257290e-13
9.393544576705294774e-14
7.753546037734245090e-14
6.620277476802898554e-14
5.865798980609717701e-14
5.391815672135534773e-14
5.121275774065098297e-14
