# bin_6_4
1.046115402448435121e-07
1.064270629254897220e-07
1.085053180078653428e-07
1.108763621890739758e-07
1.135711653500493700e-07
1.166239083829972329e-07
1.200719653030129842e-07
1.239566070488182740e-07
1.283192006792095253e-07
1.331956959731173243e-07
1.386137499905423670e-07
1.445991250153881668e-07
1.511850895226361819e-07
1.583836189514695566e-07
1.661709543150602357e-07
1.745023406114313937e-07
1.832943299139631108e-07
1.923692006312490584e-07
2.015923555616678519e-07
2.108687959777578495e-07
2.201594615289809803e-07
2.293220476664277406e-07
2.378702773719318205e-07
2.454020741881936411e-07
2.518096581761167379e-07
2.568361588412498845e-07
2.600397038741293980e-07
2.610301964000232456e-07
2.596589568903809785e-07
2.556762581921387853e-07
2.488678099813079162e-07
2.393159258784933817e-07
2.270547481678918328e-07
2.123979169250496648e-07
1.957375625056249638e-07
1.776666723564672514e-07
1.588468436828071347e-07
1.400099207980623151e-07
1.218451588224287123e-07
1.049127201091762318e-07
8.956671914916063293e-08
7.592163313529660109e-08
6.388775855101701297e-08
5.327876428810473861e-08
4.394803681252868536e-08
3.586501269784228907e-08
2.907964498450303492e-08
2.356941822079568633e-08
1.913855838614099750e-08
1.553040685137073977e-08
1.259700047052620025e-08
1.025494005828707729e-08
8.381121210620303897e-09
6.873846331037112627e-09
5.660407674808910920e-09
4.675781483812061992e-09
3.870616022061416879e-09
3.206013566586166217e-09
2.652375108391352734e-09
2.187472255509006325e-09
1.794853512046841244e-09
1.462443524175565683e-09
1.181337023070393660e-09
9.447974996837127213e-10
7.474608802270668818e-10
5.847381123509649119e-10
4.524185983103356818e-10
3.464583379069581255e-10
2.629246356142330212e-10
1.980483863754342379e-10
1.483296838860568707e-10
1.106453580894206891e-10
8.232305805137361670e-11
6.116467298991646300e-11
4.542177681888937502e-11
3.373857535024455905e-11
2.508120873704200608e-11
1.866895387241118939e-11
1.391517163580436426e-11
1.038289623386562442e-11
7.750950616108193898e-12
5.786574022644927890e-12
4.319835336853719943e-12
3.225281225863534621e-12
2.408402940823599782e-12
1.799048663974624257e-12
1.344755131645279276e-12
1.006180447844897557e-12
7.540454436440444423e-13
5.665569365843240980e-13
4.272672266331335911e-13
3.240999609463264877e-13
2.479492821572888016e-13
1.920243677377209094e-13
1.512743887554052140e-13
1.219321508952075045e-13
1.011621306904795907e-13
8.683639540254714781e-14
7.733389674146533677e-14
7.141258753315211296e-14
