# bin_4_3
7.004501965740842811e-08
7.119411943568984949e-08
7.250745861019026226e-08
7.400323355111746326e-08
7.570030137803097928e-08
7.761917832497539908e-08
7.978218572999699085e-08
8.221408622209385706e-08
8.493910709169915967e-08
8.797743420425377003e-08
9.134380152807619923e-08
9.504633324327373195e-08
9.908861286067497220e-08
1.034614506413656916e-07
1.081342073349843291e-07
1.130479468010961637e-07
1.181077548018273238e-07
1.232379649010624095e-07
1.283837881864896478e-07
1.335188946757410530e-07
1.385432543251003972e-07
1.431674150872860809e-07
1.471673646661956817e-07
1.504749216560748026e-07
1.529484017113674913e-07
1.543165639146642609e-07
1.543699315890191806e-07
1.530300866014419468e-07
1.501595459555540208e-07
1.456507535160868142e-07
1.395728120013234176e-07
1.319609182790765971e-07
1.230217731953621921e-07
1.129989433240977515e-07
1.022492576714068435e-07
9.116195725993178862e-08
8.015617093897707781e-08
6.961708822484344883e-08
5.984705789892124737e-08
5.102689341458406110e-08
4.320202711810253572e-08
3.630949140278690273e-08
3.024177844333528017e-08
2.492138854964613798e-08
2.033598389223323801e-08
1.650768417674422065e-08
1.340589973187606717e-08
1.090735486646143958e-08
8.870774376910894039e-09
7.218084681874321496e-09
5.897298096510496098e-09
4.837340011461606232e-09
3.982770733460766554e-09
3.291992798721646529e-09
2.728920170889386926e-09
2.266029721328134710e-09
1.881777724550096659e-09
1.559837494217825633e-09
1.288021131450103379e-09
1.057367413934673678e-09
8.613399196130501834e-10
6.951330954865080264e-10
5.550950767369465836e-10
4.382695604908635356e-10
3.420571996943510172e-10
2.640002216835890483e-10
2.016820979869135677e-10
1.527203713328313234e-10
1.148227331479401587e-10
8.586704244513527349e-11
6.397344853920225749e-11
4.754831547929334294e-11
3.529289848728194737e-11
2.618211607415776017e-11
1.942543936856516745e-11
1.442195661224185032e-11
1.071872475228336433e-11
7.975634678228833976e-12
5.939766441457264975e-12
4.425212633722113258e-12
3.297030707169284368e-12
2.456377010705448193e-12
1.830357917002426767e-12
1.364116037286945237e-12
1.017044751505482439e-12
7.588408512471369498e-13
5.668186119737270439e-13
4.241430576123593960e-13
3.182875753363937296e-13
2.398430356275840421e-13
1.818912640760076646e-13
1.392541424524813623e-13
1.080431164584242694e-13
8.540376099562013598e-14
6.919546240013927578e-14
5.779707178663048075e-14
5.000945303505211015e-14
4.490841884643003872e-14
4.177887645970809940e-14
4.005534373150656567e-14
