# bin_1_1
1.250831323036578621e-08
1.266658358022139172e-08
1.284550769642427349e-08
1.304671703058307424e-08
1.327164858630876142e-08
1.352180694188194930e-08
1.379873463523186373e-08
1.410414627637499751e-08
1.443935937001817517e-08
1.480392535230182521e-08
1.519470406778161430e-08
1.560669849685939728e-08
1.603434525252618466e-08
1.646926869986272911e-08
1.689298291860827885e-08
1.728790836623791153e-08
1.763882709843803763e-08
1.793693431894995111e-08
1.818087232955670495e-08
1.835213308218028520e-08
1.840394492739417167e-08
1.830836421265307199e-08
1.807065449373696976e-08
1.768934389290318992e-08
1.713599462614428104e-08
1.640718361920951766e-08
1.552579633394424229e-08
1.450371902710363169e-08
1.335941068011787119e-08
1.214095733523721641e-08
1.087776656942796861e-08
9.620182855420649223e-09
8.404073452199737716e-09
7.265165929239368872e-09
6.223872262996377057e-09
5.290109034889083339e-09
4.462930097233951918e-09
3.735231294634256523e-09
3.099739921741207274e-09
2.551872141720776609e-09
2.088884278875417731e-09
1.705920597244773901e-09
1.393772829478483540e-09
1.140511104618282498e-09
9.350207943586792903e-10
7.686080514531973055e-10
6.342329162620186550e-10
5.255333598329467598e-10
4.370687726654171313e-10
3.645749867360929151e-10
3.046303263113096366e-10
2.545661053828744018e-10
2.123471772139180452e-10
1.764518287006794847e-10
1.457657474512939337e-10
1.194839171426074013e-10
9.702291567670062706e-11
7.794742866600909851e-11
6.190826857548098200e-11
4.859679875783482290e-11
3.771520892801770935e-11
2.896289639795061889e-11
2.203608235963594094e-11
1.663635034039307761e-11
1.248273600361611001e-11
9.322737845970039354e-12
6.939386752281718469e-12
5.153335605564962802e-12
3.821141937457915491e-12
2.830829718272026531e-12
2.096455830065622313e-12
1.552765200023536996e-12
1.150558122302453986e-12
8.529733411715749978e-13
6.326091830859701820e-13
4.693252391862258114e-13
3.482140803775708013e-13
2.583636881854507370e-13
1.917308931883345876e-13
1.423498722244861777e-13
1.057244619026657924e-13
7.862511295359463682e-14
5.854975829447182347e-14
4.370372730045552022e-14
3.275209420995342497e-14
2.468243065112312780e-14
1.876099648487788433e-14
1.443900669760857301e-14
1.130361015348748923e-14
9.057367750147421047e-15
7.475149460066782687e-15
6.384404538835761347e-15
5.660883970095948236e-15
5.204027756180333808e-15
4.936767895130000663e-15
4.797449927228700775e-15
4.736285443721624403e-15
4.715442154504810284e-15
4.710754512813719582e-15
4.710231915458586608e-15
