# bin_2_1
-1.725490317648819948e-09
-1.751241102601291102e-09
-1.780580251504809808e-09
-1.813878229423215976e-09
-1.851507180974755424e-09
-1.893867516992507272e-09
-1.941392702692937858e-09
-1.994553861472297670e-09
-2.053799587790367024e-09
-2.119436196956100562e-09
-2.191471170057280730e-09
-2.269706110547846118e-09
-2.353873196150440030e-09
-2.443373186934930169e-09
-2.536637241738949283e-09
-2.631681062994563308e-09
-2.726847374411224771e-09
-2.820963033873969085e-09
-2.913685187421912509e-09
-3.003391518062344361e-09
-3.084303550875670027e-09
-3.151650342555062306e-09
-3.204481362743034661e-09
-3.241179243913398194e-09
-3.256460571960328301e-09
-3.245805943898595379e-09
-3.207562734735761619e-09
-3.139143870189479007e-09
-3.037131146111122630e-09
-2.902811473204639928e-09
-2.736596798698096767e-09
-2.542773888263121779e-09
-2.326905065642852119e-09
-2.097086418492909204e-09
-1.862038778734528700e-09
-1.630902181025478569e-09
-1.411749239703541297e-09
-1.210804693780496229e-09
-1.031461563578867431e-09
-8.731995278101390230e-10
-7.327745055952600061e-10
-6.081881460030812459e-10
-4.994457842666330504e-10
-4.067936756612277931e-10
-3.301328307056222535e-10
-2.688934278529863042e-10
-2.192199015848635656e-10
-1.782210130322884680e-10
-1.455383095425824750e-10
-1.192851718640461074e-10
-9.815988483356742699e-11
-8.113071223113971762e-11
-6.731529684524359268e-11
-5.601579579841428878e-11
-4.668271603010663885e-11
-3.889151066489756698e-11
-3.232185546413084390e-11
-2.673724654695133682e-11
-2.196681139339117323e-11
-1.788879348469699767e-11
-1.441580406794753802e-11
-1.148235515471047328e-11
-9.034605805288131335e-12
-7.022901175072072721e-12
-5.397429305438502051e-12
-4.106793247746108496e-12
-3.098950293430529161e-12
-2.323466316172465316e-12
-1.733958361114028873e-12
-1.289933988203502588e-12
-9.576734028744916465e-13
-7.101573455106891300e-13
-5.263464956579442556e-13
-3.901610851480059829e-13
-2.893983066608789880e-13
-2.148678824508790039e-13
-1.596914031807993769e-13
-1.187485448554325953e-13
-8.831203920803781432e-14
-6.568017761378349237e-14
-4.884785471338188248e-14
-3.633699433091563048e-14
-2.703686462374447389e-14
-2.012890274443054938e-14
-1.499963643323382796e-14
-1.119335727700692507e-14
-8.371407721115097982e-15
-6.282662164123005010e-15
-4.738494544612325530e-15
-3.600452178077032389e-15
-2.764342456698870947e-15
-2.154119100583462183e-15
-1.712484274225271332e-15
-1.397694537995234264e-15
-1.178399040063180613e-15
-1.029961676425739248e-15
-9.346818837488901619e-16
-8.796445467918164923e-16
-8.512173664306473092e-16
-8.402009159520294455e-16
