# bin_4_2
-1.337889180986016129e-09
-1.360792697465405532e-09
-1.387032050772064481e-09
-1.416997737434358328e-09
-1.451102990717881273e-09
-1.489812347889333660e-09
-1.533650110373460101e-09
-1.583223096062664119e-09
-1.639167644182074908e-09
-1.702093454080369182e-09
-1.772550975554557750e-09
-1.851152145754590658e-09
-1.938679468380341986e-09
-2.035738225037761721e-09
-2.142638773758301789e-09
-2.259633445878909101e-09
-2.386516156463947226e-09
-2.522446207400064196e-09
-2.667595436777632853e-09
-2.823129437127215730e-09
-2.991190248223146938e-09
-3.172045358849218092e-09
-3.361859959489907947e-09
-3.559148276375730323e-09
-3.764857226743618675e-09
-3.976302941041534001e-09
-4.186745254668027087e-09
-4.389110026359813337e-09
-4.576452432916310160e-09
-4.736800605085072762e-09
-4.857632337310927632e-09
-4.926623521894465760e-09
-4.929423399429361153e-09
-4.855275939110118184e-09
-4.696056746310094745e-09
-4.450746006562911082e-09
-4.126690439434222772e-09
-3.741781058491301190e-09
-3.323718932271412904e-09
-2.905736861797182653e-09
-2.518179111521229865e-09
-2.177799794631092009e-09
-1.878456581497049061e-09
-1.601405622826727290e-09
-1.336264704703117502e-09
-1.091338775730091011e-09
-8.806935850494837340e-10
-7.112583850065539843e-10
-5.766780697615612624e-10
-4.632699985657481690e-10
-3.706449528329740706e-10
-2.977803989961465879e-10
-2.397332368165956372e-10
-1.937254349089663382e-10
-1.575045334425084097e-10
-1.288487666623221963e-10
-1.061085689536196118e-10
-8.791218436080284876e-11
-7.317929947818692323e-11
-6.107538580764757186e-11
-5.097030047454607100e-11
-4.240437473274652189e-11
-3.505612497191742372e-11
-2.871286884785359915e-11
-2.324175278730015307e-11
-1.856094432389069581e-11
-1.461346497916467935e-11
-1.134666369201490380e-11
-8.699771466239655916e-12
-6.600244221801866681e-12
-4.966848904660870488e-12
-3.716329459254237658e-12
-2.770383515745911415e-12
-2.060659889619488520e-12
-1.530989374615701263e-12
-1.137221375457307954e-12
-8.454438542553545079e-13
-6.296454322041053141e-13
-4.699965487072617462e-13
-3.514433249982656327e-13
-2.629515845245701593e-13
-1.967315113856560703e-13
-1.471681111500312326e-13
-1.100836258262705386e-13
-8.234149241534989726e-14
-6.159358176918735628e-14
-4.608135287480311090e-14
-3.448671370652106028e-14
-2.582228199212100877e-14
-1.934893126234498134e-14
-1.451407460948872934e-14
-1.090413613628300695e-14
-8.210262378026478851e-15
-6.201628847297887099e-15
-4.706200577552306337e-15
-3.596664043570581293e-15
-2.778689934603388551e-15
-2.181835024198581690e-15
-1.753438724792841757e-15
-1.463534509736365758e-15
