# bin_1_2
-3.235900156821205654e-10
-3.273723847674568888e-10
-3.316323174849402525e-10
-3.364015919577983673e-10
-3.417054359555081042e-10
-3.475700394293521276e-10
-3.540224896324572475e-10
-3.610948792777605508e-10
-3.688094768589469575e-10
-3.771407209740736250e-10
-3.859911320725321436e-10
-3.952180955048443015e-10
-4.046744876756254811e-10
-4.141493800105755979e-10
-4.231676489329057560e-10
-4.313097390322456903e-10
-4.382615970912479526e-10
-4.439399322509112867e-10
-4.485325137050251106e-10
-4.518111245478031695e-10
-4.528179477642775375e-10
-4.511825208062226931e-10
-4.474824106799573244e-10
-4.420582383265850717e-10
-4.343402915823268434e-10
-4.242281647523663056e-10
-4.120328742701213246e-10
-3.974107602244873574e-10
-3.799214833718345147e-10
-3.597794784486621371e-10
-3.366618909803085939e-10
-3.109852433059579825e-10
-2.831032945462222407e-10
-2.539147140531405375e-10
-2.244809205064897955e-10
-1.959943225222559252e-10
-1.694743884305857761e-10
-1.455278174133760540e-10
-1.242149903551003926e-10
-1.052203737903455636e-10
-8.830168906654436088e-11
-7.338366378182049402e-11
-6.036332529858379161e-11
-4.925406708753167066e-11
-4.011545337720354070e-11
-3.276393202421801955e-11
-2.670362263584966156e-11
-2.171785415274312879e-11
-1.773641886687759027e-11
-1.451176406611663587e-11
-1.190978449910695426e-11
-9.808267512251153483e-12
-8.104187460595542426e-12
-6.714001183467012409e-12
-5.571760585810346693e-12
-4.624689361058030920e-12
-3.832115239311488898e-12
-3.163162546765321808e-12
-2.595071088929062338e-12
-2.111481305429396799e-12
-1.700755957207484786e-12
-1.354404339027486385e-12
-1.065684801904716145e-12
-8.285515228358723751e-13
-6.370260041250341761e-13
-4.849784882241132769e-13
-3.662284665611231551e-13
-2.748058956554486788e-13
-2.052421202658907192e-13
-1.527822805985217690e-13
-1.134785264530023650e-13
-8.417181063694353478e-14
-6.239696822531983599e-14
-4.625932257353203043e-14
-3.431637973708318774e-14
-2.548242237173578429e-14
-1.894058012317238104e-14
-1.408525838829532673e-14
-1.047706299375729731e-14
-7.795321052010126877e-15
-5.800895782588140634e-15
-4.319407672700718299e-15
-3.218301640459353266e-15
-2.400744765045783088e-15
-1.794606909112969251e-15
-1.345483199610237178e-15
-1.013325006912867544e-15
-7.680826515820808243e-16
-5.872263737099047057e-16
-4.542140139577320300e-16
-3.566387269824444285e-16
-2.852595510738630451e-16
-2.334174853641670994e-16
-1.961186048244482742e-16
-1.697542129173718620e-16
-1.518560258989830696e-16
-1.404678840039282651e-16
-1.338688133739407232e-16
-1.304390658510109431e-16
-1.291068971440210764e-16
