# bin_5_4
-1.418988291887451324e-09
-1.438627980171253396e-09
-1.460819777933810962e-09
-1.485743661844402092e-09
-1.513540611001050209e-09
-1.544352726641581478e-09
-1.578320948209979580e-09
-1.615612108483479385e-09
-1.656315584618703448e-09
-1.700339061482212629e-09
-1.747355445876831227e-09
-1.796989555824386395e-09
-1.849059600320300773e-09
-1.903287546971220279e-09
-1.958682981919838371e-09
-2.013934278118997007e-09
-2.067358088537073758e-09
-2.116183713189177285e-09
-2.156911291645243944e-09
-2.188038639055324136e-09
-2.210195151893471619e-09
-2.225560308849148422e-09
-2.232008515775591147e-09
-2.222690698119719330e-09
-2.197895094316807334e-09
-2.161234357751275978e-09
-2.111609649936724202e-09
-2.045237803550874180e-09
-1.962676156516640227e-09
-1.867424717774715081e-09
-1.757809861718040431e-09
-1.637827212702219252e-09
-1.510817951342430721e-09
-1.379574718441402879e-09
-1.248209414492931619e-09
-1.118773825569459706e-09
-9.931368611875391757e-10
-8.726654774894691763e-10
-7.587927674354863188e-10
-6.530949400558322603e-10
-5.567337881999713675e-10
-4.704602997600217100e-10
-3.945321289092368460e-10
-3.289184801883953878e-10
-2.735675973149839609e-10
-2.273340314591542956e-10
-1.875900669674954872e-10
-1.528920592317304167e-10
-1.241245294807158101e-10
-1.013779157282249262e-10
-8.300922939236148521e-11
-6.765049457312920732e-11
-5.520674833225822417e-11
-4.518882201494755398e-11
-3.696238359667244660e-11
-3.026671619452876927e-11
-2.476341964937214903e-11
-2.023234845687223372e-11
-1.648757233839478398e-11
-1.338762298410575157e-11
-1.082158035063339641e-11
-8.701311062955353249e-12
-6.955392919848876506e-12
-5.524566798346057541e-12
-4.358682436953346662e-12
-3.414804012705485158e-12
-2.656014761195108479e-12
-2.050619210072381160e-12
-1.571564564986767281e-12
-1.195868156954835206e-12
-9.040574125261411163e-13
-6.796508310909653509e-13
-5.087317073366658880e-13
-3.796510818425123617e-13
-2.828211222054515783e-13
-2.105283112876150459e-13
-1.567112710390532095e-13
-1.167091401934245468e-13
-8.699075116867556480e-14
-6.492428542445051751e-14
-4.853313210898167074e-14
-3.633116715882420555e-14
-2.721067852556177793e-14
-2.039130758092187238e-14
-1.529339838563568923e-14
-1.148660358705515647e-14
-8.644332134520506874e-15
-6.525199809149540538e-15
-4.947271376144217669e-15
-3.773930015512208341e-15
-2.902957349299042482e-15
-2.258981086528051656e-15
-1.784743287734206577e-15
-1.438248279859991354e-15
-1.187566131283532894e-15
-1.008377069460200394e-15
-8.817139866064160894e-16
-7.933383924320622958e-16
-7.323430728142352702e-16
-6.913887309390773875e-16
