# bin_5_2
-1.370118347176029285e-09
-1.394312922340869948e-09
-1.422073293989185423e-09
-1.453832626525800755e-09
-1.490054799053450316e-09
-1.531263075212948024e-09
-1.578049530520561427e-09
-1.631098383795922425e-09
-1.691136442896973320e-09
-1.758880552740286001e-09
-1.835007561752915393e-09
-1.920271631080138700e-09
-2.015609863484065330e-09
-2.121807628600290179e-09
-2.239384705455762813e-09
-2.368821426782918879e-09
-2.510169774878228424e-09
-2.662878775555036778e-09
-2.827373796493969641e-09
-3.005027587076478325e-09
-3.198130009177186323e-09
-3.407121098337523778e-09
-3.628416414053100320e-09
-3.860594809511315267e-09
-4.104431337064958288e-09
-4.357004535124491289e-09
-4.611235612914608502e-09
-4.859418581712490969e-09
-5.093593463692776714e-09
-5.300516448981760021e-09
-5.465949815910874161e-09
-5.575371068742439755e-09
-5.611882474288234476e-09
-5.561792812961936479e-09
-5.413985526530463276e-09
-5.164732875680010185e-09
-4.819618805492201727e-09
-4.396469297608500910e-09
-3.925354372238663952e-09
-3.444559361214853682e-09
-2.991387452539723199e-09
-2.589534338491895214e-09
-2.236838240931547975e-09
-1.913926727834459291e-09
-1.606282112366527181e-09
-1.318409444754023688e-09
-1.065053632144136517e-09
-8.586820565580649215e-10
-6.960837512643521789e-10
-5.601960000577027297e-10
-4.478032667571719284e-10
-3.589894787694274713e-10
-2.886501726661227591e-10
-2.326533599041424010e-10
-1.886913166721054251e-10
-1.539397082119046218e-10
-1.264445285903512890e-10
-1.045261807836099385e-10
-8.686355472106234289e-11
-7.243050487624704948e-11
-6.044654231668568653e-11
-5.033682208600963740e-11
-4.169426670909250291e-11
-3.424528475066726816e-11
-2.781655923786404866e-11
-2.230175703239100294e-11
-1.763057047577373572e-11
-1.374341728846305115e-11
-1.057473261212373623e-11
-8.046246685212964429e-12
-6.068591942477659504e-12
-4.547946398685074606e-12
-3.394011364908611784e-12
-2.526387305329631475e-12
-1.877962726320978928e-12
-1.395410119721279349e-12
-1.037535702701233194e-12
-7.727102242553317389e-13
-5.768083544370326512e-13
-4.314449264328494292e-13
-3.230022275757094225e-13
-2.418237425016543644e-13
-1.810215920594659367e-13
-1.354939369940714293e-13
-1.014105094521887625e-13
-7.590105776667195441e-14
-5.681423981736352907e-14
-4.253660613057480022e-14
-3.185875149535253974e-14
-2.387469599836505771e-14
-1.790648537167665409e-14
-1.344638914463611397e-14
-1.011484913931171731e-14
-7.627968009154783997e-15
-5.773885874365925029e-15
-4.395427072554844616e-15
-3.375920827542432915e-15
-2.628264660807880128e-15
-2.087460287900399122e-15
-1.715143073052864230e-15
