# bin_2_2
-2.494474861260187545e-10
-2.528479077677092974e-10
-2.567088830157631087e-10
-2.610734339085067558e-10
-2.659832738831392949e-10
-2.714837687675266019e-10
-2.776251179783715934e-10
-2.844641771509294360e-10
-2.920550551093625497e-10
-3.004301919876602466e-10
-3.095761187507563362e-10
-3.194522280287632278e-10
-3.300181729967091266e-10
-3.411936846196930775e-10
-3.527558779976822307e-10
-3.644405571646113868e-10
-3.760756457875260862e-10
-3.876170622522154065e-10
-3.992160911209287821e-10
-4.108702339697066989e-10
-4.219408416654469568e-10
-4.320152563206262944e-10
-4.413645763205080015e-10
-4.501535507376481196e-10
-4.578824293611506740e-10
-4.640655930726142201e-10
-4.685104436232384021e-10
-4.706279777684110032e-10
-4.694090346318719308e-10
-4.643344086781320228e-10
-4.544478033159516872e-10
-4.392230293334206530e-10
-4.182523455507657319e-10
-3.916995702300271402e-10
-3.602478369581961354e-10
-3.252415700508925662e-10
-2.885135928618017141e-10
-2.521328634291853405e-10
-2.179653042596737091e-10
-1.872452967681911302e-10
-1.603361609207559029e-10
-1.366770544528703790e-10
-1.149510973173012431e-10
-9.451484945700739410e-11
-7.641891185294147670e-11
-6.197141005721400854e-11
-5.051834162888474906e-11
-4.086149332375076028e-11
-3.295628539211071613e-11
-2.665690837149543732e-11
-2.162137226043719783e-11
-1.759515749446213454e-11
-1.439310213492461128e-11
-1.183484111962947164e-11
-9.783746277740015644e-12
-8.125585608644206834e-12
-6.770629451822544941e-12
-5.649019243342845247e-12
-4.707811558226847563e-12
-3.908149210301789345e-12
-3.222549595792716266e-12
-2.632401727896960340e-12
-2.125531320079650714e-12
-1.693868307509771599e-12
-1.331382793305551702e-12
-1.032461368674662756e-12
-7.909134804996415650e-13
-5.996711737417402295e-13
-4.510504093339098290e-13
-3.373206818316364704e-13
-2.512994603971317858e-13
-1.867617573254844986e-13
-1.385998397423266139e-13
-1.027873707689022227e-13
-7.623057312218172888e-14
-5.658607745911818399e-14
-4.207478303482679017e-14
-3.133460065503623384e-14
-2.335313898518746338e-14
-1.740704430643217673e-14
-1.297411602620093681e-14
-9.670684119785200710e-15
-7.208943998940655277e-15
-5.375512840747393581e-15
-4.010443342829976112e-15
-2.994521050687098442e-15
-2.238860888167635955e-15
-1.677227371424925883e-15
-1.259950110274890684e-15
-9.502264979091871807e-16
-7.204796662704729970e-16
-5.503021074337341097e-16
-4.244831611561352353e-16
-3.317818554226693071e-16
-2.639210454816229687e-16
-2.149483345000656640e-16
-1.804870170560276230e-16
-1.571692662194999818e-16
-1.422585100793877472e-16
-1.344057040584132156e-16
