# bin_5_3
-5.641770054156651921e-10
-5.722671318135707093e-10
-5.814528524193436166e-10
-5.918338962379413338e-10
-6.035048189871025545e-10
-6.165686029401600723e-10
-6.311409215380339034e-10
-6.473583760873257357e-10
-6.653496660687935964e-10
-6.852034778399694778e-10
-7.069490466185016112e-10
-7.306249701346807389e-10
-7.562840030176515838e-10
-7.838725396535369991e-10
-8.131832562811463300e-10
-8.439650790727815451e-10
-8.755392045683535122e-10
-9.073621684048684291e-10
-9.393743113275636744e-10
-9.721946014347775994e-10
-1.006828638404165802e-09
-1.042742388750858589e-09
-1.078500974248261825e-09
-1.114742712546620990e-09
-1.152838838475541208e-09
-1.192433137668950972e-09
-1.231966135678534483e-09
-1.270829488198277218e-09
-1.308530253183793265e-09
-1.342406547186040595e-09
-1.371173760595018654e-09
-1.392766464583915547e-09
-1.405032888782154710e-09
-1.406103794062874039e-09
-1.393871305309482790e-09
-1.366253545907126673e-09
-1.321145150851937753e-09
-1.256752043290705233e-09
-1.172275943806895404e-09
-1.068903269726318390e-09
-9.512809772090372636e-10
-8.282542324843003123e-10
-7.113997937984484653e-10
-6.109564137612609286e-10
-5.298761512003419984e-10
-4.609350077266153864e-10
-3.895361969316482323e-10
-3.135887212597798241e-10
-2.485939389870627889e-10
-2.034716337965081370e-10
-1.661515330548847930e-10
-1.311146532772788167e-10
-1.048713302490821908e-10
-8.368615557959756556e-11
-6.671679970330874916e-11
-5.338394108509400286e-11
-4.286245957093901824e-11
-3.458522729328298455e-11
-2.805654703977733682e-11
-2.288534345526256171e-11
-1.876271312538704936e-11
-1.544703721996855800e-11
-1.275175848550912704e-11
-1.053405999522009245e-11
-8.685775662331594522e-12
-7.127346228562394833e-12
-5.802484782731667747e-12
-4.673408754563033666e-12
-3.715819893984110241e-12
-2.913437454644714354e-12
-2.253104737687827424e-12
-1.721277388113595772e-12
-1.302273960669875748e-12
-9.785646614174409928e-13
-7.322458189159651713e-13
-5.466938556381722760e-13
-4.077351813938359068e-13
-3.040504952734023219e-13
-2.269398491158449292e-13
-1.698534328885391642e-13
-1.276546583905458221e-13
-9.615496324057799704e-14
-7.244461860586228418e-14
-5.457374809286260594e-14
-4.110875532605129314e-14
-3.096607596359240237e-14
-2.332879692992373028e-14
-1.757992586141057168e-14
-1.325372279483142498e-14
-9.999097698856818998e-15
-7.551336454625232695e-15
-5.710984187019945793e-15
-4.328054710366650451e-15
-3.289542152242136566e-15
-2.510585278089668497e-15
-1.927345175062186035e-15
-1.491793801804358625e-15
-1.167611006954422882e-15
-9.272246740786280680e-16
-7.500245245406830570e-16
