# bin_6_3
-5.833512793687544567e-10
-5.920822569150481276e-10
-6.020199406285444556e-10
-6.132837283503847709e-10
-6.259913566846356882e-10
-6.402727190740306764e-10
-6.562746189271225025e-10
-6.741694676357108860e-10
-6.941277575074966856e-10
-7.162873885561705821e-10
-7.407354832388916505e-10
-7.675767032409382385e-10
-7.969388064026854150e-10
-8.288553918014774772e-10
-8.632201919381037811e-10
-8.998951979502357763e-10
-9.383343494183058582e-10
-9.781348062529155987e-10
-1.019377062559495735e-09
-1.062814013377658907e-09
-1.109581702327774475e-09
-1.159306021263618324e-09
-1.210722992001651986e-09
-1.264586098478718147e-09
-1.322339963833823769e-09
-1.383691853558192447e-09
-1.447095369166606175e-09
-1.511839374084199217e-09
-1.577218202421169547e-09
-1.640248448994533758e-09
-1.699097307064846238e-09
-1.750946397042125098e-09
-1.792635720422497682e-09
-1.820996542985587148e-09
-1.832328488645639310e-09
-1.822673715410621947e-09
-1.787851000446889178e-09
-1.723981119304573441e-09
-1.628536705841857637e-09
-1.501918567962475852e-09
-1.349674436443252284e-09
-1.183857542386492670e-09
-1.021511074296729650e-09
-8.791825145387769046e-10
-7.639332770630992665e-10
-6.679472486519371449e-10
-5.707980381009885172e-10
-4.645748010937221003e-10
-3.680586712779220700e-10
-2.987383376318858131e-10
-2.447992667232516243e-10
-1.941816445568960266e-10
-1.541702093144773511e-10
-1.229469078328142593e-10
-9.761136949613097096e-11
-7.777639204046005322e-11
-6.213940791384330908e-11
-4.990102564061696657e-11
-4.029570286308953066e-11
-3.274037345747812203e-11
-2.676569747261819512e-11
-2.200241809570094685e-11
-1.816384053456665537e-11
-1.502972011009464275e-11
-1.243281977592669371e-11
-1.024972823969254438e-11
-8.393168982832900462e-12
-6.804972961494670539e-12
-5.448812036906266123e-12
-4.302169676392916665e-12
-3.348757188908586753e-12
-2.572709856706098795e-12
-1.955217557624594672e-12
-1.474125683115308267e-12
-1.105665739289764629e-12
-8.268467445455603353e-13
-6.174181292696151494e-13
-4.608288178902534836e-13
-3.441816357969158373e-13
-2.576928148623267982e-13
-1.937459199759198857e-13
-1.461082930386707881e-13
-1.102580287752974740e-13
-8.319388355823364399e-14
-6.276507951498451976e-14
-4.734902535797476709e-14
-3.571967646047692923e-14
-2.694957037328685024e-14
-2.033746790439140554e-14
-1.535371858113555738e-14
-1.159827733469073584e-14
-8.769160894531505493e-15
-6.638732280457640382e-15
-5.035199312000621050e-15
-3.829209920380363258e-15
-2.923266968934854785e-15
-2.243889133738357420e-15
-1.735515433489599264e-15
-1.356033254822355499e-15
-1.073858340722946413e-15
