# bin_6_4
-1.743382771638870371e-09
-1.768284455788915973e-09
-1.796448158364645119e-09
-1.828106616545759983e-09
-1.863442542728148441e-09
-1.902631702193590132e-09
-1.945857936017828934e-09
-1.993328481388495898e-09
-2.045134948599328735e-09
-2.101110810951091116e-09
-2.160753949749816356e-09
-2.223499079620006938e-09
-2.289076273928033246e-09
-2.357148819037317265e-09
-2.427008676942228214e-09
-2.497460530283689719e-09
-2.566626817745028884e-09
-2.632119288319356090e-09
-2.689731123616999017e-09
-2.735134226974598768e-09
-2.767202160129059846e-09
-2.788211119750404719e-09
-2.801477685525287455e-09
-2.801686404301885290e-09
-2.780592289732620357e-09
-2.741633916243291689e-09
-2.688443655340934194e-09
-2.618247582598860558e-09
-2.526742762055159384e-09
-2.417089182378221646e-09
-2.293573628207129253e-09
-2.154226112649779368e-09
-2.006456505999760432e-09
-1.852311324184224549e-09
-1.696323655862677867e-09
-1.540982758978136101e-09
-1.387939938306759847e-09
-1.238166948946890032e-09
-1.093412067044408573e-09
-9.552260072878532653e-10
-8.252202782711984923e-10
-7.050634570618813993e-10
-5.963340501515922168e-10
-5.006677285503621601e-10
-4.195194087154441087e-10
-3.519713795705920575e-10
-2.939371509822071754e-10
-2.418640648526163638e-10
-1.963535452786836595e-10
-1.592670100107209610e-10
-1.301352396248729148e-10
-1.061140511678780000e-10
-8.595407636064557571e-11
-6.987976695725348689e-11
-5.680091538411504853e-11
-4.617790732561459716e-11
-3.754395379218703512e-11
-3.051379387293199676e-11
-2.476957098884714643e-11
-2.007002284403622506e-11
-1.622143614275482861e-11
-1.307018376380999126e-11
-1.049298763850788601e-11
-8.389563931728039001e-12
-6.677294797611672349e-12
-5.287547659458736673e-12
-4.163270064365901687e-12
-3.257196055156817651e-12
-2.530443191844244022e-12
-1.951137209835540287e-12
-1.493037675676677098e-12
-1.134267528084482144e-12
-8.562911255185430093e-13
-6.432219708819780423e-13
-4.814804621453938193e-13
-3.596557701605822384e-13
-2.683993232859835850e-13
-2.002650268736722002e-13
-1.495103178559115813e-13
-1.117566980375519971e-13
-8.370190782018931374e-14
-6.282636336880947533e-14
-4.722574636222248636e-14
-3.551492920535422692e-14
-2.672777278040362890e-14
-2.012859008326468503e-14
-1.518396023485507587e-14
-1.147662013165215546e-14
-8.700250573537281502e-15
-6.623477836331837509e-15
-5.071857754636000598e-15
-3.916058310198741953e-15
-3.056825653516411392e-15
-2.421678997918860806e-15
-1.955081728232973555e-15
-1.614892293078486768e-15
-1.368517063000766670e-15
-1.191353940192696634e-15
-1.064760878178599460e-15
-9.755289096382501778e-16
