# bin_3_2
-8.277026017725560777e-10
-8.408452713347684858e-10
-8.558628357140509393e-10
-8.729632547762032620e-10
-8.923630948116620814e-10
-9.143040767295309456e-10
-9.390582328596273146e-10
-9.669400991563483639e-10
-9.982725689576316384e-10
-1.033346543679670197e-09
-1.072410672126242440e-09
-1.115671028348219343e-09
-1.163337146846816620e-09
-1.215528801647561872e-09
-1.272181894251629547e-09
-1.332988828885667489e-09
-1.397326907020645835e-09
-1.465025334171250286e-09
-1.536421710430807783e-09
-1.612485134712943535e-09
-1.693463442140009388e-09
-1.777302888361235167e-09
-1.862915484606068119e-09
-1.951197822189932807e-09
-2.041728926725928280e-09
-2.131697027835049749e-09
-2.218103806955624452e-09
-2.298368408014325999e-09
-2.367669577366284789e-09
-2.420077367168640845e-09
-2.450507124996887694e-09
-2.452182992433627800e-09
-2.419914191005524912e-09
-2.349224861933124419e-09
-2.238657447829549433e-09
-2.089996134737865501e-09
-1.909646742449381337e-09
-1.708585908454939081e-09
-1.501249055453918246e-09
-1.302776643575470462e-09
-1.124714959848138848e-09
-9.705945568215267545e-10
-8.333284714210883971e-10
-7.030654551817652383e-10
-5.784251407253322407e-10
-4.681901503867854768e-10
-3.783971603011943702e-10
-3.068155133945494047e-10
-2.481512809078698902e-10
-1.988464888676369877e-10
-1.598173382431783031e-10
-1.288850273724268898e-10
-1.041786963174719765e-10
-8.468979557783520956e-11
-6.925336328927579032e-11
-5.699553140669851747e-11
-4.719335070285298414e-11
-3.927283365291637032e-11
-3.278535522338182836e-11
-2.738882044365372925e-11
-2.282980676511250919e-11
-1.892800351371538533e-11
-1.556132306672310269e-11
-1.265195790496095165e-11
-1.015227526024068190e-11
-8.031348076187064564e-12
-6.263511687103921447e-12
-4.820486363649012952e-12
-3.667909314895840469e-12
-2.765910573606941216e-12
-2.072171318580390612e-12
-1.545712329169507693e-12
-1.149917353995472287e-12
-8.541446508452032867e-13
-6.339962508371147374e-13
-4.706751587185032423e-13
-3.498686918946777652e-13
-2.605914010968362958e-13
-1.944835128642415444e-13
-1.452943884434821998e-13
-1.085573033429524126e-13
-8.109855236917595900e-14
-6.058216238338522093e-14
-4.525438143189831300e-14
-3.380690855503442786e-14
-2.526049897957110219e-14
-1.888129472989585411e-14
-1.412131186866576282e-14
-1.057085150138418811e-14
-7.923094076585383213e-15
-5.949468986109918817e-15
-4.479040367315641469e-15
-3.384294530823676481e-15
-2.570342888354595644e-15
-1.966625068618343523e-15
-1.521222633455295780e-15
-1.195817659677796667e-15
-9.618490568816087930e-16
-7.976909185949913794e-16
-6.923183227370659972e-16
