# bin_5_1
-7.787330591012722366e-09
-7.919503409156644173e-09
-8.070561213668473749e-09
-8.242558791928450733e-09
-8.437573829266808769e-09
-8.657876198938888489e-09
-8.905919758893780304e-09
-9.184463113560438415e-09
-9.496152555061320592e-09
-9.843106601315182527e-09
-1.022667418977736274e-08
-1.064810725045885932e-08
-1.110941005545500097e-08
-1.161209640830866792e-08
-1.215460607798958961e-08
-1.273360378559992324e-08
-1.334351669332265072e-08
-1.397336160327274000e-08
-1.460773832576188353e-08
-1.523715567656139502e-08
-1.585811115198247100e-08
-1.647034216069324200e-08
-1.705334584182734881e-08
-1.756478299777730194e-08
-1.798757706745156574e-08
-1.831532102460131291e-08
-1.852113653043411851e-08
-1.856624700233470233e-08
-1.842894266076297456e-08
-1.810040600539686744e-08
-1.755484073811491549e-08
-1.679546627307793186e-08
-1.583305217231973785e-08
-1.468938117294430104e-08
-1.340687546695565875e-08
-1.203596196066810997e-08
-1.063924713324484330e-08
-9.280702080140088182e-09
-8.014979832223907165e-09
-6.872337369445415041e-09
-5.852417383124512070e-09
-4.943046393198976318e-09
-4.128454627986090964e-09
-3.399990594235363987e-09
-2.769222600471488481e-09
-2.253486886808295733e-09
-1.832484532594076224e-09
-1.482479453149663542e-09
-1.202755964034802655e-09
-9.768911361653114857e-10
-7.949521542440701554e-10
-6.499923658303775987e-10
-5.337325788520747199e-10
-4.402841120129817201e-10
-3.646896583597314450e-10
-3.029805930737769078e-10
-2.520773405655818095e-10
-2.096153437566582719e-10
-1.738254682573041489e-10
-1.434153357123725797e-10
-1.174605941095052661e-10
-9.530961721916215947e-11
-7.649759196130387069e-11
-6.067244741052306192e-11
-4.753654306163608323e-11
-3.680619194773259517e-11
-2.819125755302708904e-11
-2.139270336641299347e-11
-1.611197696508742746e-11
-1.206559970790750217e-11
-8.998647361455852824e-12
-6.693055141452464229e-12
-4.970030951762495825e-12
-3.687818646063504778e-12
-2.736440259433418670e-12
-2.031896708702723572e-12
-1.510607288261006983e-12
-1.124402836430760165e-12
-8.376033997634968542e-13
-6.242277295744698980e-13
-4.652597603528918105e-13
-3.468003163329860037e-13
-2.585038602206893498e-13
-1.927181320759958999e-13
-1.437156180293781508e-13
-1.072353467884208070e-13
-8.008209946781236909e-14
-5.988692176526350375e-14
-4.488011373170812092e-14
-3.374049963825663157e-14
-2.548352270871445717e-14
-1.938287810146216105e-14
-1.489234668157239907e-14
-1.161068154222484106e-14
-9.236277952930958902e-15
-7.544224200388544151e-15
-6.366752976462428826e-15
-5.590073676929801343e-15
-5.102804074573838469e-15
-4.837262000653301934e-15
