# bin_4_1
-6.349961674962066714e-09
-6.455418926106497683e-09
-6.575889254991930662e-09
-6.712998003575431602e-09
-6.868384016785685673e-09
-7.043848795892152278e-09
-7.241357168330521544e-09
-7.463087183332266050e-09
-7.711171607467962399e-09
-7.987338982459675992e-09
-8.292728965057161080e-09
-8.628347567262604601e-09
-8.995733400936890574e-09
-9.395066528901138485e-09
-9.824253580406389790e-09
-1.028000064155882644e-08
-1.075671891055691047e-08
-1.124291900963684354e-08
-1.173051424683409273e-08
-1.221470457601414021e-08
-1.269518849181407282e-08
-1.316552296008513942e-08
-1.359686513738635108e-08
-1.396647337866463914e-08
-1.427123958414105787e-08
-1.449743863182697669e-08
-1.461807937912464912e-08
-1.460853837164075500e-08
-1.445956522104639024e-08
-1.415479574545203718e-08
-1.368074770843253314e-08
-1.304477868558787596e-08
-1.225190380852563004e-08
-1.132735251248345344e-08
-1.030171869475617771e-08
-9.218591529678165221e-09
-8.124888636241870522e-09
-7.069559392922040442e-09
-6.092982090812346565e-09
-5.215383224572503992e-09
-4.433874294873427218e-09
-3.737853886338525582e-09
-3.115511475655535034e-09
-2.560926664728644742e-09
-2.082831951227144498e-09
-1.693806898808522646e-09
-1.377555443218602261e-09
-1.115097141229875590e-09
-9.051976123011209661e-10
-7.357280195750207313e-10
-5.994737145349113977e-10
-4.908597263087918561e-10
-4.036200128617369405e-10
-3.334031618091237923e-10
-2.764704004471777693e-10
-2.298736777639100844e-10
-1.913267796865539713e-10
-1.590834899295489431e-10
-1.318428997108076291e-10
-1.086591122626186975e-10
-8.885732212400461908e-11
-7.196176684669553627e-11
-5.763023049451575980e-11
-4.559877176976688285e-11
-3.563879002359747757e-11
-2.752828478856363617e-11
-2.103855099500904384e-11
-1.593425970643888721e-11
-1.198195813917132015e-11
-8.961806840240275240e-12
-6.677823635947924013e-12
-4.963774340096807156e-12
-3.684405131313056634e-12
-2.733163595714173780e-12
-2.027769561351548276e-12
-1.505573706420897549e-12
-1.119264484333258764e-12
-8.330446260474059363e-13
-6.204502215999023400e-13
-4.622602927308127729e-13
-3.444301080323781668e-13
-2.566420590376459511e-13
-1.912300256088447130e-13
-1.425291066177529071e-13
-1.062617168880649352e-13
-7.927067846841132130e-14
-5.919799069831056445e-14
-4.427550777140208458e-14
-3.319206385811693154e-14
-2.497435695170655184e-14
-1.888731310983354548e-14
-1.439492266655761407e-14
-1.109478772724436942e-14
-8.688328173215352922e-15
-6.953484186815223742e-15
-5.722513550350334041e-15
-4.872575454098394321e-15
-4.317678098421722762e-15
-3.975459482917464214e-15
-3.794929480219982159e-15
