# bin_1_1
-1.853646598598395243e-09
-1.878940231647993710e-09
-1.907641856747932240e-09
-1.940061557887941482e-09
-1.976493378771789227e-09
-2.017250265574281389e-09
-2.062659638433185542e-09
-2.113080341063921536e-09
-2.168824985324248327e-09
-2.229974523470400461e-09
-2.296250928869809907e-09
-2.367123888181305025e-09
-2.441977292507964057e-09
-2.519802954651693223e-09
-2.598216919031427833e-09
-2.674926907342056182e-09
-2.747917541481188855e-09
-2.815984337086415863e-09
-2.878867346894412831e-09
-2.933932970739486456e-09
-2.974665176904399456e-09
-2.996970144585824015e-09
-3.000980477921250225e-09
-2.985637711511632011e-09
-2.945796201259637596e-09
-2.879186679917221511e-09
-2.786547382323158640e-09
-2.666750580657107127e-09
-2.519596560950959759e-09
-2.349406050234041282e-09
-2.159000794011862877e-09
-1.955521939325144949e-09
-1.745723618376067070e-09
-1.537807115016165133e-09
-1.338668722591476391e-09
-1.153657250241186921e-09
-9.858225318758147565e-10
-8.361961052269138260e-10
-7.043313700825093936e-10
-5.884185820657203182e-10
-4.865448577789451907e-10
-3.985238416333649295e-10
-3.250844349767898141e-10
-2.651794187653139350e-10
-2.162694917949733436e-10
-1.766348509186579058e-10
-1.445122215892819527e-10
-1.185039107813858514e-10
-9.764141589150706991e-11
-8.073786064675330461e-11
-6.701832949854802677e-11
-5.579318512404388715e-11
-4.652836907648182566e-11
-3.880552552113286034e-11
-3.230518610767879454e-11
-2.678835896015228792e-11
-2.207993149187937614e-11
-1.805372138817410689e-11
-1.461884480603046239e-11
-1.170782486789079590e-11
-9.266671743992279638e-12
-7.247456688094196797e-12
-5.603539698640741113e-12
-4.287470666390889262e-12
-3.251139574453318005e-12
-2.447363532650616709e-12
-1.832006844244563111e-12
-1.365789168376542801e-12
-1.015346549017411354e-12
-7.534285856908686012e-13
-5.584619818480751684e-13
-4.137472826655280448e-13
-3.065505686671432169e-13
-2.272476174430491590e-13
-1.685841177351229019e-13
-1.251499883997410935e-13
-9.294193403386674374e-14
-6.902976050115375568e-14
-5.127238745519374321e-14
-3.808997482532775186e-14
-2.830036611558508029e-14
-2.103982200928752293e-14
-1.565199885065006530e-14
-1.165775770834046301e-14
-8.700806255332938111e-15
-6.513183270729143409e-15
-4.898221435609587416e-15
-3.709030926295495850e-15
-2.835710371480718756e-15
-2.197978141914255209e-15
-1.735742831165149295e-15
-1.403985137707709689e-15
-1.170531767930363647e-15
-1.010733204778564942e-15
-9.058719021350221804e-16
-8.408288443992030502e-16
-8.041142074458000262e-16
-7.869955034906729128e-16
-7.804607120959701307e-16
-7.787919033949708145e-16
