# bin_4_3
-3.532190053876206707e-10
-3.579998711796211208e-10
-3.634094152549592632e-10
-3.694975004406188414e-10
-3.763079185429622499e-10
-3.838871290593464306e-10
-3.922866881947720289e-10
-4.015683113224343339e-10
-4.117840680171636822e-10
-4.229543456706570427e-10
-4.350542537340203837e-10
-4.480590708385310762e-10
-4.619469558202080212e-10
-4.766178933137405039e-10
-4.918616499516104553e-10
-5.074311865941503137e-10
-5.227862605159426347e-10
-5.374706928657683475e-10
-5.513464548399549141e-10
-5.647257774544987913e-10
-5.781785284576153826e-10
-5.912488055755636977e-10
-6.028867052917838021e-10
-6.134422785913168206e-10
-6.237803356381588142e-10
-6.336496038776173180e-10
-6.420591663172207670e-10
-6.487265527976925723e-10
-6.535263787123958937e-10
-6.550136235775788879e-10
-6.528043406782287085e-10
-6.461529476855061460e-10
-6.344387471349347833e-10
-6.174219670518133304e-10
-5.948965916254482558e-10
-5.668408644143135323e-10
-5.333041339138562523e-10
-4.944598537894096363e-10
-4.507564685560700013e-10
-4.031156118556395346e-10
-3.533840700704364543e-10
-3.044915241603252588e-10
-2.597862909474590383e-10
-2.217806110989472215e-10
-1.906275760973074221e-10
-1.633134759926941529e-10
-1.355361925846048349e-10
-1.082958733873420875e-10
-8.670296879671812516e-11
-7.131574244884684097e-11
-5.767566698176276234e-11
-4.575535021863187154e-11
-3.692999555814787869e-11
-2.956401561356191428e-11
-2.380225078456022629e-11
-1.919615655430976134e-11
-1.555009505950481467e-11
-1.264830112595426793e-11
-1.032897213708729159e-11
-8.463592950646829767e-12
-6.951896936219468010e-12
-5.716564227724266481e-12
-4.698555823869506371e-12
-3.852825074631742904e-12
-3.145216491093105563e-12
-2.550217945901195705e-12
-2.049101096128458340e-12
-1.628349729317316197e-12
-1.278086531233817145e-12
-9.904825316487005336e-13
-7.584787936850296942e-13
-5.749681626319531520e-13
-4.325374155252881989e-13
-3.237453720628122698e-13
-2.416137828737495134e-13
-1.800614579430243706e-13
-1.341228060123416723e-13
-9.992677688512140768e-14
-7.453991197868599479e-14
-5.576349469765443173e-14
-4.185825330395799907e-14
-3.145818989297858270e-14
-2.364338992291949475e-14
-1.776953488784955546e-14
-1.335651640998727745e-14
-1.004177884595864099e-14
-7.553155789492842724e-15
-5.685515090945502880e-15
-4.284355600952351607e-15
-3.233579867494456676e-15
-2.445882546545267040e-15
-1.855674776284215821e-15
-1.413861339472601538e-15
-1.083537868176683741e-15
-8.371379402162945246e-16
-6.539888373416094656e-16
-5.185781539027226574e-16
-4.191393588915583876e-16
-3.466768634580889911e-16
-2.945064172071818147e-16
