# bin_3_3
-3.533817692797193496e-10
-3.578066482002552115e-10
-3.627960307581439888e-10
-3.683879946885933502e-10
-3.746135078917064917e-10
-3.815044318047221998e-10
-3.890949408826881338e-10
-3.974269034342647746e-10
-4.065290782884870855e-10
-4.163929690034393629e-10
-4.269661671900015166e-10
-4.381522035160015143e-10
-4.498376505304933074e-10
-4.618411135160488723e-10
-4.738634989995607569e-10
-4.854604837583210294e-10
-4.960107233752597507e-10
-5.051633733049445714e-10
-5.128869603173749082e-10
-5.195604532305176431e-10
-5.252322695390332702e-10
-5.287597517752909620e-10
-5.297040248078206959e-10
-5.289447214388286362e-10
-5.268537308668249654e-10
-5.227404296211006650e-10
-5.161554332385211983e-10
-5.073006589265512160e-10
-4.955653337503681960e-10
-4.801908547687974941e-10
-4.613407202897619199e-10
-4.385189110846655026e-10
-4.121337037910046710e-10
-3.825223083057406389e-10
-3.506006411071563480e-10
-3.172619056347566428e-10
-2.835391708031403236e-10
-2.504237399438182678e-10
-2.187105398037602030e-10
-1.889279108819162225e-10
-1.614822497652783385e-10
-1.367386968617885386e-10
-1.148633927068218636e-10
-9.593269970840742779e-11
-7.982347166861516441e-11
-6.587543183654618603e-11
-5.351960238543648652e-11
-4.316525717958347661e-11
-3.515845130756006148e-11
-2.863791962059892517e-11
-2.315031098708727514e-11
-1.881653803912819981e-11
-1.533057129506551920e-11
-1.251929941035568758e-11
-1.026094566641325712e-11
-8.433503299007819320e-12
-6.945694283401307659e-12
-5.725082656200961877e-12
-4.715219254943603478e-12
-3.873485627799239965e-12
-3.168079492396452494e-12
-2.575461099673520781e-12
-2.078046010434207031e-12
-1.662273587380784205e-12
-1.317193196356045839e-12
-1.033467083213710789e-12
-8.027820870649369572e-13
-6.175465960637847038e-13
-4.707661514192703976e-13
-3.560199094327328344e-13
-2.674867137003542044e-13
-1.999862211931366580e-13
-1.490296223614114130e-13
-1.108494024758046446e-13
-8.238624315597478125e-14
-6.123220039923113479e-14
-4.553690726331972147e-14
-3.389352163890509723e-14
-2.525987619736762604e-14
-1.885697687674959918e-14
-1.409180549646001167e-14
-1.053335272515991805e-14
-7.876482989288557116e-15
-5.891844549460864725e-15
-4.410535699182291301e-15
-3.305953553598215627e-15
-2.482565018926076059e-15
-1.869329819265436765e-15
-1.413076992785303998e-15
-1.073726007157024503e-15
-8.216717981538642922e-16
-6.346925933416401288e-16
-4.963072776125747600e-16
-3.943734405919318467e-16
-3.198336309054478906e-16
-2.659636341196098546e-16
-2.277667944985543401e-16
-2.013525038290375280e-16
-1.836416558046659898e-16
-1.723960545159921199e-16
