# bin_4_4
-1.455112528709385921e-09
-1.474687247256028241e-09
-1.496791072744537676e-09
-1.521600560047946295e-09
-1.549253029705809757e-09
-1.579889864143114638e-09
-1.613656069086731451e-09
-1.650716429614903049e-09
-1.691171553835198447e-09
-1.734949866548215764e-09
-1.781755449228325745e-09
-1.831229563467697669e-09
-1.883186363717043518e-09
-1.937042310475019132e-09
-1.991565511306207146e-09
-2.045275641112152408e-09
-2.096165066096552030e-09
-2.140649492677050989e-09
-2.176608368879180580e-09
-2.203464906259040021e-09
-2.222677389132347277e-09
-2.234492190609527307e-09
-2.232891448166913351e-09
-2.214550814996303723e-09
-2.183047157019117752e-09
-2.139196351628820256e-09
-2.080064371084202770e-09
-2.003686276771740415e-09
-1.912908413292228794e-09
-1.807954553769576150e-09
-1.689048840869081112e-09
-1.561290917329719179e-09
-1.426444579945178419e-09
-1.289529620371573621e-09
-1.153498694861156158e-09
-1.021688656172574344e-09
-8.956198741344354321e-10
-7.769511466284183835e-10
-6.672385169997788888e-10
-5.678047447105374365e-10
-4.793832564395591461e-10
-4.020186355796900267e-10
-3.350416464562898808e-10
-2.775321778122215488e-10
-2.289709085996043748e-10
-1.884573379980111113e-10
-1.542864413733696297e-10
-1.256147183387398856e-10
-1.025275018710771672e-10
-8.401870299121670419e-11
-6.878071580500724754e-11
-5.634237998216382766e-11
-4.629790554943873092e-11
-3.807385304449644136e-11
-3.133616757736837356e-11
-2.578290706982833673e-11
-2.118128073698756607e-11
-1.735119738489402759e-11
-1.415403208651830546e-11
-1.148360519937811753e-11
-9.257034337164095067e-12
-7.408091085042795784e-12
-5.882051149985823042e-12
-4.632189414090501448e-12
-3.617611016565253589e-12
-2.802019434889003476e-12
-2.153076162404264907e-12
-1.642092922877021163e-12
-1.243900551865118904e-12
-9.367169138105997310e-13
-7.019844806517887422e-13
-5.241433088654659496e-13
-3.903718532252961956e-13
-2.903094423097137474e-13
-2.157543032258625180e-13
-1.603436161622322432e-13
-1.192203969500474533e-13
-8.871269359600526126e-14
-6.606753869543165694e-14
-4.925261144281803359e-14
-3.675351480722510076e-14
-2.744458934088426401e-14
-2.050023553488371284e-14
-1.532893252448657927e-14
-1.147382845461634065e-14
-8.604479188124329263e-15
-6.472489236515018930e-15
-4.889047174266764588e-15
-3.715074346786103210e-15
-2.847452836769092401e-15
-2.206913344957714285e-15
-1.736758015148796922e-15
-1.393928176269746061e-15
-1.146529213278115100e-15
-9.706724804871890572e-16
-8.477970557367682076e-16
-7.635848678471096315e-16
-7.070066310617411452e-16
-6.698213355536052896e-16
-6.465782783630518548e-16
