# bin_3_1
-4.195215170519443064e-09
-4.262286128966692698e-09
-4.338861958955205220e-09
-4.425966831863933960e-09
-4.524652082147132822e-09
-4.636061147365348447e-09
-4.761440121197156753e-09
-4.902179411080382852e-09
-5.059629293132891741e-09
-5.234882688112751254e-09
-5.428693028262189745e-09
-5.641416989505666709e-09
-5.873166083339074403e-09
-6.123305605513823284e-09
-6.389934220712247030e-09
-6.669495333410259135e-09
-6.956338745595256625e-09
-7.246260777958880468e-09
-7.536660440163249267e-09
-7.827071387450155511e-09
-8.112745656464752725e-09
-8.377284816626164179e-09
-8.608631472579708336e-09
-8.804542470452903221e-09
-8.957756994915822218e-09
-9.052034081511231057e-09
-9.073970728704894059e-09
-9.017249476813486267e-09
-8.870795560281678661e-09
-8.624907458258547001e-09
-8.281006961078244227e-09
-7.838815441005558783e-09
-7.309828751092612728e-09
-6.708932115982596605e-09
-6.059260873580817691e-09
-5.386822673769644774e-09
-4.720520710448879289e-09
-4.087709667960895275e-09
-3.509446027682675031e-09
-2.994115936659922136e-09
-2.536908382409455840e-09
-2.130244507980536047e-09
-1.767945192611039193e-09
-1.447749937505394945e-09
-1.174601279483935842e-09
-9.546795129685214117e-10
-7.771038289693960659e-10
-6.298200489159171669e-10
-5.117588564297947850e-10
-4.167110541415064101e-10
-3.405461534913114456e-10
-2.796049309779553062e-10
-2.305605965944694108e-10
-1.909434015593611474e-10
-1.586603033805909165e-10
-1.320928801867661262e-10
-1.099875307023547756e-10
-9.139740637212830875e-11
-7.562374740497771894e-11
-6.216250509596374337e-11
-5.065589669961027755e-11
-4.085035973138331388e-11
-3.255930340404448058e-11
-2.563236971768275384e-11
-1.993267805014964449e-11
-1.532289216511315119e-11
-1.166032232613030300e-11
-8.799322497433519821e-12
-6.597719359491754863e-12
-4.924134212546554708e-12
-3.663652251550914505e-12
-2.720517910447884666e-12
-2.018010783030297098e-12
-1.496415783434050235e-12
-1.109991386597604913e-12
-8.240795231846041043e-13
-6.126040374917081435e-13
-4.558639402664811122e-13
-3.393924503161387785e-13
-2.527155913486559465e-13
-1.881788127001221300e-13
-1.401192005396638401e-13
-1.043541376242080630e-13
-7.773424832710831126e-14
-5.793182369618520320e-14
-4.321056522390973551e-14
-3.227041241825398819e-14
-2.414727327322139261e-14
-1.812382924403889313e-14
-1.366177540245585272e-14
-1.036536703572048835e-14
-7.938973460547864560e-15
-6.162137793926430500e-15
-4.873660223655353805e-15
-3.952488451766879554e-15
-3.305457818067422396e-15
-2.866077885278527663e-15
-2.587026983360396690e-15
-2.421640848425234334e-15
-2.340541332405584908e-15
