# bin_1_3
-1.352120876777751860e-10
-1.366311132942565915e-10
-1.382187128487696081e-10
-1.399819081235226035e-10
-1.419237700749317629e-10
-1.440467679740444212e-10
-1.463527204528129722e-10
-1.488446266512622971e-10
-1.515199555598379232e-10
-1.543533605785156865e-10
-1.572858915783107820e-10
-1.602375468019220831e-10
-1.631262897574595037e-10
-1.658416100671111064e-10
-1.681540707175761500e-10
-1.698623082337632928e-10
-1.708173449109403038e-10
-1.709815437461460507e-10
-1.704492163699010335e-10
-1.691362936701058346e-10
-1.666399255573249394e-10
-1.628404163484337655e-10
-1.580671628578254117e-10
-1.525588011899964982e-10
-1.461562099066125356e-10
-1.389286014419688751e-10
-1.311442655099840142e-10
-1.227847503539198526e-10
-1.137961676605549280e-10
-1.044241453454608626e-10
-9.465852445804048533e-11
-8.478491569366809490e-11
-7.498299536314782381e-11
-6.556231372398819139e-11
-5.676406371943550966e-11
-4.877078920697828949e-11
-4.165008862137444305e-11
-3.538331697096040956e-11
-2.988531755060213531e-11
-2.504242107677638415e-11
-2.079753982408603263e-11
-1.714695938888975867e-11
-1.407847495262345978e-11
-1.155108491500061435e-11
-9.491557810438345975e-12
-7.809108829783025037e-12
-6.421431780139878837e-12
-5.276251160678604558e-12
-4.338047808148514634e-12
-3.574249096833214480e-12
-2.951594884916876851e-12
-2.437186559441041336e-12
-2.012184444986450794e-12
-1.660595703519134655e-12
-1.367703784397492590e-12
-1.122767676173070085e-12
-9.172392437322737830e-13
-7.444954602148772215e-13
-5.994547127360698237e-13
-4.782162311157678336e-13
-3.776731281684117185e-13
-2.952089292967682315e-13
-2.284684445942979048e-13
-1.752289655277614305e-13
-1.333633014708121098e-13
-1.008685128033889273e-13
-7.592291912311745019e-14
-5.693538432286920017e-14
-4.257370090990560784e-14
-3.176107720820100772e-14
-2.365014767822932356e-14
-1.758571374254893823e-14
-1.306518890356862353e-14
-9.703796974432865195e-15
-7.207863429003774103e-15
-5.355905311348422772e-15
-3.980575973996969297e-15
-2.958642945010095598e-15
-2.199644900817438465e-15
-1.636572553044467873e-15
-1.218587623204007655e-15
-9.090121546626623298e-16
-6.791956158570972483e-16
-5.088484824371918338e-16
-3.829531076311650596e-16
-2.900150584240315603e-16
-2.216743633499847959e-16
-1.715882870305770093e-16
-1.349566141546743748e-16
-1.083009779513335423e-16
-8.898567100171351963e-17
-7.504944796239432767e-17
-6.512956170190413696e-17
-5.820231745831327747e-17
-5.351209349856780433e-17
-5.050031819481621068e-17
-4.870904222013395569e-17
-4.773502082530471065e-17
-4.724309993417088344e-17
-4.699832478268297606e-17
