# bin_2_3
-9.627767763935322710e-11
-9.738124636485396135e-11
-9.862183763800512867e-11
-1.000076071811657443e-10
-1.015444807914984258e-10
-1.032382567998755341e-10
-1.050949704930762841e-10
-1.071216002591166859e-10
-1.093216486520578933e-10
-1.116864539955184252e-10
-1.141841937186466682e-10
-1.167686169603923668e-10
-1.193919109925727054e-10
-1.219869140842864207e-10
-1.244211556400922068e-10
-1.265443349078041145e-10
-1.282508346882525524e-10
-1.294983103721505857e-10
-1.303412644105063106e-10
-1.307755457110444998e-10
-1.305227937515882554e-10
-1.294278845330913630e-10
-1.276725163622740521e-10
-1.254187078349542507e-10
-1.225591814430930472e-10
-1.190316774964297888e-10
-1.149491637304345789e-10
-1.102904413412302819e-10
-1.048915088252557928e-10
-9.885602043649674515e-11
-9.211800007300468275e-11
-8.480328924934269939e-11
-7.702933774926057660e-11
-6.903387830656529305e-11
-6.106575380928922551e-11
-5.339132882944952385e-11
-4.622013903070450411e-11
-3.969999600104097467e-11
-3.388342059324998706e-11
-2.872719605357834370e-11
-2.416046566187186039e-11
-2.013104071790953525e-11
-1.660421276480182834e-11
-1.358793395417717132e-11
-1.109694802711902262e-11
-9.080155766352163888e-12
-7.421101431206838955e-12
-6.048669611044961931e-12
-4.936506697952576976e-12
-4.037608638383309563e-12
-3.313317583836020928e-12
-2.724358259061443840e-12
-2.245811579701408037e-12
-1.855658690742339430e-12
-1.535190144427034737e-12
-1.270068384241108454e-12
-1.048999477234661719e-12
-8.633227663903397559e-13
-7.065432450096081507e-13
-5.738916190741939295e-13
-4.618697206048944323e-13
-3.678519773718817120e-13
-2.897375778732380595e-13
-2.256871522606339415e-13
-1.739574245163256761e-13
-1.328321813698810057e-13
-1.006297622620030358e-13
-7.575262824157148586e-14
-5.674933396969740201e-14
-4.236036744533541868e-14
-3.153748948691422199e-14
-2.343774847640129914e-14
-1.739974827487300512e-14
-1.291246380886740724e-14
-9.584756289869270609e-15
-7.119973666266082051e-15
-5.293446356031072684e-15
-3.937615341539512076e-15
-2.929927049655013774e-15
-2.181059187955478163e-15
-1.624180381309578352e-15
-1.210474408229068128e-15
-9.028171550018248964e-16
-6.743404411886644354e-16
-5.047718829047388652e-16
-3.790665982960014137e-16
-2.860300551394899109e-16
-2.173384621180474072e-16
-1.666630554728553529e-16
-1.293856652252003969e-16
-1.020046417018501794e-16
-8.197093915035656788e-17
-6.739612972179224190e-17
-5.691254807414117016e-17
-4.950853897105913306e-17
-4.443637085357101228e-17
-4.113126714100079328e-17
-3.912092921517642977e-17
-3.800824578076159837e-17
-3.749025482877460084e-17
