# bin_6_2
-1.733996773279062331e-09
-1.765135437896102013e-09
-1.800891889887873926e-09
-1.841837699034841744e-09
-1.888588535949342552e-09
-1.941840065014138343e-09
-2.002380429064410253e-09
-2.071119822018831275e-09
-2.149031094417393109e-09
-2.237086739920676409e-09
-2.336223278330076359e-09
-2.447485366784036390e-09
-2.572155323948708135e-09
-2.711344636069640832e-09
-2.865854594376304040e-09
-3.036451120192038478e-09
-3.223387408427141101e-09
-3.426187097328856000e-09
-3.645568014460159809e-09
-3.883398843106203669e-09
-4.142652074844417873e-09
-4.424008944547905328e-09
-4.723181902693053994e-09
-5.038452771351060814e-09
-5.370677673304849662e-09
-5.716050224734786451e-09
-6.065500393971753281e-09
-6.408964073584921674e-09
-6.735784299509159921e-09
-7.028518801510129952e-09
-7.268159755770613555e-09
-7.434988306555956080e-09
-7.506055600328745432e-09
-7.462118375084145954e-09
-7.287082019255310315e-09
-6.974252807389266912e-09
-6.529214798373121765e-09
-5.974041006593986977e-09
-5.347850728482729940e-09
-4.702000172641823207e-09
-4.088088293277826558e-09
-3.540840909416389406e-09
-3.060686014697499881e-09
-2.623262732008570571e-09
-2.207599962772331324e-09
-1.816502355713676677e-09
-1.468631836713527107e-09
-1.183368405162913891e-09
-9.591179542641496213e-10
-7.724570809390253140e-10
-6.173353147066867963e-10
-4.944267514044392693e-10
-3.972820215207042443e-10
-3.198267549762286287e-10
-2.590748803769007001e-10
-2.110716096625359655e-10
-1.731426515593211462e-10
-1.429611839408750960e-10
-1.186950592038345820e-10
-9.891840867603353553e-11
-8.254278634425927066e-11
-6.876290097733647051e-11
-5.700514210172857078e-11
-4.688111527645027599e-11
-3.814300396912482370e-11
-3.063870332735982734e-11
-2.426966005944178831e-11
-1.895577581574056794e-11
-1.461138623378902004e-11
-1.113454408976859076e-11
-8.407835667195261907e-12
-6.306553125552326638e-12
-4.709303919514178144e-12
-3.506936050477164206e-12
-2.607616011767974108e-12
-1.937955697716602549e-12
-1.441080560933648769e-12
-1.073280242613572570e-12
-8.011983733634049120e-13
-5.993707759717703526e-13
-4.488482381338563191e-13
-3.361575423082858868e-13
-2.517255140355498499e-13
-1.884800442818373709e-13
-1.411143878088197329e-13
-1.056502764000118744e-13
-7.910463847532612828e-14
-5.923954470360825465e-14
-4.437692356988876374e-14
-3.325923794098974594e-14
-2.494502178873717459e-14
-1.872895639232063590e-14
-1.408350364140563843e-14
-1.061391682528250617e-14
-8.025430032539179887e-15
-6.099104366726583856e-15
-4.672274462906747013e-15
-3.623502203769421370e-15
-2.862227256557646552e-15
-2.334088164991314606e-15
