# bin_2_4
-3.388705733038546939e-10
-3.429771089400144577e-10
-3.476062169638853811e-10
-3.527939665465669883e-10
-3.585696941791371029e-10
-3.649626355129729565e-10
-3.720029022295092125e-10
-3.797231821908618935e-10
-3.881437434554693354e-10
-3.972430516840456929e-10
-4.069202607079180191e-10
-4.170223489852508045e-10
-4.273841897144050145e-10
-4.377677826953368150e-10
-4.477080307564813930e-10
-4.566654570265660358e-10
-4.642286080599397110e-10
-4.701710105508338306e-10
-4.745582941914765676e-10
-4.772324953121744108e-10
-4.771002835983052956e-10
-4.734533292620940963e-10
-4.666866158803904373e-10
-4.571449066691846299e-10
-4.443331297389560055e-10
-4.279951623465090678e-10
-4.085858323080050494e-10
-3.862666709273863621e-10
-3.608782686171638564e-10
-3.332725270188743436e-10
-3.038103585668383575e-10
-2.734663687111881875e-10
-2.430680253663884961e-10
-2.135994048414084385e-10
-1.857775023809737955e-10
-1.601224391592219842e-10
-1.368226883342278839e-10
-1.159287453793806881e-10
-9.745555327088110397e-11
-8.135961642640884184e-11
-6.750518171580668673e-11
-5.569860374393583787e-11
-4.572424582656652739e-11
-3.738373320359200042e-11
-3.054140864978721672e-11
-2.501499069313757213e-11
-2.052636758272992217e-11
-1.685750876600930388e-11
-1.388240840235023247e-11
-1.146347654117814499e-11
-9.487549960786173735e-12
-7.866386127955063714e-12
-6.527018774123860928e-12
-5.412136251150004260e-12
-4.478193922193769344e-12
-3.691375757912980122e-12
-3.025998191057099983e-12
-2.462937565078083883e-12
-1.987621513672479274e-12
-1.588728394838765696e-12
-1.256936784740690526e-12
-9.840745380093910492e-13
-7.625855326934070763e-13
-5.852886911845248528e-13
-4.453501441040622291e-13
-3.363756923498194669e-13
-2.525465344946686978e-13
-1.887348565849869141e-13
-1.405750758997293375e-13
-1.044676444216570244e-13
-7.752751453689578324e-14
-5.749466673521275549e-14
-4.263042033483231790e-14
-3.161488206506490226e-14
-2.345553033677898180e-14
-1.741300743412967874e-14
-1.293470680344978625e-14
-9.611551515802047780e-15
-7.143444081195534505e-15
-5.311225094374916302e-15
-3.949954349978928959e-15
-2.940321327510361075e-15
-2.190937307499287414e-15
-1.635894783805126162e-15
-1.225122259915628037e-15
-9.215929219138729150e-16
-6.978454492866886197e-16
-5.335670945491840783e-16
-4.132139000109796137e-16
-3.255971816439709610e-16
-2.621541436678756092e-16
-2.167505475150361048e-16
-1.847112475982101456e-16
-1.626950029690053922e-16
-1.481484195548236684e-16
-1.389518577960074631e-16
-1.334874602100814387e-16
-1.304559332616613968e-16
-1.289209804903416440e-16
-1.282821756183800407e-16
