# bin_1_4
-4.789557109840455783e-10
-4.843738938113874036e-10
-4.904611221552233308e-10
-4.972557419889953262e-10
-5.047842546748706838e-10
-5.130722046741995791e-10
-5.221434119266574086e-10
-5.320256427635304878e-10
-5.427275050048076742e-10
-5.541808140024171356e-10
-5.662034049568200747e-10
-5.785380471290408122e-10
-5.909120296324712723e-10
-6.029471741809255510e-10
-6.138578761962549872e-10
-6.229304208122522235e-10
-6.295976936199437016e-10
-6.336274743048720869e-10
-6.351851318208633500e-10
-6.338048579265141770e-10
-6.279266884509091519e-10
-6.168933607532301515e-10
-6.015143510552621888e-10
-5.823163447711664437e-10
-5.585730694326618318e-10
-5.304266932080825253e-10
-4.988412260546699466e-10
-4.640111882786132193e-10
-4.261843311011086333e-10
-3.867304700158466012e-10
-3.462112793460617182e-10
-3.061248980007912972e-10
-2.674524329228954385e-10
-2.313405837498709230e-10
-1.984315255286043953e-10
-1.690024541030268375e-10
-1.429254657721221305e-10
-1.199479856216045460e-10
-9.989217824154366067e-11
-8.262149627998738207e-11
-6.797664455335405990e-11
-5.574509697633747259e-11
-4.566547910727878236e-11
-3.742265047817707568e-11
-3.071679431996755765e-11
-2.527038429822924467e-11
-2.083727942909188954e-11
-1.722803396885192347e-11
-1.428150403694257962e-11
-1.185923476301793832e-11
-9.858522202427413549e-12
-8.195695084766222901e-12
-6.803382130908530164e-12
-5.629829878501448649e-12
-4.636714375962433974e-12
-3.794458641495997650e-12
-3.080440832089763233e-12
-2.477638952414300831e-12
-1.972417479501299140e-12
-1.553384831012747953e-12
-1.210271346907073768e-12
-9.333300787626249526e-13
-7.131039167283370606e-13
-5.404924427704048460e-13
-4.069771686453395694e-13
-3.048724071823457102e-13
-2.275108123679867114e-13
-1.693139162039395668e-13
-1.257673835700520454e-13
-9.331078480219677522e-14
-6.918866392383568835e-14
-5.129525007561115955e-14
-3.803634755588597297e-14
-2.821423190118165269e-14
-2.093541922138949155e-14
-1.554059546609412341e-14
-1.153787742696875869e-14
-8.566744988316371182e-15
-6.362209756601817311e-15
-4.727945484600119175e-15
-3.515220115505572606e-15
-2.618156967819037519e-15
-1.953533839632505709e-15
-1.462209212543259449e-15
-1.100212606507473262e-15
-8.338679570522216968e-16
-6.388615818414190815e-16
-4.967917921611018104e-16
-3.937321471308171374e-16
-3.196903071518931538e-16
-2.670928312985536495e-16
-2.302421873358671060e-16
-2.051659089328708616e-16
-1.887872044303036287e-16
-1.787472315717607597e-16
-1.730629645809411664e-16
-1.701628687039429124e-16
-1.688401999334733254e-16
-1.682996658445569302e-16
-1.680973050918852138e-16
