# bin_3_4
-9.802520268363240290e-10
-9.928656043844070907e-10
-1.007103042935808610e-09
-1.023079241356318200e-09
-1.040890349574107469e-09
-1.060633575909171157e-09
-1.082409633073648881e-09
-1.106335494400467162e-09
-1.132487152552987501e-09
-1.160833242975340923e-09
-1.191214128683545217e-09
-1.223335437985942378e-09
-1.256832467900640765e-09
-1.291129130929848118e-09
-1.325298602643053538e-09
-1.357978900928057521e-09
-1.387278486192650270e-09
-1.411950947515520391e-09
-1.431513538716504379e-09
-1.446484736566491744e-09
-1.456424079520517106e-09
-1.457670715784486691e-09
-1.448419869829771905e-09
-1.430429533294908293e-09
-1.404289663647145461e-09
-1.368082589302926061e-09
-1.320969313438007333e-09
-1.264379726401215675e-09
-1.198145051192002332e-09
-1.122202760057259513e-09
-1.039300184055383332e-09
-9.505233406714195369e-10
-8.590803452131093135e-10
-7.672857543535210824e-10
-6.779558791210416588e-10
-5.928026684041776886e-10
-5.130706433690194964e-10
-4.396285271449953466e-10
-3.732433625983131890e-10
-3.144391279926683002e-10
-2.632399076273640640e-10
-2.191768800358252390e-10
-1.813981692598417916e-10
-1.490971406171267662e-10
-1.219528701036521595e-10
-9.966179258739352418e-11
-8.144678454673159678e-11
-6.657269857978259073e-11
-5.456094496476302317e-11
-4.477739022153134839e-11
-3.681494582865935128e-11
-3.036284407018106570e-11
-2.507934385170138435e-11
-2.073908803844616044e-11
-1.714764754865832692e-11
-1.415699251849589105e-11
-1.165187176618944921e-11
-9.545395004855937574e-12
-7.771642662891796555e-12
-6.280400891462611031e-12
-5.032297521684723980e-12
-3.995137293885202158e-12
-3.141292101517608476e-12
-2.446068820074574070e-12
-1.886845980911270433e-12
-1.442721060013358706e-12
-1.094484662809617644e-12
-8.247476919995081861e-13
-6.181277887127239704e-13
-4.613735424059114842e-13
-3.433842530530260763e-13
-2.551068814632244099e-13
-1.893408724173883734e-13
-1.404820155377687966e-13
-1.042441395051185922e-13
-7.739252909598005429e-14
-5.750621183542730756e-14
-4.276258153093432024e-14
-3.181802741964353162e-14
-2.368619594535846839e-14
-1.764002009597829305e-14
-1.314041010171986987e-14
-9.797865588168975742e-15
-7.312506121367491251e-15
-5.467218887117647328e-15
-4.099706328454206134e-15
-3.086958597539378585e-15
-2.338545073115209157e-15
-1.787118969939009935e-15
-1.381496897848740844e-15
-1.084750295335481314e-15
-8.690402921253564107e-16
-7.136126127884554667e-16
-6.035326336819728624e-16
-5.273928345746821514e-16
-4.760224047763333339e-16
-4.425439698371667474e-16
-4.215026191478981054e-16
-4.088646823299875540e-16
-4.020301504007214897e-16
