# bin_6_1
-6.185452803928699324e-09
-6.292611121964817280e-09
-6.415134219607142288e-09
-6.554693604415446006e-09
-6.712976770600725856e-09
-6.891799259334070943e-09
-7.093156140273907324e-09
-7.319260679802259934e-09
-7.572186882504890092e-09
-7.853509829860419033e-09
-8.164076928617199245e-09
-8.504653645266790144e-09
-8.876745560417476039e-09
-9.281602538046550143e-09
-9.719324121430744161e-09
-1.018836282802071329e-08
-1.068481600074137747e-08
-1.120258016172738172e-08
-1.172968561698093819e-08
-1.225225156291881689e-08
-1.276260170879476820e-08
-1.325940417563321423e-08
-1.374137543826287968e-08
-1.418263971757397619e-08
-1.454740656315646569e-08
-1.482752862735820048e-08
-1.501387014080051291e-08
-1.507999847010353659e-08
-1.499520399346029200e-08
-1.474867988224280869e-08
-1.433546050640084290e-08
-1.373996328137396304e-08
-1.297865719459268546e-08
-1.206514953362984888e-08
-1.103281282634357184e-08
-9.922921218951254048e-09
-8.786209273805101391e-09
-7.674920028433016895e-09
-6.636119770137906354e-09
-5.695766942224390085e-09
-4.855081592044093160e-09
-4.104999404763709992e-09
-3.432385874099925235e-09
-2.829748113813000425e-09
-2.306704470641558558e-09
-1.877937675522318559e-09
-1.527138903035372782e-09
-1.235152574902058107e-09
-1.001793623477172516e-09
-8.133450198650595795e-10
-6.614323071391120086e-10
-5.404058779692858113e-10
-4.433938544807534123e-10
-3.654846559749166917e-10
-3.025309304185467160e-10
-2.512157631051247325e-10
-2.089521257513391025e-10
-1.737520839742042260e-10
-1.441234347242957787e-10
-1.189735906956667228e-10
-9.751949332210719472e-11
-7.920921996500631080e-11
-6.365033108599861921e-11
-5.054836737092745493e-11
-3.965760510854613190e-11
-3.074640779665738050e-11
-2.357904480807600223e-11
-1.791249191535269515e-11
-1.350336950014844839e-11
-1.011959813864568307e-11
-7.551514409034273704e-12
-5.618959119308395600e-12
-4.173603214498046434e-12
-3.097424156098393424e-12
-2.298609693097313766e-12
-1.706901427687247824e-12
-1.269046703480292395e-12
-9.446320244438453801e-13
-7.037620330371398526e-13
-5.245694586608762023e-13
-3.910643225714453050e-13
-2.915397592728789899e-13
-2.173678974023731388e-13
-1.620742258565780890e-13
-1.208896604557530294e-13
-9.020398808355233357e-14
-6.737285380189063288e-14
-5.038250382666790936e-14
-3.775067639698883724e-14
-2.836995259717274358e-14
-2.141309371945519565e-14
-1.627110852909542317e-14
-1.248154800650082268e-14
-9.708900104049194265e-15
-7.699068996554580648e-15
-6.263005781920376118e-15
-5.260007860226536046e-15
-4.593752003520696263e-15
-4.172998508987142078e-15
-3.939586154441886913e-15
