# k_h
7.462686335202306509e-05
1.041501818690448999e-04
1.453532895538955927e-04
2.028568560490384698e-04
2.831095480360090733e-04
3.951111866626888514e-04
5.514220683835446835e-04
7.695715175941586494e-04
1.074023544788360596e-03
1.498920610174536705e-03
2.091912319883704185e-03
2.919498831033706665e-03
4.074488766491413116e-03
4.212594125419855118e-03
4.355380311608314514e-03
4.503006581217050552e-03
4.655636381357908249e-03
4.813439678400754929e-03
4.976592026650905609e-03
5.145274102687835693e-03
5.319673568010330200e-03
5.499984603375196457e-03
5.686406977474689484e-03
5.879148840904235840e-03
6.078423000872135162e-03
6.284452043473720551e-03
6.497464142739772797e-03
6.717696320265531540e-03
6.945393513888120651e-03
7.180808577686548233e-03
7.424202747642993927e-03
7.675847038626670837e-03
7.936020381748676300e-03
8.205012418329715729e-03
8.483123034238815308e-03
8.770659565925598145e-03
9.067941457033157349e-03
9.375300258398056030e-03
9.693077765405178070e-03
1.002162508666515350e-02
1.036130916327238083e-02
1.071250718086957932e-02
1.107560843229293823e-02
1.145101804286241531e-02
1.183915138244628906e-02
1.224044058471918106e-02
1.265533175319433212e-02
1.308428589254617691e-02
1.352777890861034393e-02
1.398630440235137939e-02
1.446037180721759796e-02
1.495050825178623199e-02
1.545725762844085693e-02
1.598118245601654053e-02
1.652286760509014130e-02
1.708291098475456238e-02
1.766193844377994537e-02
1.826059259474277496e-02
1.887953653931617737e-02
1.951946131885051727e-02
2.018107473850250244e-02
2.086511440575122833e-02
2.157234027981758118e-02
2.230353653430938721e-02
2.305951900780200958e-02
2.384112402796745300e-02
2.464922145009040833e-02
2.548470906913280487e-02
2.634851634502410889e-02
2.724160254001617432e-02
2.816495858132839203e-02
2.911961451172828674e-02
3.010662645101547241e-02
3.112709335982799530e-02
3.218214958906173706e-02
3.327296674251556396e-02
3.440075740218162537e-02
3.556677699089050293e-02
3.677231818437576294e-02
3.801871836185455322e-02
3.930736705660820007e-02
4.063969478011131287e-02
4.201718047261238098e-02
4.344135895371437073e-02
4.491380974650382996e-02
4.643616825342178345e-02
4.801012575626373291e-02
4.963743686676025391e-02
5.131990090012550354e-02
5.305939540266990662e-02
5.485785007476806641e-02
5.671726167201995850e-02
5.863970145583152771e-02
6.140365824103355408e-02
6.416761875152587891e-02
6.693157553672790527e-02
6.969553232192993164e-02
7.245948910713195801e-02
7.522344589233398438e-02
7.798741012811660767e-02
8.075136691331863403e-02
8.351532369852066040e-02
8.627928048372268677e-02
8.904323726892471313e-02
9.180720150470733643e-02
9.457115828990936279e-02
9.733511507511138916e-02
1.000990718603134155e-01
1.028630286455154419e-01
1.056269854307174683e-01
1.083909496665000916e-01
1.111549064517021179e-01
1.139188632369041443e-01
1.166828200221061707e-01
1.194467768073081970e-01
1.222107335925102234e-01
1.249746978282928467e-01
1.277386546134948730e-01
1.305026113986968994e-01
1.332665681838989258e-01
1.360305249691009521e-01
1.387944817543029785e-01
1.415584385395050049e-01
1.443223953247070312e-01
1.470863521099090576e-01
1.498503237962722778e-01
1.526142805814743042e-01
1.553782373666763306e-01
1.581421941518783569e-01
1.609061509370803833e-01
1.636701077222824097e-01
1.664340645074844360e-01
1.691980212926864624e-01
1.719619780778884888e-01
1.747259348630905151e-01
1.774898916482925415e-01
1.802538484334945679e-01
1.830178201198577881e-01
1.857817769050598145e-01
1.885457336902618408e-01
1.913096904754638672e-01
1.940736472606658936e-01
1.968376040458679199e-01
1.996015608310699463e-01
2.023655176162719727e-01
2.051294744014739990e-01
2.078934311866760254e-01
2.106573879718780518e-01
2.134213596582412720e-01
2.161853164434432983e-01
2.189492732286453247e-01
2.277060896158218384e-01
2.368131428956985474e-01
2.462844401597976685e-01
2.561345398426055908e-01
2.663785815238952637e-01
2.770323157310485840e-01
2.881121635437011719e-01
2.996351420879364014e-01
3.116189837455749512e-01
3.240821063518524170e-01
3.370437026023864746e-01
3.505236804485321045e-01
3.645428121089935303e-01
3.791226148605346680e-01
3.942855298519134521e-01
4.100548923015594482e-01
4.264549314975738525e-01
4.435109198093414307e-01
4.612490236759185791e-01
4.796965718269348145e-01
4.988819360733032227e-01
5.188345909118652344e-01
5.395852923393249512e-01
5.611658692359924316e-01
5.836095809936523438e-01
6.069508790969848633e-01
6.312257647514343262e-01
6.564714908599853516e-01
8.111025691032409668e-01
1.002156853675842285e+00
1.238213658332824707e+00
1.529873371124267578e+00
1.890233278274536133e+00
2.335475444793701172e+00
2.885593891143798828e+00
3.565292119979858398e+00
4.405092716217041016e+00
5.442707061767578125e+00
6.724730014801025391e+00
8.308732032775878906e+00
1.026584434509277344e+01
1.268395137786865234e+01
1.567164134979248047e+01
