# t_k
1.982634400000000000e+07
1.982516200000000000e+07
1.982286400000000000e+07
1.981841800000000000e+07
1.980986400000000000e+07
1.979359200000000000e+07
1.976321200000000000e+07
1.970814400000000000e+07
1.961216800000000000e+07
1.945213200000000000e+07
1.919772600000000000e+07
1.881218200000000000e+07
1.825195800000000000e+07
1.818413600000000000e+07
1.811422600000000000e+07
1.804196200000000000e+07
1.796729800000000000e+07
1.789018600000000000e+07
1.781058000000000000e+07
1.772851400000000000e+07
1.764378000000000000e+07
1.755640200000000000e+07
1.746632600000000000e+07
1.737349800000000000e+07
1.727783400000000000e+07
1.717934000000000000e+07
1.707793600000000000e+07
1.697357400000000000e+07
1.686621600000000000e+07
1.675579100000000000e+07
1.664225600000000000e+07
1.652556500000000000e+07
1.640565900000000000e+07
1.628249600000000000e+07
1.615602000000000000e+07
1.602618300000000000e+07
1.589292800000000000e+07
1.575621000000000000e+07
1.561597900000000000e+07
1.547219000000000000e+07
1.532479100000000000e+07
1.517373500000000000e+07
1.501897100000000000e+07
1.486045400000000000e+07
1.469814100000000000e+07
1.453199000000000000e+07
1.436196000000000000e+07
1.418801100000000000e+07
1.401010900000000000e+07
1.382822800000000000e+07
1.364234400000000000e+07
1.345243800000000000e+07
1.325850000000000000e+07
1.306052700000000000e+07
1.285852800000000000e+07
1.265252300000000000e+07
1.244254400000000000e+07
1.222863900000000000e+07
1.201087400000000000e+07
1.178933400000000000e+07
1.156412700000000000e+07
1.133538700000000000e+07
1.110327200000000000e+07
1.086797400000000000e+07
1.062971700000000000e+07
1.038875900000000000e+07
1.014539900000000000e+07
9.899979000000000000e+06
9.652881000000000000e+06
9.404535000000000000e+06
9.155417000000000000e+06
8.906051000000000000e+06
8.657006000000000000e+06
8.408900000000000000e+06
8.162385500000000000e+06
7.918160000000000000e+06
7.676947500000000000e+06
7.439493500000000000e+06
7.206554500000000000e+06
6.978906500000000000e+06
6.757255500000000000e+06
6.542256000000000000e+06
6.334531500000000000e+06
6.134642500000000000e+06
5.942126000000000000e+06
5.759446000000000000e+06
5.585639000000000000e+06
5.420598500000000000e+06
5.263969000000000000e+06
5.115216500000000000e+06
4.973661500000000000e+06
4.838359000000000000e+06
4.708154500000000000e+06
4.534282500000000000e+06
4.371640500000000000e+06
4.215796000000000000e+06
4.063387500000000000e+06
3.912636000000000000e+06
3.762693250000000000e+06
3.613221750000000000e+06
3.464888250000000000e+06
3.319132250000000000e+06
3.177391750000000000e+06
3.041144000000000000e+06
2.912071500000000000e+06
2.791626750000000000e+06
2.680779500000000000e+06
2.580134250000000000e+06
2.489833500000000000e+06
2.409472250000000000e+06
2.338314250000000000e+06
2.275376750000000000e+06
2.219334500000000000e+06
2.168646750000000000e+06
2.121817500000000000e+06
2.077466125000000000e+06
2.034311875000000000e+06
1.991258500000000000e+06
1.947512125000000000e+06
1.902594500000000000e+06
1.856285375000000000e+06
1.808614375000000000e+06
1.759887750000000000e+06
1.710627375000000000e+06
1.661450750000000000e+06
1.613004500000000000e+06
1.565952000000000000e+06
1.520929250000000000e+06
1.478468750000000000e+06
1.438954750000000000e+06
1.402613375000000000e+06
1.369507125000000000e+06
1.339543750000000000e+06
1.312499375000000000e+06
1.288034750000000000e+06
1.265708375000000000e+06
1.245025750000000000e+06
1.225496750000000000e+06
1.206645125000000000e+06
1.188025750000000000e+06
1.169282375000000000e+06
1.150169875000000000e+06
1.130519000000000000e+06
1.110241750000000000e+06
1.089368000000000000e+06
1.068024000000000000e+06
1.046382437500000000e+06
1.024656312500000000e+06
1.003093562500000000e+06
9.819458125000000000e+05
9.614466875000000000e+05
9.028666875000000000e+05
8.539615625000000000e+05
8.135416250000000000e+05
7.761671250000000000e+05
7.364877500000000000e+05
6.934720000000000000e+05
6.508523750000000000e+05
6.131463750000000000e+05
5.811468125000000000e+05
5.514781875000000000e+05
5.208405625000000000e+05
4.896915625000000000e+05
4.608997812500000000e+05
4.354950312500000000e+05
4.115929687500000000e+05
3.876844375000000000e+05
3.646954375000000000e+05
3.437504062500000000e+05
3.241728750000000000e+05
3.051352812500000000e+05
2.870924687500000000e+05
2.703600937500000000e+05
2.544622031250000000e+05
2.393174218750000000e+05
2.251356406250000000e+05
2.117407031250000000e+05
1.990521562500000000e+05
1.871243125000000000e+05
1.335766562500000000e+05
9.483879687500000000e+04
6.700721093750000000e+04
4.713451171875000000e+04
3.302264453125000000e+04
2.305155859375000000e+04
1.603771289062500000e+04
1.112404882812500000e+04
7.694371582031250000e+03
5.308512695312500000e+03
3.653831054687500000e+03
2.509462402343750000e+03
1.720040527343750000e+03
1.176752319335937500e+03
8.036649169921875000e+02
