# 2pt_theory
5.021952661205521174e-06
4.267857229250587923e-06
3.579901581307770201e-06
2.965785767994708675e-06
2.431461370592393438e-06
1.979265560393180255e-06
1.606414301291337704e-06
1.305100304927313934e-06
1.064068631231062259e-06
8.709336474735677285e-07
7.143104277614066073e-07
5.850740370991556525e-07
4.765689893312966322e-07
3.843543705672209540e-07
3.056408224008740586e-07
2.386891065533798211e-07
1.822498252876004630e-07
1.352968459992850986e-07
9.713080536016331145e-08
6.502372017639339008e-06
5.342416269955124855e-06
4.355725738510435235e-06
3.539989057914221715e-06
2.880914532860334762e-06
2.355241107175526883e-06
1.935937930617763699e-06
1.597298264368069477e-06
1.318248024346835713e-06
1.083397208480655950e-06
8.825071432388661416e-07
7.092583654495559452e-07
5.599278003662923822e-07
4.323241327835200905e-07
3.249608768250976733e-07
2.365401834763593400e-07
1.659142991200706644e-07
5.989919414696205539e-06
4.890045530184109779e-06
3.998271966946703803e-06
3.279657184550933764e-06
2.697556948550276135e-06
2.219348879353776057e-06
1.819595590642005239e-06
1.480412895355460261e-06
1.190170686493936698e-06
9.416551008814042630e-07
7.303329092175218393e-07
5.530835749386362463e-07
4.072788003023185719e-07
2.906324815397729128e-07
1.996527496290765573e-07
6.794518824292776527e-06
5.562743472596111562e-06
4.552266412353944728e-06
3.726810440209193222e-06
3.049388432385980573e-06
2.487630591423083873e-06
2.016519836854896002e-06
1.618380536062307905e-06
1.281354575607434003e-06
9.974525395668781500e-07
7.609458829104233963e-07
5.673022493780805244e-07
4.122130725287646416e-07
2.898336489171979737e-07
1.948901599177643420e-07
1.452597694306076469e-05
1.185991631235189860e-05
9.659111384316793907e-06
7.883430649370353605e-06
6.467319420016670917e-06
5.335390022399890395e-06
4.417220702857125090e-06
3.656189868537029393e-06
3.011775840906536308e-06
2.457532473795168836e-06
1.977431142145504173e-06
1.562241384796253993e-06
1.206599834668125664e-06
9.069548361842742657e-07
6.602063386281258163e-07
4.628730252270139650e-07
3.107036420609843861e-07
1.139243434147370691e-05
9.400109573192619425e-06
7.792031767882177864e-06
6.467150549889574936e-06
5.350622816382766389e-06
4.392295844083464961e-06
3.561174816231464046e-06
2.839297714941015951e-06
2.216554805671778805e-06
1.686852428760262588e-06
1.245527962968885389e-06
8.875551805799880496e-07
6.066724399831444967e-07
3.960008823965755540e-07
1.183718526566812620e-05
9.778466172446221360e-06
8.112788160805505354e-06
6.735504815311109621e-06
5.570647899545259545e-06
4.568157959421526170e-06
3.697517043974695058e-06
2.941216325879618866e-06
2.289408201508384142e-06
1.736037553009805614e-06
1.276355990480317009e-06
9.049029805317684690e-07
6.141069426709236364e-07
3.976790190453885647e-07
1.306456602798409382e-05
1.068568718858306247e-05
8.615254988653218366e-06
6.818544905404918775e-06
5.275649459453401376e-06
3.973364214425655164e-06
2.899557845140276302e-06
2.039780238131027985e-06
1.375740117052357605e-06
8.868554575573539521e-07
5.461601438915229335e-07
9.956258922564081311e-06
7.817060032377313311e-06
5.989548558247693781e-06
4.459112622736279630e-06
3.210144808703214265e-06
2.222965831946919279e-06
1.472619511525282228e-06
9.329384670933686395e-07
5.612245906457908027e-07
2.038704948362029561e-05
1.639123740634810622e-05
1.292519769130691024e-05
9.956346874798294952e-06
7.461066835770533689e-06
5.415042985160058949e-06
3.787731992943422937e-06
2.541266811198790709e-06
1.632440274065764922e-06
9.979287297594564488e-07
5.567847510551198907e-07
5.482374938313703048e-07
4.639116781724758946e-07
3.871367701458303741e-07
3.203960054349623743e-07
2.644884413835026015e-07
2.188505836961190208e-07
1.820820649672634733e-07
1.524275285699279733e-07
1.282542499487359102e-07
1.083088149940091191e-07
5.723395538588967239e-07
4.730716560858057730e-07
3.936281189096000026e-07
3.303084947069154212e-07
2.793449966282384372e-07
2.374508724413412617e-07
2.021754390772843977e-07
5.566151219495604626e-07
4.696882132024315523e-07
3.979413341757886091e-07
3.375218567399124791e-07
2.848731268236817243e-07
6.471233355947306989e-07
5.455719665316825469e-07
4.597417354044339395e-07
3.853001510766827473e-07
3.206873028163315517e-07
1.281386042761631807e-06
1.069932656713334725e-06
9.013856159030124832e-07
7.654533008405278616e-07
6.532528522164076261e-07
5.578470436021766361e-07
4.743086110986777575e-07
9.700884748768874141e-07
8.286269371060986940e-07
7.028789813618295663e-07
1.013881428018742419e-06
8.654493705631349806e-07
7.339476170046676966e-07
2.033899707614213677e-06
1.719301941391752470e-06
1.429266474512868239e-06
2.021206458931422569e-06
1.665606991333069065e-06
3.279273028501559635e-06
2.715016712399167988e-06
2.191201358064401539e-06
4.645001562147552576e-05
3.899948020289606670e-05
3.324184154197151351e-05
2.861481225905327893e-05
2.471688736580864568e-05
2.128632602578514754e-05
1.816764369742819202e-05
1.528086226917728645e-05
1.259855246893616275e-05
1.012559796713739639e-05
1.733450054513145991e-04
1.473293180930595136e-04
1.267648238516838079e-04
1.097243308402086310e-04
9.491368089122726153e-05
8.153715121750034281e-05
6.916136936482843395e-05
5.760798464363162992e-05
4.687260764700939810e-05
3.704338326782415254e-05
3.134565895713793356e-04
2.681052380743072119e-04
2.316388214725143273e-04
2.008407398459571846e-04
1.736151151026146789e-04
1.487211343423928023e-04
1.255313102622892911e-04
1.038482096937164780e-04
8.376049845124650269e-05
6.547035017760496618e-05
3.409735563583813516e-04
2.919780146003299261e-04
2.524484967110919684e-04
2.189422522815769414e-04
1.892300450094248736e-04
1.620029862644273169e-04
1.366108790978824965e-04
1.128640694955109039e-04
9.087896309810198096e-05
7.088487748682397360e-05
2.916032915029038598e-05
2.517522294515049200e-05
2.181340957588932014e-05
1.892178464482619808e-05
1.637313934396486125e-05
1.407204491832625571e-05
1.195731489729605326e-05
9.998602578605251740e-06
8.192383571674311413e-06
6.552537829195047391e-06
5.089812593230091633e-06
3.787344250047588365e-06
2.824643675155606051e-06
1.270513730007911363e-05
9.579035005210963645e-06
7.142376284595942262e-06
5.388116212595000907e-06
4.207224487589821785e-06
3.460285615102828687e-06
3.014711727683994767e-06
2.759955505110429484e-06
2.605540505476291446e-06
2.480548009942409907e-06
2.346610397922057651e-06
2.204195676031709091e-06
1.906767494825169898e-06
2.213799095680904516e-04
1.921343887305802778e-04
1.679723611499850367e-04
1.471898140948511727e-04
1.285664962052455822e-04
1.113170348413035669e-04
9.502343401208960161e-05
7.956027784846295061e-05
6.503363963540116253e-05
5.165559160695396999e-05
3.966203090224074156e-05
2.895154812898470016e-05
2.078707084302902676e-05
3.954714582236714586e-04
3.455176433029976692e-04
3.037882359423774376e-04
2.672683417851674185e-04
2.339225640569377279e-04
2.025344207642518733e-04
1.725485487732517640e-04
1.439072636059040623e-04
1.169367861649400525e-04
9.216028324793211989e-05
6.999998746402980715e-05
5.027948490380598263e-05
3.597937782230218072e-05
3.030570392991323235e-05
2.652866200750962641e-05
2.322387428661226147e-05
2.027943162925214607e-05
1.761518093713697382e-05
1.517265686317462635e-05
1.291370270774974306e-05
1.081917430840621760e-05
8.889597433527578587e-06
7.141527269251441589e-06
5.583450872002419628e-06
4.209443027312763741e-06
3.091618386759987356e-06
2.415471455276651866e-06
2.252062242382802523e-05
1.876897602947274557e-05
1.551012418665551225e-05
1.279814845088151620e-05
1.060396165235151004e-05
8.852780682201734645e-06
7.454937228842721894e-06
6.323730892384790075e-06
5.385842864495245571e-06
4.588841767546420536e-06
3.886842928320318713e-06
3.256636022434626892e-06
2.709691239045590444e-06
2.201440780815148002e-06
9.345104420105747030e-05
8.025131537363023400e-05
6.930804530926924323e-05
6.009461185664413083e-05
5.215294363456199421e-05
4.511792270206924581e-05
3.873002475027435690e-05
3.283181578099106298e-05
2.736691802238539324e-05
2.233757936289690086e-05
1.778060177461896545e-05
1.370918352949030993e-05
1.014831423625999197e-05
7.787237227439540855e-06
3.112707810054172867e-04
2.732172625523806306e-04
2.411869139891917898e-04
2.130415791431503156e-04
1.873007902760820138e-04
1.630367618580806394e-04
1.397951630760468195e-04
1.174944575876395701e-04
9.636277898812038419e-05
7.681811370589496893e-05
5.917875733666803646e-05
4.353319449411973481e-05
3.071949537474046342e-05
2.340521838425847523e-05
3.042163901203968931e-05
2.677337125808288291e-05
2.348735638664297231e-05
2.049400692568067845e-05
1.774436046969099715e-05
1.520226736789015286e-05
1.284427077227216212e-05
1.066840797115453143e-05
8.685924030699458903e-06
6.903855842162915557e-06
5.341275900514761653e-06
3.952020910083599041e-06
3.017289177503363643e-06
2.310769414583557608e-06
3.040229236521570753e-05
2.566574773611824423e-05
2.156105407747189675e-05
1.810166808310923188e-05
1.523072051602505102e-05
1.285384119953453086e-05
1.086840980945568456e-05
9.184823579475539344e-06
7.733324732749379861e-06
6.461832988281116186e-06
5.338979113066965557e-06
4.329733153911028519e-06
3.506446907940954090e-06
2.792101230451788669e-06
5.089643504590370902e-05
4.240219982125908581e-05
3.543722430798159208e-05
2.981809084254543547e-05
2.529462353511552383e-05
2.161044052676150767e-05
1.854088972410468587e-05
1.590512283809718139e-05
1.357160775614289994e-05
1.146808331390052845e-05
9.543739433988360389e-06
7.800306593619493826e-06
6.167041764266963482e-06
4.796989500075351636e-06
2.507593720263598890e-04
2.209678550585691156e-04
1.951968781224016356e-04
1.720876177568786587e-04
1.506826941833870886e-04
1.303945563695383975e-04
1.109669045287179257e-04
9.248106452856940231e-05
7.518708071841494049e-05
5.933671035877523617e-05
4.525714329833666093e-05
3.263837577675034852e-05
2.411243077477941916e-05
1.796228647894248872e-05
3.113200129864506269e-05
2.749472444594783918e-05
2.420529996315835632e-05
2.119983182099350919e-05
1.844019303131067547e-05
1.589847900504975247e-05
1.355442668176986136e-05
1.139637583517183796e-05
9.420045044143863402e-06
7.636499664807045490e-06
6.051287004869836618e-06
4.660400236770721947e-06
3.465439248872836071e-06
2.720981510213185833e-06
2.022283297237731625e-06
3.493500842572749252e-05
2.974479517923594928e-05
2.505825271005199093e-05
2.099564374257084754e-05
1.757868291680399542e-05
1.475337049155872650e-05
1.242619404913882239e-05
1.049491800844483310e-05
8.867224220903774596e-06
7.472168823774220610e-06
6.256263987963621576e-06
5.181245194768941466e-06
4.224882901582629606e-06
3.451159468169037730e-06
2.734171868863973214e-06
6.387687945032408468e-05
5.335958072514223813e-05
4.450019085691293326e-05
3.724207826036870573e-05
3.138214048131652645e-05
2.665317832571026770e-05
2.278565741698032704e-05
1.954685036014437965e-05
1.675512254119037174e-05
1.427694957679525880e-05
1.203892561869368400e-05
9.992714262900004183e-06
8.145757703957621983e-06
6.443147847540751564e-06
4.977762825012312626e-06
2.209497545108702471e-04
1.931962311235232044e-04
1.697116449065527906e-04
1.493245549324520637e-04
1.310889333131396795e-04
1.143064789150530274e-04
9.854861932503868743e-05
8.363030169220303652e-05
6.954796666718887144e-05
5.648818580346782488e-05
4.460814806262383800e-05
3.402659276073330229e-05
2.474383450505960176e-05
1.884677082051530196e-05
1.359065828676122072e-05
2.244568048115951064e-02
1.746110570085646074e-02
1.317905524658125743e-02
9.595650010611928710e-03
6.691885836100538477e-03
4.429168532255844254e-03
2.749462380275876153e-03
1.581246287903373361e-03
3.848728309090700822e-02
3.001487872431615050e-02
2.270233105612261618e-02
1.656367451167895313e-02
1.158305550294745287e-02
7.704990737692491397e-03
4.831186870623383617e-03
2.826190783161341459e-03
1.544319497029477848e-03
9.002065660764581355e-04
4.626605670625182445e-04
3.085270913314193744e-02
2.423651656519851608e-02
1.848350235886220966e-02
1.361461664751886791e-02
9.627845952935873766e-03
6.490433598176799206e-03
4.134268419368496497e-03
2.462250365449219960e-03
1.363739090257570395e-03
7.536759222273477481e-04
4.746284091008048781e-04
1.970437241305682443e-06
3.694842181904064993e-02
2.864380173028007945e-02
2.151188898258319868e-02
1.557182274247648907e-02
1.080197411772962704e-02
7.129717627466806637e-03
4.441870623161586241e-03
2.589194601023435838e-03
1.433960187727534004e-03
9.189387334316497262e-04
3.975480074467878247e-04
-9.069270796796813632e-05
2.806909888604103287e-02
2.214843667843397965e-02
1.697377180271077146e-02
1.257281900493553185e-02
8.950295295570648291e-03
6.082445871155996858e-03
3.913371782649068507e-03
2.356260882410272234e-03
1.317171516174678531e-03
7.126182749805112749e-04
4.727603197261931868e-04
5.875782440772307752e-05
-1.038288280776873625e-04
