# 2pt_data
5.785750232882197134e-06
4.162302554927736230e-06
1.304697252837606660e-05
4.531409249396211015e-06
4.254198574656877418e-06
4.498974883087525698e-06
2.184210224046558874e-06
1.733092496507883355e-06
8.900600570815426035e-07
9.180844384842149916e-07
1.458577764867424330e-06
1.467900721178069596e-07
4.213596747267483836e-07
5.073827331520151457e-07
4.052029922059694047e-07
1.421788239144708901e-07
2.580942425478433203e-07
1.115337212104515579e-08
1.545725691938203177e-07
6.840762673624780205e-06
8.463897065405611277e-06
5.675883304418766042e-06
5.241530260218008276e-06
4.302738302947411151e-06
3.382505396167767475e-06
2.420596144111936408e-06
2.327499159203341029e-06
1.005950191255913888e-06
1.505330036148660336e-06
5.904959792967442542e-07
6.296667196857003380e-07
4.511077106061968357e-07
3.020710212443327968e-07
2.002240018847030539e-07
1.614336498134027073e-07
9.708339146668763737e-08
8.174013650956457079e-06
4.539310599600291307e-06
4.269525068470040009e-06
4.104916864182007528e-06
3.063587241522178841e-06
3.201438820968805541e-06
1.731922746583268391e-06
1.611062025592926996e-06
1.241495841368585269e-06
9.419102482019626661e-07
6.211420903947702664e-07
5.974973272099035937e-07
3.191247260514113058e-07
1.127896310262528773e-07
6.704207313583151285e-08
6.150647950169182666e-06
6.067316185829806065e-06
6.737082653580776520e-06
4.681407280187073072e-06
4.144845400741415612e-06
2.607115856648248202e-06
1.152419709673830587e-06
2.096424462487667746e-06
1.348569956817772787e-06
1.135826404275856455e-06
4.446837244449248523e-07
7.515642102039681938e-07
4.209128670663085440e-07
2.467215975908870585e-07
1.351922698381197852e-07
8.729824239572545343e-06
7.606428709952398328e-06
1.104551604364686236e-05
8.374335351187442073e-06
5.698027537406329919e-06
6.690586937761031460e-06
4.017953394169906795e-06
3.499557547141711339e-06
2.471556150518357635e-06
1.230152020593063150e-06
1.604001643658529941e-06
1.021870378622193159e-06
1.388674572656946070e-06
9.000483347946458200e-07
5.373938348397703886e-07
4.411037879395508872e-07
-6.145722771099784978e-08
1.309572453848859201e-05
9.886714472234125534e-06
7.282188596854155705e-06
6.431032973879957112e-06
5.049567626786963054e-06
4.062310909904838419e-06
3.424653000244122288e-06
2.641126347217572665e-06
2.015382681795542631e-06
1.653875348493447193e-06
1.001508739457887699e-06
9.123423557144841977e-07
3.947949883850444939e-07
1.332700408420301997e-07
1.553333765643214034e-05
1.235836064673827380e-05
7.428184877518526012e-06
6.349689987005457171e-06
5.658033158555872230e-06
4.148966800824352217e-06
3.277638364067225625e-06
2.728852709824488014e-06
2.029572918031318863e-06
1.634928883007431934e-06
1.281818609064179696e-06
9.346818249757467520e-07
3.954072481487466498e-07
1.634076053692624778e-07
1.381429205102892627e-05
9.146749074065186762e-06
7.995024250234650346e-06
6.477617904833376418e-06
4.948108118187868643e-06
3.173217296648845892e-06
2.620699539710405133e-06
1.533051342637445316e-06
1.076091190643999757e-06
6.074043829849484531e-07
4.707682044965342964e-08
8.858339329470981029e-06
6.421079740923715699e-06
5.756889429552931649e-06
3.867333664425024561e-06
2.741627554466273361e-06
2.032375351924937812e-06
1.326400066982516231e-06
5.944375891083217069e-07
1.766657308063818791e-07
2.239430655868976890e-05
1.716534348920863639e-05
1.079542902428140663e-05
9.679658793149200372e-06
6.758481776507935724e-06
4.652693875072920493e-06
3.430585357528475246e-06
2.875080697946210739e-06
1.553148424219053210e-06
5.933314169171931441e-07
2.066726767335444585e-07
1.920275110637977364e-06
2.134554514016833088e-08
5.014057280022489810e-07
4.451524223544331383e-07
3.010753754663058763e-07
2.219087252314156352e-07
4.649605918979777196e-07
2.707910617243465136e-07
3.034188175562481213e-07
-1.552891453552596851e-08
7.257726298241482619e-07
8.744068030417673562e-07
4.737041076903677803e-07
5.428265085343429356e-07
3.787455486341915376e-07
2.427884678665835959e-07
2.232391396777956380e-07
4.621817125367198758e-07
6.510471747060667751e-07
6.541757469814379376e-07
3.773882891565758472e-07
3.286967344367474291e-07
1.014082624267539196e-06
7.904052393668298882e-07
4.595113958666482662e-07
2.406963086939039809e-07
2.091535331180491237e-07
1.833823467159239887e-06
1.022434499803527263e-06
7.611789148164582030e-07
7.277075311872663187e-07
3.653875936564599791e-07
4.168578299713419687e-07
3.528999782922669349e-07
8.075481869486275471e-07
5.849144287472419144e-07
5.948605405423649579e-07
1.120958149558438084e-06
7.657120197055740086e-07
6.326922097564142943e-07
1.641777794883105135e-06
1.501993413637526664e-06
1.223871886255208194e-06
1.965869808370813083e-06
1.454352215086446261e-06
3.089460462786094604e-06
2.351149758514175365e-06
1.859685463028759579e-06
7.012334739636087028e-05
5.788038673759997408e-05
4.983636497234835230e-05
3.964722989882786151e-05
3.795830033535418647e-05
2.655731879152929724e-05
1.959903096180935932e-05
1.568044861101756840e-05
1.739427438081953770e-05
1.321572375526001988e-05
1.779789542107268138e-04
1.415534122190896917e-04
1.375261441381340024e-04
1.057933044918823730e-04
8.343953290387272099e-05
6.359027152117147877e-05
5.170866862691141975e-05
4.173261898130264843e-05
3.812107279797878921e-05
3.354850958694455243e-05
2.685617136702584751e-04
2.304831109851525686e-04
1.992106609244130295e-04
1.718870529592897206e-04
1.454310877138459629e-04
1.224822737232424336e-04
1.026964465891003702e-04
9.037905437084198582e-05
7.217960108277419952e-05
6.422899528025534247e-05
3.029827063416101274e-04
2.570687573476800655e-04
2.281778962310826279e-04
1.922707728342208547e-04
1.649911792920277505e-04
1.390942142910435756e-04
1.119214391929002295e-04
9.212327269275776399e-05
7.638459626974824980e-05
6.682855169857611019e-05
3.621437712326197649e-05
2.607133780006494334e-05
2.444597002876633054e-05
1.315495470307764068e-05
2.957745050059250690e-05
1.296361194910727577e-05
8.932124089863766113e-06
1.525513601180245968e-05
1.180448639950842445e-05
6.253513152858829354e-06
4.444612055343698842e-06
6.912979894847802628e-08
1.094361823023711585e-06
5.706297678072895643e-05
3.836682125555477071e-05
4.224010554754662990e-05
3.729208080218140097e-05
2.815258378647561989e-05
1.091311900476425461e-05
9.075803267135258972e-06
1.683866296103524846e-05
1.082116039987893800e-05
1.560221216226923637e-05
9.417704777752390060e-06
1.359671784474713189e-05
9.536532819032735096e-06
2.106431219870218792e-04
1.911512204408768697e-04
1.635470575947019819e-04
1.450473566918805495e-04
1.347824925526286053e-04
1.129022679323018173e-04
8.963348972040191282e-05
7.653408766751292069e-05
6.816133813550730571e-05
5.733682296348978922e-05
4.117812009568410725e-05
3.110825307061988769e-05
1.982680504121907451e-05
3.744958682329796776e-04
3.414879378355321795e-04
2.937108787751417172e-04
2.648314443269910931e-04
2.155600386939668432e-04
1.910207112293786115e-04
1.586734439487432087e-04
1.407015506943990650e-04
1.132948947597383640e-04
8.556355941771079767e-05
6.734936401206938347e-05
5.144310571281122805e-05
3.747518408204014132e-05
3.960246328874808140e-05
1.950019928976363275e-05
1.075665075363797277e-05
1.163129684194606783e-05
1.231236095832863279e-05
1.147225851740178375e-05
1.021482312701438659e-05
4.069100574183199143e-06
1.847938941812948804e-06
5.091852194383045579e-06
-1.592898337570470581e-06
6.508630005296482000e-06
3.251264236584809730e-06
4.322685860643480006e-06
2.589489520052720134e-05
3.584953671616006315e-05
3.083018855030535474e-05
2.408439205077409317e-05
1.673325729003809469e-05
2.410067975856238580e-05
1.714613297874960555e-05
1.514242167127058511e-05
6.293825503853293861e-06
1.153218157852180637e-05
6.966102222211997850e-06
2.045319423085449503e-06
6.267461062680836740e-06
7.206593634024199890e-06
8.258503753140290847e-05
1.191292950295649644e-04
1.143557842091253704e-04
8.893019095376877891e-05
6.855476470379344629e-05
6.199483759515549564e-05
5.457296688642441888e-05
4.340521784325777113e-05
2.701167653201018480e-05
2.511792135190366954e-05
1.748435034300805678e-05
1.019339549636645130e-05
1.066552814954143377e-05
7.827286822257201824e-06
3.696420229396915375e-04
3.003282471733123506e-04
2.704063411502743704e-04
2.176037279084393314e-04
2.012680715089918955e-04
1.680191424828219736e-04
1.427510709352714804e-04
1.220635064286403293e-04
8.993387118357733918e-05
6.230107465576531945e-05
4.823975817704020990e-05
3.463713522563418472e-05
3.008129309461956397e-05
2.447199405181101900e-05
1.487235499084005731e-05
8.600021071894059288e-07
1.860584628656201334e-05
1.359135999066366464e-05
1.000393244091771021e-05
8.534054892754445060e-06
1.056990329450363869e-05
3.634181363794602160e-06
8.885459839038027964e-06
9.159467295721733675e-06
2.874279771694078434e-06
1.546968819682360682e-06
3.868652262817966756e-06
2.366787700689345695e-06
2.738326594247811744e-05
1.105613927405149353e-05
2.375325196682709348e-05
2.061700101816673104e-05
1.349962576641705612e-05
1.769097515203329197e-05
1.331385995156295145e-05
1.520978600829090215e-05
1.126737455495336663e-05
1.002158185947985460e-05
4.325694476135442913e-06
-9.275751089949857678e-08
5.735605598491875380e-06
3.039526037974786458e-06
7.432902935334413620e-05
6.432228439898188851e-05
5.496165664498510863e-05
4.592869912393852846e-05
4.360100786781091341e-05
4.084570957445284446e-05
3.666621999421004134e-05
3.098537500617709427e-05
2.636345074408412829e-05
1.834365815580391151e-05
3.954224123851249187e-06
1.975497616933125597e-06
1.041682397529487820e-06
1.379456573041461417e-06
2.345389464851465342e-04
2.116798106558223809e-04
1.754828328619874908e-04
1.468778801829497287e-04
1.292399883990331792e-04
1.219309389212504475e-04
1.089638992576629970e-04
9.444225818457127153e-05
7.524192374096989899e-05
4.308267874326868023e-05
2.771069857801101757e-05
2.061223357464044904e-05
1.849346181003208667e-05
1.474811531323784203e-05
1.468670312848827537e-05
-1.503010104631093656e-05
6.520917402521112378e-06
1.604274265953849400e-05
3.582410546356258806e-06
4.472113987331410374e-07
5.009427192969911398e-06
-5.025762312431377675e-07
1.300619142120021465e-06
1.341717600616442100e-06
-1.201883267071817653e-06
1.605237967701750998e-06
2.352969318723008735e-06
1.349942637544253146e-06
-3.939515313247548131e-07
4.026294478349278161e-05
7.948268096370791515e-07
8.242735142834842956e-06
3.575650180749953268e-05
1.391409070774801540e-05
3.065115561187645013e-06
6.450583482927874328e-06
9.973725214418681706e-06
2.180148778724894408e-06
4.895413101724462779e-06
7.639769346670181443e-06
1.576409383462868252e-06
-1.424645692266148795e-06
4.126663972979346254e-06
3.417141726193711167e-06
5.190068504603421621e-05
4.637737218680032725e-05
1.130042060411711759e-05
2.267277561138574785e-05
2.301947898907566155e-05
1.724285948128263498e-05
2.052243412693177492e-05
2.821318975493331959e-05
2.146649907807589124e-05
1.848749159006643174e-05
6.602474199236259511e-06
1.122811640824573392e-05
1.799611490265652678e-06
1.922446377391452464e-06
1.388791375936705462e-06
2.059569724348028525e-04
1.548483708345016615e-04
1.267844242715945933e-04
1.344160675208116637e-04
1.214405678758544838e-04
9.883946389256415303e-05
8.971085991770195273e-05
7.785660600588451984e-05
6.738458608352532967e-05
5.659296661036502195e-05
4.111243398485390160e-05
3.542490597569292930e-05
2.513321027348558586e-05
1.630773046748896441e-05
9.016318954226418164e-06
1.926745140507622744e-02
1.539843705647322460e-02
1.176045105536669376e-02
8.918886272485940930e-03
6.688284177665070225e-03
4.813030342069375689e-03
3.235017004178076042e-03
1.702268399881192665e-03
3.984162474506549451e-02
3.097837059438486584e-02
2.368622744958730555e-02
1.720852023129480421e-02
1.188774003147370292e-02
8.243594651839039264e-03
5.300349759057747419e-03
3.532461193166819974e-03
2.107919070207347513e-03
1.007770920235185209e-03
6.284211024822005612e-04
3.459307299286681209e-02
2.637813253907163660e-02
1.963839607903108617e-02
1.434187310080173479e-02
9.717152717279284313e-03
6.037222987721588621e-03
3.411342755058462302e-03
2.065754567718639401e-03
1.090276812550572015e-03
5.882981750577442447e-04
2.822312554104726944e-04
-5.878793748851910463e-05
3.286530711281390738e-02
2.567844897170360602e-02
1.950855044314323689e-02
1.436799105332519852e-02
1.018380999406667646e-02
7.022198246926677351e-03
4.062484744576478485e-03
2.785636868240873049e-03
2.164525145289114983e-03
1.168409631869371740e-03
3.369006185048503124e-04
-4.000124291229060916e-04
3.465521578826369353e-02
2.744534703706978315e-02
2.101238749949922019e-02
1.581489967396764590e-02
1.125984036163183918e-02
7.772799021786622360e-03
5.039741779655650296e-03
3.118364254199961633e-03
1.749259974841812278e-03
9.709744151603017437e-04
9.193364962432467799e-04
3.193325726376552553e-04
-7.783253378842433295e-05
