# 2pt_simulation
3.469627926855470740e-06
2.931810643377354656e-06
7.607554600987240904e-06
1.291727854841626214e-06
9.413262168197445208e-07
-8.628028621743037394e-07
3.090342700698550795e-06
-8.338414086865287068e-07
6.628873573105680413e-07
3.516111637255499931e-07
-1.655911015893755429e-07
9.006963123712297395e-07
3.185192629946987345e-07
2.002501912079329445e-07
1.510883649537753573e-07
3.430563045941176864e-08
-1.167992709848007510e-07
1.830539534055209220e-07
5.071866364222363723e-08
1.052065557631728300e-05
9.093155509892173767e-07
4.171107779450004169e-06
1.521959183997738590e-06
2.208891735382680508e-06
2.090434620482268521e-06
2.163111538212999794e-06
1.261048621306632868e-06
1.361066410118241880e-06
4.980380908988491669e-07
6.406344439053183001e-07
6.115978191087564101e-07
3.348624544639814380e-07
3.642526836662960622e-07
1.468304466928096634e-07
2.406775048952725393e-07
4.684668308172074356e-08
4.199628789174492731e-06
2.777480861379631710e-06
4.816383587822241168e-06
3.308911124940492765e-06
2.780642193365512674e-06
2.334149331716367668e-06
1.563921158047805120e-06
1.345918591080029468e-06
6.278786950111134552e-07
8.083969346294073741e-07
5.257231443302186482e-07
4.578409473745098700e-07
2.612245434209158920e-07
1.693924408426550247e-07
-2.315973481243026650e-08
7.036582025928264269e-06
4.174921073756659759e-06
3.503631977388263874e-06
3.150565715624032672e-06
3.406846811776917482e-06
1.468354388622398882e-06
1.853205349257880159e-06
2.104839954104800460e-06
1.525210332873470351e-06
9.668261036233109336e-07
3.520324854147861822e-07
4.400120683927006919e-07
3.354497370118314108e-07
3.682034554091808259e-07
3.182461563827122097e-07
1.362219779215296084e-05
6.985179167954630669e-06
7.744270930249805176e-06
9.571511761109767382e-06
6.482652154165612380e-06
5.240904506440270063e-06
4.010505279531900438e-06
3.182515934432896530e-06
2.916941420157447207e-06
1.377900094525220031e-06
1.870369628161095568e-06
1.404195614730899025e-06
8.992181463354117850e-07
5.885292969666652639e-07
2.473982174662447819e-07
2.643909836622122303e-07
2.916702800228748928e-07
9.549919230245925342e-06
9.495215627598255339e-06
7.240014265341824067e-06
5.475887447208911621e-06
4.204084688083418824e-06
4.075292467351454789e-06
3.967455315904085200e-06
2.708698381197218445e-06
2.003867313651851043e-06
1.375498700451831671e-06
7.448786537767938198e-07
5.475888080544242085e-07
2.983612888139994496e-07
2.841864910858408423e-07
1.120005027041784808e-05
8.679890627178217944e-06
8.212683096019275756e-06
6.376929185550431843e-06
5.096630361239797526e-06
3.856291596407557780e-06
3.789277365608215639e-06
2.418501604978022469e-06
1.944939706460932503e-06
1.681007478810003525e-06
1.125926905516372428e-06
6.307340777105659900e-07
4.452488534016037991e-07
2.406128038220920476e-07
1.383886154925362955e-05
1.135039910810788694e-05
8.790237731616312922e-06
5.460580071166253182e-06
4.937283222958980691e-06
3.231822720311193510e-06
2.523230094415783003e-06
1.222920192899003451e-06
7.146535090579268169e-07
4.136388638078910204e-07
5.665571921629633593e-07
1.057762270255134617e-05
7.525137793088102800e-06
5.753357536956210370e-06
3.933299730720055690e-06
2.786152395904622615e-06
1.722110442934351849e-06
7.261472195995166828e-07
6.289032161173524372e-07
4.229048109875256300e-07
1.999065031017742910e-05
1.669037086676915705e-05
1.223766392106512968e-05
1.012714100157687429e-05
7.172575810637880895e-06
5.109057278143169912e-06
4.083257762746527649e-06
1.814284651757842126e-06
8.921028925386671185e-07
9.176984243138110088e-07
6.823357457757387972e-07
8.141019933926082355e-07
1.274769958281562572e-06
2.225467403749432873e-07
3.822582004943926090e-07
-4.634110979720700458e-09
3.446451278284969655e-07
5.206121865575491571e-07
1.942991304350161172e-07
3.160248393128170206e-09
1.221129427981154754e-08
7.409500786706723687e-08
4.011015131709513601e-07
2.870313868938566061e-07
3.069048836050549109e-07
1.731882750880161138e-07
2.073036210638623828e-07
1.342142319198439035e-07
6.817529884670554624e-07
5.591691500141456461e-07
3.992044617625225218e-07
3.063434131222003530e-07
2.984826707479564637e-07
5.038146987266036077e-07
5.606224149017978313e-07
5.699210441570974397e-07
6.706074397373249969e-07
2.681235434743026989e-07
1.041447464459845198e-06
4.362513407452813633e-07
9.192754857498803232e-07
7.620757212300103092e-07
6.917060025366970631e-07
4.883721780184975430e-07
4.909118978957552278e-07
1.047102687284495291e-06
9.431247036318475665e-07
6.861595157862663657e-07
1.070088183518494856e-06
8.146242888541623327e-07
6.571636854951045382e-07
2.184544425605361434e-06
1.783354140105832559e-06
1.594807688553099070e-06
2.359136456384576777e-06
1.686127673449502333e-06
3.344219719811117219e-06
2.979938349080469117e-06
2.213272840983991608e-06
5.209416759156023768e-05
4.145118722618822734e-05
3.200793185245505630e-05
2.719882336862885803e-05
2.856118917604320455e-05
2.189527279917034461e-05
1.595331422398452062e-05
1.345895002188259741e-05
8.296450792438208585e-06
9.997051135090193605e-06
1.780920342802802493e-04
1.469243046190419775e-04
1.318689225319896209e-04
1.147143897078016056e-04
9.908216107772621465e-05
8.083656555212423932e-05
6.603950754134067021e-05
5.649354499877266302e-05
4.643228407733542489e-05
3.312133794188763239e-05
3.147930281298682328e-04
2.663793314217954627e-04
2.331140110316071374e-04
2.114113527862215673e-04
1.837625570581707707e-04
1.497700401504741430e-04
1.263945923864060112e-04
1.005418781767164704e-04
8.395522488767936595e-05
6.032843483264729503e-05
3.332636152076581836e-04
2.859587937569236355e-04
2.599358959432019906e-04
2.287118287379144880e-04
2.002502234498430898e-04
1.668893303257225119e-04
1.448091796070911648e-04
1.138919590565505498e-04
8.857147881108241980e-05
7.039094550694142657e-05
3.551263253375129666e-05
1.758722501933451804e-05
7.802228835632911609e-06
1.796678827530574121e-05
2.426415508779318701e-06
-6.931554811449317443e-07
4.975107949616982137e-06
7.467640896389437366e-06
7.399626607536783321e-06
8.250188465752273881e-06
1.030176681066093629e-05
6.103475727136926080e-06
2.928056613670476577e-06
-8.660944115685226355e-06
3.912306656507027368e-06
-1.392527660895645791e-05
-1.538830397575609827e-05
-6.891636190048123752e-06
-7.320469193226829489e-06
-6.073411677741695144e-06
4.108379405412259470e-06
8.275730517773535765e-06
3.019782948358991892e-06
5.078249750879609180e-06
9.458539592818870578e-06
3.427747248866886653e-06
2.194440037219484306e-04
1.690425087737949025e-04
1.551743545458669239e-04
1.301806139404199092e-04
1.167461364568307084e-04
1.037769375389104015e-04
9.410670209614941718e-05
8.342060250402766439e-05
7.370646030861304626e-05
5.844960286092839641e-05
4.626306435070770594e-05
3.328626797256657396e-05
1.868586447704136474e-05
3.873527874343525731e-04
3.632471766434656156e-04
2.907266941917467781e-04
2.594800696498730840e-04
2.263363179779230138e-04
1.876013854409767380e-04
1.603934201390829688e-04
1.444936302941481868e-04
1.179640354646240870e-04
8.773948529687059569e-05
7.168896795703759786e-05
5.326703696087330993e-05
3.895356392798096342e-05
2.931821746248810355e-05
1.908544754380111236e-05
2.361821572851446216e-05
2.136080257649412655e-05
2.803490354561984381e-05
2.142322415987602286e-05
2.122356244508081499e-05
1.484881329941910777e-05
1.531599134384344240e-05
1.007153331062784959e-05
1.199806557911786815e-05
1.189380306813499086e-05
3.202485461172961512e-06
4.208060747062818093e-06
1.629654423887487441e-05
-9.194727215324830752e-06
1.132247453719347490e-05
1.947992147917241369e-05
1.001511827635741218e-05
8.540861653641144182e-06
1.011439086130185954e-05
1.238879337203499005e-05
1.056967914091274061e-05
8.491010415849210543e-06
2.357183582707339438e-06
1.549193333581591653e-06
3.354630035594715210e-06
4.563225745210370264e-06
1.105167778818541015e-04
7.763798270329428362e-05
7.468459382051258351e-05
6.053129184922376377e-05
4.288095255418812471e-05
3.788945519889579138e-05
3.583327946467131477e-05
2.714309577088988340e-05
3.045173545426363163e-05
2.028880669443888204e-05
2.687081898081582074e-05
1.876737836208679054e-05
1.112885873271124434e-05
8.423781280169491710e-06
3.199221745311207747e-04
2.685609557709266399e-04
2.276820635682313466e-04
2.032966770846001108e-04
1.800441527173701349e-04
1.605358476625810035e-04
1.348202243038849142e-04
1.122708907902867292e-04
9.785280779252778503e-05
8.516636436544358288e-05
7.412243252566505687e-05
5.216874904185497586e-05
3.575296190984380272e-05
2.725293691809162173e-05
4.357988362700780384e-05
3.641018895572664736e-05
3.617649115718374515e-05
2.706679456836945838e-05
1.293374245413857246e-05
1.797354236552126428e-05
1.745782082842261916e-05
1.353699702960469372e-05
1.250861136574346751e-05
8.721713005671289200e-06
9.912609210526425815e-06
7.063888244222534569e-06
4.014134416329030521e-06
1.262194687330916566e-06
2.320628653661234333e-05
1.460061216018258354e-05
1.292334424488422572e-05
2.085805137125759556e-05
1.109795267594623898e-05
1.112284823512803432e-05
1.119335403363700760e-05
1.101380144993478977e-05
1.418617574768087306e-05
6.466642893409642610e-06
4.214392318718235789e-06
6.365821057907954672e-06
5.526317376483642538e-06
-2.416356988992424563e-06
2.799021821014093347e-05
6.058214159199912230e-05
2.894709998952360450e-05
3.010687956907362792e-05
2.804449382269098872e-05
1.398987460678385793e-05
2.438063962163727162e-05
1.434149185153962014e-05
5.351713118692738575e-06
8.006408890621815325e-06
1.029871346888931547e-05
7.971667780464729563e-06
1.907788498701946543e-06
8.674981412638419607e-07
2.506619090787542818e-04
2.182798739065426596e-04
1.879955780887039595e-04
1.829844167041472843e-04
1.467090384947163063e-04
1.340291680146933856e-04
9.575758860217229015e-05
9.137897654074279244e-05
7.054824821621769710e-05
5.336611805261015125e-05
4.697086716983069299e-05
3.572605304533346232e-05
1.940062295174803782e-05
9.990527651765299279e-06
5.698194413252694881e-05
5.572962589768865922e-05
3.753119804987960722e-05
2.532754039867419373e-05
3.608228602346950773e-05
2.855654034949268500e-05
1.749990061404553548e-05
2.033724763090526483e-05
1.520193289493103933e-05
1.242771153875139760e-05
1.227695231043480017e-05
6.862360066585372951e-06
6.335359275070920497e-06
7.530015543776362510e-07
-1.893766832902927320e-06
3.523871323120273953e-05
2.497884673242355304e-05
3.667225834413818670e-05
2.428594155815502994e-05
2.277660097262608810e-06
9.205068133267090336e-06
1.075050956176044424e-05
1.272464990529453049e-05
1.143784808722295733e-05
1.445592393178819512e-05
6.970067638740080749e-06
9.469461463157986255e-06
5.388767649907044213e-06
3.718522949438701423e-06
9.893619633239864894e-07
7.613347391715726497e-05
2.652129230616792038e-05
2.716296032436088377e-05
3.010453288980604811e-05
3.298953782727883217e-05
1.965646625843455752e-05
1.753672017248279530e-05
2.310515861539868464e-05
2.407086710474725194e-05
2.003940854166799337e-05
1.518324971170031601e-05
1.606040599697331682e-05
1.381410248365728594e-05
2.367458348493550734e-06
-2.203257197208801450e-07
2.304074170177444650e-04
2.014951519527191735e-04
1.761690748611132124e-04
1.349106387808063205e-04
1.305624804713985897e-04
1.264550492206982990e-04
9.551795827134302805e-05
8.661687210553889319e-05
6.593045774439646486e-05
5.765258965825429500e-05
4.811579480031903406e-05
3.813442765133684631e-05
2.780489911040713900e-05
9.493620160448360278e-06
5.914161687524471464e-06
2.373219794792388523e-02
1.860723865431935034e-02
1.415551014177689367e-02
1.050740786300950746e-02
7.710987768806210410e-03
5.408458271959520544e-03
3.387581887308678107e-03
1.934730957830541184e-03
3.851069248028114733e-02
3.052358703248023164e-02
2.330189865287454407e-02
1.684609291087213814e-02
1.215995294851763588e-02
7.987594250983564431e-03
5.324816406561429932e-03
3.278975339428657869e-03
2.198723476653003175e-03
1.277852898450204536e-03
8.659097574332174849e-04
3.294447993499615562e-02
2.618647210335178777e-02
2.016295800327493060e-02
1.475732218393809546e-02
1.065839831597023384e-02
7.248679884894608169e-03
4.570973629422805419e-03
2.854014126058618175e-03
1.385157699310619970e-03
9.489924798475376372e-04
5.992886950142824664e-04
-4.851337161105063480e-05
3.629196523238430172e-02
2.855366183096785804e-02
2.174730192438625864e-02
1.590581144851893960e-02
1.124610620260344494e-02
7.435294558354916400e-03
4.624391747841394111e-03
2.710649365248442039e-03
1.550246292872038819e-03
9.925691257004353070e-04
3.467101335612236238e-04
-3.299374706481137797e-04
2.686232043459930649e-02
2.144341723048064086e-02
1.632464073253489870e-02
1.226314257906673498e-02
8.723995422375365599e-03
6.062381831966736322e-03
3.862303475994607535e-03
2.326444399417213274e-03
1.313084409721724383e-03
9.188508581495816955e-04
5.823368276008744713e-04
8.774365290300153715e-05
-3.970311528706388913e-04
