# bin_3_2
1.036224416006754210e-08
1.061862761076760300e-08
1.091662028242794497e-08
1.126268697709373183e-08
1.166420212785330137e-08
1.212954515267301581e-08
1.266819718607834152e-08
1.329083435106446465e-08
1.400940979741186752e-08
1.483720886986542766e-08
1.578888994421690948e-08
1.688034351566320911e-08
1.812876964238026690e-08
1.955241960748694414e-08
2.117040234215125906e-08
2.300220090567847839e-08
2.506630141121669588e-08
2.737936460531460924e-08
2.995505131821018005e-08
3.280258417602760684e-08
3.592526637251359356e-08
3.931589785765205677e-08
4.295482392498858197e-08
4.680793799915040420e-08
5.082197315690002695e-08
5.491884649510926750e-08
5.899570865519995671e-08
6.292245334723172161e-08
6.653871859420693397e-08
6.965894001477869602e-08
7.208336709471095478e-08
7.361701587426762890e-08
7.409972666869081580e-08
7.344076232961700759e-08
7.164762566879857743e-08
6.882873278478654179e-08
6.515584152170777229e-08
6.077224240865919897e-08
5.572388598707040597e-08
4.999120158369511093e-08
4.367893245238552209e-08
3.728768066423128614e-08
3.164108622410716276e-08
2.720018646320756248e-08
2.366652112591418949e-08
2.018505251977997984e-08
1.637853078338410534e-08
1.289581133060220805e-08
1.048860126026266436e-08
8.667997975232678489e-09
6.857504763318301259e-09
5.492490463921755417e-09
4.423458791624486079e-09
3.546749461860855753e-09
2.863889351621221394e-09
2.321396328253066362e-09
1.891790199295548382e-09
1.549652212364339900e-09
1.275010355298024856e-09
1.052440302545531320e-09
8.702064028314011108e-10
7.195301542258664426e-10
5.938902615544747446e-10
4.883519577789013738e-10
3.991818868252370755e-10
3.235754568371962151e-10
2.594871160906831542e-10
2.054746194954548462e-10
1.604948619564970288e-10
1.236825464774315526e-10
9.417885874825790605e-11
7.103615473174239793e-11
5.322903409784214566e-11
3.973139204801977038e-11
2.959867939342876100e-11
2.202859112470016378e-11
1.638702491994705595e-11
1.219273407054338615e-11
9.087337102342861729e-12
6.799006496735924426e-12
5.100131238516485325e-12
3.826661117500939315e-12
2.870601917585204493e-12
2.153000554308776671e-12
1.614516032925532083e-12
1.210534218283185493e-12
9.075265420305356574e-13
6.803027485881755737e-13
5.099435051303238503e-13
3.822445380527859000e-13
2.865438101727694916e-13
2.148416494526851633e-13
1.611431160057822898e-13
1.209539298431655576e-13
9.091495874200132227e-14
6.854243669648918771e-14
5.203257826703844403e-14
4.014702941800120278e-14
3.171954258555425587e-14
2.563611333916272922e-14
