# bin_6_3
3.202745517613876990e-09
3.270916686018802512e-09
3.349659824845950160e-09
3.440462387270065362e-09
3.544968768927055045e-09
3.664990273725745494e-09
3.802525733953978649e-09
3.959731734837652890e-09
4.138914987080356249e-09
4.342503511844911346e-09
4.573010372850152858e-09
4.832997238484289412e-09
5.125039611287670855e-09
5.451552779133576114e-09
5.814965245370905351e-09
6.217454946484899912e-09
6.660929962174885202e-09
7.147040743908478181e-09
7.675688839236257310e-09
8.245665214549462438e-09
8.855620726797397600e-09
9.503986424306493091e-09
1.018713578691289506e-08
1.089936185829458757e-08
1.163583030462067352e-08
1.239181154793782686e-08
1.316102412745740407e-08
1.393915188909616180e-08
1.472039043640117060e-08
1.549890785507633786e-08
1.626819679893819823e-08
1.701778893248203382e-08
1.773148242745678475e-08
1.838494731396284870e-08
1.894300506367350273e-08
1.935852606134181762e-08
1.957341476363873757e-08
1.952239164930496412e-08
1.913848527522549718e-08
1.836421826431250343e-08
1.717294371857467937e-08
1.560760676339360863e-08
1.380390964789290715e-08
1.196526303909127798e-08
1.030001740808506531e-08
8.962901247443798207e-09
7.893283279682352298e-09
6.866218348095340731e-09
5.676259425059893898e-09
4.460175904029758144e-09
3.560124563176112941e-09
2.965347733853711970e-09
2.356050011965186944e-09
1.836703631601325005e-09
1.473921288957711867e-09
1.151538843022963331e-09
9.115312687558240193e-10
7.189615620942560690e-10
5.695737728906178792e-10
4.534931389847036067e-10
3.632292034501948394e-10
2.929377841125146439e-10
2.379606220569281549e-10
1.946314842359970405e-10
1.601106331154218104e-10
1.322033174423223102e-10
1.092534553364920018e-10
9.005268102128894559e-11
7.375915217103932841e-11
5.982666850351073659e-11
4.792596525305230140e-11
3.786062666544204404e-11
2.949229977599148595e-11
2.268497653428607390e-11
1.727205274936716772e-11
1.305561818929598422e-11
9.824441077150128678e-12
7.375373393638460314e-12
5.532043346139735730e-12
4.151358824479862451e-12
3.121916527974135671e-12
2.359150454320441440e-12
1.790416127480089368e-12
1.359821088434466279e-12
1.032554756263521249e-12
7.838657439580814007e-13
5.949497674818926119e-13
4.514886899316504647e-13
3.425816077594617986e-13
2.599324006174803371e-13
1.972327423362767448e-13
1.496849346338094306e-13
1.136423884867539697e-13
8.633458391385461387e-14
6.565554820076589679e-14
5.000054217302281732e-14
3.815360927779454101e-14
2.920180203078805011e-14
2.243657504447961442e-14
1.732155300958924512e-14
