# bin_6_2
2.311290345110481525e-09
2.356147458857936785e-09
2.407727803924673435e-09
2.466898165264976789e-09
2.534587180362370748e-09
2.611782258311369083e-09
2.699535794537552633e-09
2.798920076709623209e-09
2.911002990720581288e-09
3.036802053443486643e-09
3.177230854009401566e-09
3.333045633966228008e-09
3.504793752558447929e-09
3.692626099704695998e-09
3.896461953322122575e-09
4.115726479061295845e-09
4.349334235262441929e-09
4.595720401432877465e-09
4.851409772387428856e-09
5.111699470550553585e-09
5.371711643051757261e-09
5.626444092483525088e-09
5.869094491976237043e-09
6.091275279575745004e-09
6.286173191262529036e-09
6.448067938659613758e-09
6.571133437932784094e-09
6.653420072575810304e-09
6.694347899339554494e-09
6.696244001866551314e-09
6.663867566504825039e-09
6.603253379006499509e-09
6.520281811975095695e-09
6.419149819899916658e-09
6.300608774754258126e-09
6.161269559542613239e-09
5.993932966999877539e-09
5.788681564444777920e-09
5.532797098089023844e-09
5.211069938160145610e-09
4.809783180940587499e-09
4.332811944372254631e-09
3.810690621141327753e-09
3.287356792320525837e-09
2.807904399079029461e-09
2.417838295300553544e-09
2.113735443606998544e-09
1.841931407718748721e-09
1.537928297794761673e-09
1.215130887427721366e-09
9.654605596713213410e-10
8.062028103686804724e-10
6.486012711917245734e-10
5.062678272444413508e-10
4.091186259037827131e-10
3.212953867569630375e-10
2.556177413034743686e-10
2.022062435726256808e-10
1.604440384368382516e-10
1.276384760134487520e-10
1.018821693780780270e-10
8.166869414172277662e-11
6.578334374988452835e-11
5.325689004522060061e-11
4.332316863498146070e-11
3.537520497528522888e-11
2.893930699255502521e-11
2.365514634430400860e-11
1.925749745987926810e-11
1.556156651811006160e-11
1.244572394217753698e-11
9.831837952072894689e-12
7.666585170786308024e-12
5.905829804478221313e-12
4.503454939976289749e-12
3.408444804368348397e-12
2.567425211739536431e-12
1.928858464906811081e-12
1.447559584978304468e-12
1.086538442375223644e-12
8.168583880039988582e-13
6.168555300924344481e-13
4.680279442560574265e-13
3.555064832061715366e-13
2.700038276384679028e-13
2.050328509214540751e-13
1.556782988682195701e-13
1.182010894781803851e-13
8.975486155663247086e-14
6.817306972116395251e-14
5.180973620216722724e-14
3.941210126665448643e-14
3.002772996077967002e-14
2.293278939162655325e-14
1.757573787388193234e-14
1.353275014389312365e-14
1.048377287357653346e-14
8.193212078647924050e-15
6.470412013933838503e-15
5.171671305400676301e-15
