# bin_6_1
2.292758152185379829e-09
2.338240349951622022e-09
2.390620823035565590e-09
2.450817189145877820e-09
2.519835261577856360e-09
2.598763154757423827e-09
2.688768181855658285e-09
2.791073778879594040e-09
2.906945305571766522e-09
3.037669356224618188e-09
3.184533134083640601e-09
3.348788061218578919e-09
3.531604300093236294e-09
3.733872683905910453e-09
3.956399121501694616e-09
4.199832069828044330e-09
4.464800669289149535e-09
4.751493357601774869e-09
5.058643201282333853e-09
5.384534582230028420e-09
5.727355282842052817e-09
6.085970126208542167e-09
6.457812555365567057e-09
6.839153313269657982e-09
7.228121299016464112e-09
7.623794963343120719e-09
8.024898390039934556e-09
8.432931271228538806e-09
8.848844654175091212e-09
9.274660300051934943e-09
9.711728822449517168e-09
1.015841421675577950e-08
1.060888613349367888e-08
1.105045779490772564e-08
1.146171253535869192e-08
1.181197283467256057e-08
1.206153086460921490e-08
1.216323407429221385e-08
1.206671208966992267e-08
1.172395814146391002e-08
1.110174653708719301e-08
1.020732050884565897e-08
9.108235441393947735e-09
7.928633073773977192e-09
6.826281579341936601e-09
5.924328312882379575e-09
5.233518441762098622e-09
4.626060018432483779e-09
3.890344426887965088e-09
3.060220489466654534e-09
2.411508281512248565e-09
2.019124128164738455e-09
1.622595318882276331e-09
1.252171428409168717e-09
1.007929416107769202e-09
7.836820300637758036e-10
6.188151025967554087e-10
4.852287810631824092e-10
3.822323635238389369e-10
3.023569655438531091e-10
2.405316251613684584e-10
1.926964380134333514e-10
1.555958433869596615e-10
1.266569688078126047e-10
1.038761856042027780e-10
8.569675377920642960e-11
7.093004550371020039e-11
5.869519246545765036e-11
4.836674522191653012e-11
3.953050407160404146e-11
3.193702967767357728e-11
2.544719641015093793e-11
1.998153748184428450e-11
1.547520864943880267e-11
1.184726890130539767e-11
8.992338454084564899e-12
6.787590789426001007e-12
5.107491339530824980e-12
3.837902950240937478e-12
2.883942477374898287e-12
2.170458337409703091e-12
1.641005690940019224e-12
1.247665492084843116e-12
9.500289228442670840e-13
7.232917251970916611e-13
5.505389250117194491e-13
4.189580941947549056e-13
3.187725196764766211e-13
2.425180768623237511e-13
1.844981759238774689e-13
1.403692844301229016e-13
1.068184845908335824e-13
8.132053827365164993e-14
6.195128663455525594e-14
4.724383719486751895e-14
3.607774234786331064e-14
2.760158568387207849e-14
2.117223511627299624e-14
1.629359953185000152e-14
1.258946452299219205e-14
