# bin_5_1
1.988591323369130357e-09
2.034070519992574015e-09
2.086703064328875433e-09
2.147523252246827939e-09
2.217685804550346529e-09
2.298471237660583474e-09
2.391288627073918706e-09
2.497676106062930728e-09
2.619297205844904715e-09
2.757934007187350258e-09
2.915475734424207508e-09
3.093906527615908073e-09
3.295287155825304923e-09
3.521731069784619547e-09
3.775396540873949305e-09
4.058372214820279254e-09
4.372685545264321046e-09
4.720110830011115162e-09
5.101961776829775396e-09
5.519067742236860894e-09
5.971587185207318578e-09
6.459106462131974473e-09
6.980670247654677981e-09
7.534559924391580599e-09
8.118488467341983481e-09
8.729796974227314513e-09
9.365728721752034882e-09
1.002356156058691359e-08
1.069984457408898251e-08
1.139253057292675485e-08
1.210004528948323764e-08
1.281854910715326673e-08
1.353919876533622237e-08
1.424208879085717394e-08
1.488990647863162154e-08
1.542590180523537210e-08
1.578122314668660066e-08
1.588823298190740393e-08
1.568937042815924109e-08
1.513692989408975248e-08
1.420230658678579684e-08
1.291301660773989083e-08
1.139097840144756504e-08
9.836330976144954027e-09
8.468399786424963787e-09
7.424872688454680632e-09
6.614182730319213513e-09
5.769020064581996457e-09
4.685843020582286175e-09
3.624849632873982950e-09
2.950264382230040235e-09
2.477036996928978067e-09
1.913406265233839949e-09
1.516926126389282366e-09
1.204527858673901013e-09
9.434255083978884385e-10
7.427068968422740527e-10
5.862460425028248393e-10
4.639080454114449419e-10
3.692344377438109106e-10
2.959507684302863011e-10
2.391269528294019323e-10
1.948519122298540501e-10
1.600452520367031460e-10
1.323328694904867919e-10
1.098757278865980249e-10
9.129763866302423294e-11
7.560693678946739325e-11
6.213762646098750109e-11
5.048608818951944915e-11
4.043886862500443978e-11
3.189096763199654365e-11
2.477134473992208505e-11
1.899028129275132388e-11
1.441329346818499854e-11
1.086687876742469685e-11
8.162018670473280385e-12
6.118786015255210729e-12
4.584175810411909334e-12
3.436134086985635586e-12
2.582596614004942018e-12
1.952773189042450505e-12
1.481673590918189926e-12
1.124328462186744357e-12
8.529258289512628547e-13
6.468675881274450401e-13
4.904766078851534148e-13
3.718218585850434116e-13
2.818274687811163340e-13
2.135927230504633916e-13
1.618727754266097498e-13
1.226842842785564281e-13
9.300543417051354799e-14
7.054361636709837920e-14
5.355413227555822436e-14
4.070029520742188422e-14
3.097001588245451531e-14
2.360636774469622845e-14
1.803750715878813495e-14
1.382785861152462367e-14
