# bin_1_3
2.017534514808773479e-07
2.068992720427986022e-07
2.128865424010431794e-07
2.198478654204937680e-07
2.279349879800278552e-07
2.373210301410457965e-07
2.482026655870623808e-07
2.608022307666640745e-07
2.753692625980285341e-07
2.921813515414048685e-07
3.115445564548219169e-07
3.337910207145416624e-07
3.592802376573390563e-07
3.883920524261626886e-07
4.215193659485755792e-07
4.590566108624309149e-07
5.013757629996109369e-07
5.487940827656905372e-07
6.015438700886772372e-07
6.597336621629881326e-07
7.232970111214713886e-07
7.919060872034371392e-07
8.648860712988872742e-07
9.411544100814371255e-07
1.019110003770271522e-06
1.096516681501101150e-06
1.170449210086708058e-06
1.237247382017921229e-06
1.292560771748082154e-06
1.331544617992775597e-06
1.349252390712258388e-06
1.341302798429792735e-06
1.304801037818877612e-06
1.239439198057356878e-06
1.148463438006189302e-06
1.039023778945917468e-06
9.214248642802370028e-07
8.064870263026698354e-07
7.019489489606814798e-07
6.095544337966306115e-07
5.255092495168126802e-07
4.459835208113421397e-07
3.706296075308795222e-07
3.021251896513231636e-07
2.437356168402939163e-07
1.974874172957807328e-07
1.603393152522659151e-07
1.287397309256416017e-07
1.034855863334653154e-07
8.355940271474538279e-08
6.763897658052332791e-08
5.510236779757794316e-08
4.519733884288709110e-08
3.736050403312698894e-08
3.111582303229283861e-08
2.608091827003022650e-08
2.195538751120431343e-08
1.850872333258176749e-08
1.557116896736397129e-08
1.302485734058345782e-08
1.079434159282382961e-08
8.836736734165464783e-09
7.130798831884350713e-09
5.666064282188173356e-09
4.433758703368900873e-09
3.420802748764435835e-09
2.607524977295412594e-09
1.968598960730318926e-09
1.475759028036070050e-09
1.100914989045113635e-09
8.186247816518773110e-10
6.074384175334277700e-10
4.501709990018551816e-10
3.335034433346021985e-10
2.472263874286310838e-10
1.835291655326918433e-10
1.364885206823746691e-10
1.016281502628186942e-10
7.569165715216435137e-11
5.636863390663522093e-11
4.197233231726771563e-11
3.124849879071635296e-11
2.326172624543400698e-11
1.731443623625494629e-11
1.288652013466825702e-11
9.590289117399204385e-12
7.136827053837503622e-12
5.310879367672050703e-12
3.952099460261636929e-12
2.941071429985773105e-12
2.188873581296052705e-12
1.629380787543153060e-12
1.213638287496975103e-12
9.053465932631138650e-13
6.777782555773183576e-13
5.119179821820531693e-13
3.948463700546069597e-13
3.195369387022269163e-13
2.766755549657673113e-13
2.575630920882097840e-13
