# bin_6_4
6.885028443088162426e-09
7.052094753933345203e-09
7.246232260527847363e-09
7.471651156255509848e-09
7.733158068961615451e-09
8.036233836568065083e-09
8.387131656338060385e-09
8.792935617151407069e-09
9.261652941785370121e-09
9.802296690264741939e-09
1.042497022722773791e-08
1.114096192432460223e-08
1.196286015519915795e-08
1.290453783888450856e-08
1.398146881381510089e-08
1.521058840115391448e-08
1.661042983625134175e-08
1.820123222701254233e-08
2.000341067861121113e-08
2.203819292461186460e-08
2.432842215214616570e-08
2.689800407419632251e-08
2.976962718851417517e-08
3.296362051039155541e-08
3.649955894051673175e-08
4.039411355555149023e-08
4.465692167636471422e-08
4.929092584763988644e-08
5.428129559915932946e-08
5.959461187479077646e-08
6.518046760437335236e-08
7.095080967546695965e-08
7.677499347433548454e-08
8.247192658600294467e-08
8.779969268027377232e-08
9.244942916334498738e-08
9.604634679302010104e-08
9.816234225056191359e-08
9.834960652222069757e-08
9.620929529892379958e-08
9.151105072807287476e-08
8.436729031686776968e-08
7.538920034380067948e-08
6.569307592316334089e-08
5.660864643734357233e-08
4.930419289057855800e-08
4.372201077660654760e-08
3.860677168832935297e-08
3.231660913616001876e-08
2.530171044040221511e-08
1.998452394914354008e-08
1.675317235708125074e-08
1.338090888106609544e-08
1.031818259962092508e-08
8.296473660393769157e-09
6.435445413288065855e-09
5.076582392206227960e-09
3.978702994512078546e-09
3.134058003906103618e-09
2.481584258104201276e-09
1.977844960308537578e-09
1.588860198188173461e-09
1.287426145789350190e-09
1.052146759917865693e-09
8.664781221480448354e-10
7.176498411124973421e-10
5.960105832440837564e-10
4.945002042285204702e-10
4.081790180023780099e-10
3.338651029463088213e-10
2.697162861757759465e-10
2.147596011251354816e-10
1.684479580550809953e-10
1.302955951085966671e-10
9.962969109506429282e-11
7.554243627722180393e-11
5.697439820329567883e-11
4.284429790381318015e-11
3.217916481403699158e-11
2.417171319266635162e-11
1.818839434483519038e-11
1.375478724128493354e-11
1.045591459362823971e-11
7.956911236384298322e-12
6.053723711376584422e-12
4.604460065912370834e-12
3.501248100808563358e-12
2.661749975758367938e-12
2.023134648994857963e-12
1.537479885299145993e-12
1.168254939314066070e-12
8.876225406921906137e-13
6.743799975442175886e-13
5.123846366102598500e-13
3.893491086778584935e-13
2.959194055572124836e-13
2.249835723961598424e-13
1.711445926317637589e-13
1.302833380393606438e-13
9.927072312548485385e-14
