# bin_4_3
1.056654346318646050e-08
1.081543418682028381e-08
1.110419454503451388e-08
1.143884831605328308e-08
1.182623238849538588e-08
1.227404688634024177e-08
1.279094060163740347e-08
1.338660544719116777e-08
1.407180518176687894e-08
1.485842374341527673e-08
1.575949332158997228e-08
1.678913493468671782e-08
1.796234895646984299e-08
1.929452842970008561e-08
2.080096745395617574e-08
2.249761878477618579e-08
2.440100797729329710e-08
2.652661789804904376e-08
2.888764822024761853e-08
3.149421418502970125e-08
3.435212544226595717e-08
3.746521304905021226e-08
4.083243859029581034e-08
4.444628369915338315e-08
4.829746557156348449e-08
5.237346025813836915e-08
5.665468080388545022e-08
6.111340866809129177e-08
6.571469811593936131e-08
7.040004924623110215e-08
7.507840826448510146e-08
7.961937833393450852e-08
8.384377685570099370e-08
8.752565719675910863e-08
9.040112326566598063e-08
9.218390033376567782e-08
9.257493051056741709e-08
9.127027803719836373e-08
8.800060268808076321e-08
8.262146889698948084e-08
7.526378442000950788e-08
6.651763838103436752e-08
5.748864471442363805e-08
4.947087173203893574e-08
4.313943445325836076e-08
3.825728704453898940e-08
3.339261522319646352e-08
2.738878822264403942e-08
2.133769825430985864e-08
1.722941185265020203e-08
1.442394942034821896e-08
1.132275470218459336e-08
8.931527526635134763e-09
7.149627915720292921e-09
5.623042793816708822e-09
4.464272594311802699e-09
3.546248073103369607e-09
2.830330871947100066e-09
2.272949521572759471e-09
1.838366483016653419e-09
1.498324542804616677e-09
1.230423224576466746e-09
1.017102994781431726e-09
8.448342769669733396e-10
7.031996033256051943e-10
5.844499450307019935e-10
4.830912018926975025e-10
3.955267567803456379e-10
3.196697097447701587e-10
2.544604817895062378e-10
1.993456835624149984e-10
1.538465437098631811e-10
1.172532485174531427e-10
8.854117280645512732e-11
6.646593379139865557e-11
4.972972902369442488e-11
3.714322715241888676e-11
2.772211775512520959e-11
2.069637193672545532e-11
1.548246335670571065e-11
1.164038565264533264e-11
8.786046579806398533e-12
6.634635359978367205e-12
5.008790672146881696e-12
3.780455234992276266e-12
2.852733032363561643e-12
2.152265738781340775e-12
1.623538914468400410e-12
1.224560067234106935e-12
9.235772265895685091e-13
6.965922438478123365e-13
5.254688574194864966e-13
3.964972392723745616e-13
2.993181608095202348e-13
2.261119299185715319e-13
1.709763014777439565e-13
1.294725603737392204e-13
9.829340170559574362e-14
7.492663924005554367e-14
5.741516903611323367e-14
