# bin_1_1
8.781302069392196145e-08
8.998596384516036323e-08
9.251164123069958381e-08
9.544476080433248935e-08
9.884763364803721221e-08
1.027911716287862746e-07
1.073555226976244865e-07
1.126305290694065910e-07
1.187162430212628138e-07
1.257225803332249637e-07
1.337688755890391604e-07
1.429833581023826249e-07
1.535021505206122394e-07
1.654672148585757736e-07
1.790225340037201205e-07
1.943082256814348471e-07
2.114481619681723472e-07
2.305339857338184342e-07
2.516104963960501734e-07
2.746676088346383297e-07
2.996170342050075626e-07
3.262486216792455410e-07
3.541995354862640284e-07
3.829354060974045252e-07
4.117081952440607274e-07
4.395106222846480450e-07
4.650745297939803481e-07
4.868702701783908477e-07
5.031585222819744085e-07
5.121193034477019861e-07
5.120623161511803771e-07
5.017408852803409849e-07
4.807251312202739987e-07
4.497481767132195440e-07
4.108827009696669971e-07
3.674094054304851110e-07
3.232454791787110321e-07
2.818764535636709170e-07
2.450059976654394920e-07
2.120013569819127942e-07
1.811170189201965618e-07
1.516413258077001936e-07
1.246712656656317627e-07
1.014193066282689288e-07
8.202230997651736588e-08
6.641688689790282295e-08
5.377030494872168980e-08
4.323400205267785500e-08
3.487548478536564829e-08
2.825025535042165302e-08
2.298227015538820770e-08
1.882605772314089991e-08
1.553417121440858661e-08
1.291475348001091846e-08
1.080947312856725782e-08
9.092466483936537407e-09
7.666410573953125569e-09
6.458409432734052759e-09
5.416578867797219741e-09
4.506607030037509556e-09
3.707940827963909082e-09
3.009760523720765511e-09
2.406772439594443339e-09
1.895443459180259803e-09
1.471276878886818246e-09
1.127472186022411521e-09
8.549014409014101658e-10
6.429616303733958872e-10
4.807342254694243318e-10
3.579958554954232289e-10
2.658779244220311488e-10
1.971200279259908874e-10
1.460121947573204357e-10
1.081629314365247127e-10
8.020126784670887936e-11
5.955083370334199418e-11
4.427715312250875656e-11
3.294389905473204024e-11
2.451310474115348605e-11
1.823755863329023847e-11
1.356673141121992619e-11
1.009089869677362342e-11
7.504775131510371327e-12
5.580930351984776188e-12
4.149973582286549178e-12
3.085775240994460325e-12
2.294437302395463075e-12
1.706075670558671466e-12
1.268682869101150128e-12
9.435666855522759127e-13
7.019419514326542539e-13
5.224559864936126902e-13
3.894177245064610720e-13
2.912235091332931210e-13
2.193713484434553815e-13
1.679516160387919315e-13
1.329588084878807415e-13
1.121588460267411775e-13
1.015992432993758765e-13
9.748981063795560612e-14
