# bin_2_3
8.589628061663618745e-08
8.816077633973146767e-08
9.079936274670806961e-08
9.387236152148709127e-08
9.744929079937295211e-08
1.016100733292467306e-07
1.064463279373737300e-07
1.120627157376760977e-07
1.185783028587582673e-07
1.261278745003271111e-07
1.348630972847448846e-07
1.449533643524053160e-07
1.565861229879426377e-07
1.699664831024119279e-07
1.853157944433095793e-07
2.028685400012015300e-07
2.228669668157799880e-07
2.455532754167117751e-07
2.711582692797468401e-07
2.998852187794130745e-07
3.318898953672147551e-07
3.672535623139621457e-07
4.059457249546127545e-07
4.477827651580979334e-07
4.923807304204004713e-07
5.391066423786978524e-07
5.870285218372169650e-07
6.348414593197086527e-07
6.808229021873546581e-07
7.228175786675666889e-07
7.582602231928546087e-07
7.842804115495802161e-07
7.979239986957994874e-07
7.965131330506975816e-07
7.781550278967523395e-07
7.423430916605664836e-07
6.905111149221559535e-07
6.263435402560440963e-07
5.554908177628684239e-07
4.847042444018658173e-07
4.200153300052014427e-07
3.644710440915267366e-07
3.163740400732311970e-07
2.706999703590481135e-07
2.244902519189910475e-07
1.807428161669376341e-07
1.451088246704321920e-07
1.182114732740952237e-07
9.575821043079567329e-08
7.610072812501857591e-08
6.101351312867849237e-08
4.897606252813114508e-08
3.936473516116404601e-08
3.184550017372046755e-08
2.592724248718752225e-08
2.126747435708286894e-08
1.758140102767212220e-08
1.463635260533071523e-08
1.225004504864143109e-08
1.028193930766884558e-08
8.626939345744790806e-09
7.209867411211886065e-09
5.979939579594792053e-09
4.905881902947280717e-09
3.970420957296085711e-09
3.164755389317014832e-09
2.483377162166412830e-09
1.920028678179997873e-09
1.465459295737667765e-09
1.107110393302979124e-09
8.302262366417141665e-10
6.195637999854537708e-10
4.609767370409659301e-10
3.423837900208818013e-10
2.540703492616479253e-10
1.885297381801064660e-10
1.400502984022120245e-10
1.042778658420741055e-10
7.784680182222647562e-11
5.818107525442287496e-11
4.348115619174842417e-11
3.248881364866794928e-11
2.427091027280595208e-11
1.812864501780837085e-11
1.353877726963454328e-11
1.010965066285775988e-11
7.548199079347073992e-12
5.635197226090049638e-12
4.206703764133634847e-12
3.140152897845071075e-12
2.343936102341049550e-12
1.749603767282229488e-12
1.306039408828895924e-12
9.750706310207731921e-13
7.282755222110264149e-13
5.447058371837604595e-13
4.089325878879790442e-13
3.097734692752114080e-13
2.387335407965827830e-13
1.908338676906849542e-13
