# bin_4_2
5.767295634083928721e-09
5.888929510189048345e-09
6.029319110189946709e-09
6.191046710975003231e-09
6.376967682512368128e-09
6.590182764664140576e-09
6.834036606454221755e-09
7.112115758912836289e-09
7.428173013796478567e-09
7.786065389090745406e-09
8.189667033858848960e-09
8.642688156010209020e-09
9.148343638457642288e-09
9.708768615605472116e-09
1.032445744841835596e-08
1.099494988375415698e-08
1.171874920966876698e-08
1.249184188617731022e-08
1.330661854910653871e-08
1.415144599036501050e-08
1.501002450977029636e-08
1.586437816222619226e-08
1.669323757290508258e-08
1.747168031413734869e-08
1.817749003771222815e-08
1.879194769684992615e-08
1.930100360255011154e-08
1.969825117072467135e-08
1.998269422730434475e-08
2.015583165065573790e-08
2.021609765678466710e-08
2.015578275741182088e-08
1.995939420022587342e-08
1.960732167234364614e-08
1.908574676488116201e-08
1.839725530607652789e-08
1.755806683470037120e-08
1.657977963924079259e-08
1.545658878113951969e-08
1.416415504701063637e-08
1.268190893834227456e-08
1.105547142407815903e-08
9.441339384720222743e-09
8.032951001933282356e-09
6.911141254878423565e-09
6.022881103932720753e-09
5.187757687429431742e-09
4.258667395744336215e-09
3.352911514398830755e-09
2.708466371064834169e-09
2.256207473840403654e-09
1.793597659913544332e-09
1.425864784918131031e-09
1.150146827225446746e-09
9.151322618742077988e-10
7.339569607025319591e-10
5.887167026083063281e-10
4.737934909518843047e-10
3.826598201427077579e-10
3.101764809246740250e-10
2.523010409394675145e-10
2.058556543091073515e-10
1.683600144202824777e-10
1.378875849931473742e-10
1.129199675157992855e-10
9.227159543356630921e-11
7.503573802661804079e-11
6.054704719740668718e-11
4.834428944726728997e-11
3.811928730286738170e-11
2.965637751748890225e-11
2.277855582673336368e-11
1.730652648552598816e-11
1.304312843907417104e-11
9.779566177054472600e-12
7.311868120227284341e-12
5.458862900866325566e-12
4.072964343158867096e-12
3.039705907810567142e-12
2.272525303069675658e-12
1.706214156949071049e-12
1.285560337227015070e-12
9.691510202649293383e-13
7.304903890786969909e-13
5.505074925547449277e-13
4.148137508290094778e-13
3.125427303037751126e-13
2.354902603676013744e-13
1.774647871365066982e-13
1.337944431222717414e-13
1.009563173501291666e-13
7.628988118370011901e-14
5.777886693832925554e-14
4.389698883471831158e-14
3.349423100337735943e-14
2.570333161856522610e-14
1.988227430420744047e-14
1.557690378302987319e-14
1.242690726659226162e-14
1.011690894885024306e-14
