# bin_5_4
9.028659899445089292e-09
9.261940336478945905e-09
9.533616173002371256e-09
9.849845177833426508e-09
1.021772172490477195e-08
1.064540444447231204e-08
1.114225583315795036e-08
1.171899545680695194e-08
1.238786887699861291e-08
1.316283300350291784e-08
1.405975519258674404e-08
1.509661248852646229e-08
1.629368975030824692e-08
1.767380957132089592e-08
1.926252437778752291e-08
2.108820222155908780e-08
2.318211628244980266e-08
2.557839860816294633e-08
2.831359453102221714e-08
3.142649947778613583e-08
3.495741087677817509e-08
3.894728806914882879e-08
4.343670940755605381e-08
4.846337556399477599e-08
5.406013354847426973e-08
6.025224963677359391e-08
6.705354107106281051e-08
7.445671931157236378e-08
8.242553048277945350e-08
9.090661648256288034e-08
9.979655293167871621e-08
1.089397702807262212e-07
1.181148078569248070e-07
1.270089933690920363e-07
1.352043321399754081e-07
1.421669246231121055e-07
1.472613149080038728e-07
1.497936202191498392e-07
1.490869225732127372e-07
1.445940985796373669e-07
1.360942524857940567e-07
1.239791246806109060e-07
1.094946945563644631e-07
9.467739831073756628e-08
8.175441028099309233e-08
7.173429145560966106e-08
6.407543419957916935e-08
5.584821448640193367e-08
4.526933602397472608e-08
3.494169630288924621e-08
2.850648657405808096e-08
2.389529578592055703e-08
1.839339308506220925e-08
1.459139378938850315e-08
1.155386584823948819e-08
9.044741090759599575e-09
7.109549946050509642e-09
5.608479821854878985e-09
4.437683303546083313e-09
3.533582250654125750e-09
2.835373384777006981e-09
2.294910378874463949e-09
1.874136296717039224e-09
1.543291038188116944e-09
1.279486067651225781e-09
1.065101266598992363e-09
8.870332269723300531e-10
7.359340851485856889e-10
6.056211179471168546e-10
4.924574061632832170e-10
3.945959241919141858e-10
3.111817354221973580e-10
2.416602843421022087e-10
1.852090486895297897e-10
1.405284447258268814e-10
1.059268221549317207e-10
7.954789213463058260e-11
5.962630611301608960e-11
4.466733407453741136e-11
3.348156200007898333e-11
2.516491339449611105e-11
1.902994304426708798e-11
1.444329262532664652e-11
1.096298953544692404e-11
8.318906211264184063e-12
6.310832227970379884e-12
4.786309001677498712e-12
3.629270836290764961e-12
2.751400562568362046e-12
2.085527592916720874e-12
1.580587364970552740e-12
1.197777840078451353e-12
9.076301246418379764e-13
6.877715081689406468e-13
5.212143175204316901e-13
3.950469098854375868e-13
2.994752573402133342e-13
2.270912883671073553e-13
1.722851412188833811e-13
1.308013117014040296e-13
