# bin_5_3
3.395753551309321318e-09
3.477778242797951219e-09
3.572967461187477921e-09
3.683316824075871210e-09
3.811086799944911149e-09
3.958826767242361767e-09
4.129397426106552422e-09
4.325991701735260309e-09
4.552153161865787614e-09
4.811791185850836522e-09
5.109191509958854505e-09
5.449018983143308944e-09
5.836312305326680416e-09
6.276477248308148648e-09
6.775242208777182608e-09
7.338582310738749481e-09
7.972634338095745754e-09
8.683481783487999736e-09
9.476804316294323088e-09
1.035779856073025174e-08
1.133072817212495144e-08
1.239887845651479594e-08
1.356428549861841142e-08
1.482719868182383415e-08
1.618591297974473789e-08
1.763665980709078589e-08
1.917338665344009928e-08
2.078675768984320805e-08
2.246396948592481750e-08
2.419239336020552079e-08
2.595355084565628792e-08
2.772321811462658598e-08
2.946547309915382375e-08
3.112264517053497249e-08
3.260651422196154872e-08
3.379571170957705355e-08
3.454650425406006702e-08
3.471529866981937345e-08
3.417987211732998930e-08
3.284780108163435223e-08
3.068225919433035813e-08
2.777332709018434397e-08
2.441002208067600240e-08
2.105413751077095727e-08
1.817485808909814174e-08
1.594471611439372881e-08
1.419086838751180338e-08
1.226532475275069923e-08
9.878732594628647548e-09
7.654500773427414496e-09
6.284333168600139304e-09
5.231547380538841276e-09
4.025748834369864936e-09
3.213246801938206657e-09
2.537655072904497755e-09
1.996361626416682893e-09
1.571656181814442461e-09
1.243344614904128063e-09
9.867052837084738826e-10
7.878101671716138086e-10
6.336343084273085725e-10
5.137795679061691983e-10
4.200229547035272439e-10
3.459415298266590690e-10
2.865866386025549355e-10
2.381540367209548309e-10
1.978191385501869852e-10
1.635717836863153849e-10
1.340862611164249272e-10
1.085808703911781961e-10
8.664607549248039077e-11
6.806964269719518027e-11
5.268869989475208527e-11
4.027497078946778113e-11
3.049961647791466503e-11
2.295846989860868823e-11
1.722437066003359179e-11
1.290115885089303888e-11
9.658774319211611128e-12
7.236790247448764204e-12
5.438203708105380160e-12
4.111078658272054841e-12
3.117500380160249332e-12
2.364004808081100976e-12
1.792135393902474511e-12
1.358262690846177664e-12
1.029197323571574564e-12
7.797007398018231387e-13
5.905898431448917561e-13
4.472908022748812456e-13
3.387359708305520244e-13
2.565255371153148874e-13
1.942902707985990460e-13
1.472018187392087702e-13
1.115928545558522306e-13
8.466213371087079980e-14
6.428707025431279600e-14
4.887799874090972670e-14
3.723672756993339644e-14
2.845226173375074593e-14
