# bin_1_4
2.168740987125378515e-07
2.224172813301217864e-07
2.288674268314280500e-07
2.363676652353776894e-07
2.450819096058806667e-07
2.551972652272761853e-07
2.669263540448236910e-07
2.805095383229263680e-07
2.962167229743623368e-07
3.143484210487069310e-07
3.352367134155153646e-07
3.592426018992000038e-07
3.867571925716447834e-07
4.181944950124184176e-07
4.539839637936998043e-07
4.945567480335979971e-07
5.403239515288833447e-07
5.916405461074718493e-07
6.487717961395816151e-07
7.118534413935830705e-07
7.808307462838979592e-07
8.553733156281218053e-07
9.347827162623224135e-07
1.017914588104263622e-06
1.103075263899394854e-06
1.187888270902541666e-06
1.269222680519416657e-06
1.343146710880785235e-06
1.404968462574618304e-06
1.449431403498436680e-06
1.471119778190173239e-06
1.465158077484469002e-06
1.428205070510661459e-06
1.359626405394531047e-06
1.262584522418319674e-06
1.144518080151084583e-06
1.016391403121681542e-06
8.902893246826830349e-07
7.750252926001376070e-07
6.730822435051018661e-07
5.809165074183896725e-07
4.938881973175109439e-07
4.111941512697027957e-07
3.354431159890685290e-07
2.705615303877016972e-07
2.192014062358225973e-07
1.780565380567921124e-07
1.429799226020456696e-07
1.148776437233875048e-07
9.272240424217649801e-08
7.500914261507474064e-08
6.105993916730820684e-08
5.004182589905770376e-08
4.132863882976798333e-08
3.439279661190410874e-08
2.880837418576335059e-08
2.424090835543843613e-08
2.043279890074547384e-08
1.719350195546276118e-08
1.438991081962407570e-08
1.193601474043033993e-08
9.782296292429460722e-09
7.903864783899386726e-09
6.288615438579874919e-09
4.927107675610054843e-09
3.805669387602677683e-09
2.903544010506635677e-09
2.193613067864720582e-09
1.645264906899861809e-09
1.227790998859500809e-09
9.131888142362387272e-10
6.777223842624237148e-10
5.023159265225004899e-10
3.721544587898401582e-10
2.758707842778627243e-10
2.047773136220614914e-10
1.522784467835784339e-10
1.133764094351314742e-10
8.443563626823972765e-11
6.287599385484884829e-11
4.681436534442574528e-11
3.485077151607875997e-11
2.594122897454957343e-11
1.930724734706970444e-11
1.436842236233087027e-11
1.069213867282233734e-11
7.956012790425905986e-12
5.919866105020166476e-12
4.404795543976195148e-12
3.277573122468470205e-12
2.438998948353532339e-12
1.815301619029140211e-12
1.351841509935371028e-12
1.008095858509870103e-12
7.542089103709782173e-13
5.688767819401909963e-13
4.375714395650431154e-13
3.523097361794345664e-13
3.030276499156448731e-13
2.805218966094012967e-13
