# bin_3_3
2.554239760566787700e-08
2.620331325536097860e-08
2.697305067926618260e-08
2.786906087546200890e-08
2.891143300894577535e-08
3.012325336174505646e-08
3.153097596413426113e-08
3.316480959636016546e-08
3.505914975219876226e-08
3.725298044239607341e-08
3.979025338707037855e-08
4.272022866959833961e-08
4.609775068133722235e-08
4.998348865839543594e-08
5.444368264287970201e-08
5.954968624902773913e-08
6.537695592637973723e-08
7.200315883805739276e-08
7.950593829244092831e-08
8.796054727376306074e-08
9.743490262464645915e-08
1.079824352873922804e-07
1.196361205615839411e-07
1.324007505172514576e-07
1.462407308689831632e-07
1.610604125621417004e-07
1.766864367197170575e-07
1.928722689432840548e-07
2.092758366984526626e-07
2.254335377534492733e-07
2.407699897613585999e-07
2.546064316771890228e-07
2.661848195253246221e-07
2.747101595587359636e-07
2.793992280598798619e-07
2.795265276173446809e-07
2.744583470775813587e-07
2.637007526001035602e-07
2.470369991363584742e-07
2.248634853985950494e-07
1.987160535363654534e-07
1.715972874857367413e-07
1.472717849223503302e-07
1.282518524458372427e-07
1.134261222744121574e-07
9.855861574472089205e-08
8.071572462457632464e-08
6.313449350190528635e-08
5.107396107900128937e-08
4.257843407200150484e-08
3.358811523315779928e-08
2.659487043803958722e-08
2.134302135921562314e-08
1.689885928255945046e-08
1.350319869961576867e-08
1.080887500621918976e-08
8.703887683533395275e-09
7.056555491962030072e-09
5.762762745929805383e-09
4.740538738953100800e-09
3.925108812057976744e-09
3.266052099884646101e-09
2.724945935515500996e-09
2.272611606292136444e-09
1.887782008082031129e-09
1.555805982772165860e-09
1.267493403780809297e-09
1.017830789613365228e-09
8.043803303256048512e-10
6.256134667250010038e-10
4.796275734023069329e-10
3.634949750414959154e-10
2.732464301974429786e-10
2.043725543163125498e-10
1.524356589796872623e-10
1.135248088924194129e-10
8.448349468598708848e-11
6.287318057507404237e-11
4.687410680855034087e-11
3.510248804979403878e-11
2.637280209106581332e-11
1.982145471241534971e-11
1.489396056743499629e-11
1.118879635821683947e-11
8.403575144098331741e-12
6.310468937870966333e-12
4.737896981850201435e-12
3.556690190491623460e-12
2.669645342423641310e-12
2.003641967426015296e-12
1.503693726749485741e-12
1.128465887579451734e-12
8.469017510439424809e-13
6.356709869857709554e-13
4.772637148954225115e-13
3.585752215849657499e-13
2.698488308005919635e-13
2.039334273668837233e-13
1.551731716864771096e-13
1.189616872038752676e-13
