# bin_5_2
1.848245408048307181e-09
1.889169903765069692e-09
1.936434766143952459e-09
1.990921295437948776e-09
2.053599884025442506e-09
2.125528421847792648e-09
2.207846158859233808e-09
2.301762871959591993e-09
2.408542004309551698e-09
2.529477188703091569e-09
2.665861606298275429e-09
2.818949950734621640e-09
2.989911978044107658e-09
3.179781003281195392e-09
3.389371674907351602e-09
3.619186139409111760e-09
3.869309420930746574e-09
4.139195608305845621e-09
4.427383185647108862e-09
4.731478286966522638e-09
5.047846796806353996e-09
5.371803143567640247e-09
5.697591733727319703e-09
6.018357436526505301e-09
6.326429816353479388e-09
6.613867260312522306e-09
6.873101614574551681e-09
7.097923649452531086e-09
7.284264700617115696e-09
7.432432102125613045e-09
7.546892384817033808e-09
7.636169462479713543e-09
7.709399377059670709e-09
7.769805336729446555e-09
7.807812265991510593e-09
7.799760355789386718e-09
7.715926127821267660e-09
7.535021248625573534e-09
7.250596661111719344e-09
6.857254258563499564e-09
6.340810778185119317e-09
5.700770605245151992e-09
4.983856969240384884e-09
4.277164590920425083e-09
3.669155296217077161e-09
3.193441723133419611e-09
2.821793594150488842e-09
2.440180466778416446e-09
1.979816026754277476e-09
1.539367346810680051e-09
1.257230121971125623e-09
1.051516948575682422e-09
8.166729056506803797e-10
6.514072406127458639e-10
5.188785486294140690e-10
4.092978078265282307e-10
3.239535622372196101e-10
2.570560503038665265e-10
2.043487873016040633e-10
1.631581438736060237e-10
1.309634808242491088e-10
1.057579181514002685e-10
8.594328322419050718e-11
7.025792156168999639e-11
5.771906401208095156e-11
4.755840774673218605e-11
3.919134051897842240e-11
3.218704708016784620e-11
2.624583853074761999e-11
2.117521574109586992e-11
1.686021526459585425e-11
1.323177301923019309e-11
1.023930270713857328e-11
7.828021540093502914e-12
5.929682198887013028e-12
4.464730689337121383e-12
3.350337870556599032e-12
2.509842759276148902e-12
1.879244846151653626e-12
1.407955723132973130e-12
1.057567113355168696e-12
7.988996738165861331e-13
6.055593800497404767e-13
4.590579953104363588e-13
3.479173556772141142e-13
2.636290961161780014e-13
1.997265195984772144e-13
1.512950859604431924e-13
1.146016610533264257e-13
8.681171026528804650e-14
6.577347667665172626e-14
4.985568282240260475e-14
3.782500064912924014e-14
2.874845977114645016e-14
2.191303142169498279e-14
1.676020658572718072e-14
1.286774130075418187e-14
9.930807090445729952e-15
7.722186597396279365e-15
6.066207101252280545e-15
