# bin_2_4
1.007323494075367078e-07
1.033912222081481167e-07
1.064896025011585525e-07
1.100984579130955757e-07
1.142996122305938340e-07
1.191871854265846154e-07
1.248691451183636706e-07
1.314689339372034883e-07
1.391271230351290456e-07
1.480030141194153961e-07
1.582760853424422895e-07
1.701471334625054805e-07
1.838388615564961015e-07
1.995955801648399117e-07
2.176816853118168083e-07
2.383784093178058554e-07
2.619780048627542292e-07
2.887748871191431287e-07
3.190527376220162796e-07
3.530663536697960972e-07
3.910184620097141936e-07
4.330276060363893344e-07
4.790856395138050971e-07
5.290111340607915358e-07
5.823907949987649079e-07
6.385255676802501488e-07
6.963626289947305857e-07
7.544044646728200008e-07
8.106654283317205262e-07
8.626325412728432836e-07
9.072788523257121467e-07
9.411700897282393375e-07
9.606938331872405929e-07
9.624632658757985458e-07
9.439053058920914492e-07
9.039846792509509325e-07
8.439602495523951816e-07
7.678647661999675105e-07
6.824402630405257250e-07
5.961102116156670425e-07
5.167110788681656968e-07
4.485548091802645501e-07
3.898995169645075317e-07
3.348875332432763865e-07
2.787704492772281016e-07
2.246573017824700094e-07
1.800251503453733570e-07
1.466931187878161393e-07
1.190476478030187446e-07
9.453630843831138556e-08
7.572401974881258139e-08
6.076078231300526349e-08
4.876843349524320315e-08
3.940143446582516975e-08
3.202819438416977123e-08
2.622939176452869404e-08
2.165026974886334574e-08
1.800105204058119652e-08
1.505359998491247565e-08
1.263142179798073090e-08
1.060178255512497342e-08
8.868848745470991397e-09
7.367132303816481359e-09
6.055741232553764131e-09
4.911871305083773377e-09
3.924080799117427450e-09
3.085837190915762826e-09
2.390272202311156421e-09
1.827079464649940326e-09
1.381813149739653153e-09
1.037003840099558404e-09
7.742594098144430506e-10
5.762735333448821592e-10
4.281221317842210259e-10
3.177433695447546356e-10
2.357915833602645670e-10
1.751540390501781162e-10
1.304068861160391364e-10
9.736899018749454214e-11
7.280422951409382516e-11
5.443723055876913613e-11
4.069594588301834527e-11
3.041771439930590071e-11
2.273156889979883963e-11
1.698506450872714815e-11
1.268959015390735033e-11
9.479345590699106348e-12
7.080556770485600848e-12
5.288383920401809173e-12
3.949605612719234832e-12
2.949641112109294664e-12
2.202830439223290720e-12
1.645166557609603590e-12
1.228824206002182679e-12
9.181569225138951783e-13
6.868192920030616860e-13
5.153624514427090494e-13
3.896388812959636601e-13
2.989750825923314136e-13
2.370165360575612506e-13
