# bin_1_2
1.434704206571422839e-07
1.470909897045385168e-07
1.513019171514700089e-07
1.561956634200350355e-07
1.618778359619718497e-07
1.684688353869070032e-07
1.761051457078773165e-07
1.849404247217385266e-07
1.951465914603514408e-07
2.069139164369595570e-07
2.204507939343780683e-07
2.359830815005862600e-07
2.537524449503276927e-07
2.740129789232766654e-07
2.970251290225300896e-07
3.230462065450425397e-07
3.523126532091104100e-07
3.850166934574916639e-07
4.212814091332450061e-07
4.611388671372031162e-07
5.044912489186671726e-07
5.510483667586823316e-07
6.002713497688803251e-07
6.513289349009705700e-07
7.030274775752486842e-07
7.537316520504138366e-07
8.013374582126820235e-07
8.432574967020812753e-07
8.764778950456848922e-07
8.977318919156621604e-07
9.038159261632655951e-07
8.920934039332776293e-07
8.611542041429201953e-07
8.115191157981743623e-07
7.461571221342034187e-07
6.705127123867426749e-07
5.916908474791798013e-07
5.165978443885021114e-07
4.493519682468773103e-07
3.897254080470987923e-07
3.346254507655925672e-07
2.818896351930843808e-07
2.326232191268368095e-07
1.891903219123155120e-07
1.528330902207791228e-07
1.238602424676309319e-07
1.003725655527981514e-07
8.060022493429356584e-08
6.491370936417282721e-08
5.249549531391594594e-08
4.260210586835445759e-08
3.480823852027911490e-08
2.864451701289628603e-08
2.375518594117859739e-08
1.984287896018653207e-08
1.667014830062054660e-08
1.405176614987786820e-08
1.184734838999454278e-08
9.955269477304447360e-09
8.306780623340101136e-09
6.859512578162891767e-09
5.590595098851471505e-09
4.489163363765004697e-09
3.549285723216808843e-09
2.764429508229958213e-09
2.124276621352922824e-09
1.614037654423423823e-09
1.215642447706970253e-09
9.097916857141059306e-10
6.779416285111840443e-10
5.037194834686550851e-10
3.735664154342747724e-10
2.767513306457929124e-10
2.050048010967785440e-10
1.519853902312376662e-10
1.128420293933518040e-10
8.391053740987153883e-11
6.245032257240678018e-11
4.648311839798383231e-11
3.459378219808010663e-11
2.574169432608121030e-11
1.915219453718732936e-11
1.424784527240021518e-11
1.059830347311799747e-11
7.882931954582723301e-12
5.862895587257459443e-12
4.360331364925695271e-12
3.242816682905730044e-12
2.411773949707347891e-12
1.793839452667198087e-12
1.334419502425821648e-12
9.929658568920254310e-13
7.395527537208525548e-13
5.520284239353152763e-13
4.141355567597506582e-13
3.144537447269295641e-13
2.453106201307728486e-13
2.026281722619681524e-13
1.798988812439460479e-13
1.707030281795176857e-13
