# bin_2_2
4.604952347916990876e-08
4.725739532100800481e-08
4.866431567839053640e-08
5.030219890228767875e-08
5.220775622146356184e-08
5.442309943652636912e-08
5.699637508183446037e-08
5.998240880391248355e-08
6.344333526141716327e-08
6.744916882761680601e-08
7.207825166177613721e-08
7.741748499798698326e-08
8.356223134857270073e-08
9.061576493739027935e-08
9.868807166284507318e-08
1.078936477967157522e-07
1.183479994432905290e-07
1.301627365415529707e-07
1.434386862562130577e-07
1.582564398531702721e-07
1.746648596407824900e-07
1.926658360889281629e-07
2.121940770532652323e-07
2.330960785873055968e-07
2.551072327508042113e-07
2.778261836361157260e-07
3.006880595338070202e-07
3.229358456516894356e-07
3.436072577004812590e-07
3.615405034114295964e-07
3.754120603244833463e-07
3.838275510788231656e-07
3.854803547068750359e-07
3.793766743418920957e-07
3.651081814169360178e-07
3.431067532015009131e-07
3.147734893482938162e-07
2.823878006027637757e-07
2.486891780647516667e-07
2.163627112058603998e-07
1.873315924856951789e-07
1.620971531041214437e-07
1.394747140922181625e-07
1.176890633936978759e-07
9.646635504559827406e-08
7.763231325907852694e-08
6.267998600294051949e-08
5.093279256475005580e-08
4.104375454246877907e-08
3.274963379205611921e-08
2.633235898239484281e-08
2.119260101286740831e-08
1.712585492762893330e-08
1.392886640716834284e-08
1.140923653515311212e-08
9.415590879257169003e-09
7.825967808017558656e-09
6.542327424096191542e-09
5.488666194762644594e-09
4.607553073499885651e-09
3.857238699049359588e-09
3.208950528830204746e-09
2.644183715519901594e-09
2.152078480334086388e-09
1.726697019467465055e-09
1.364506165286963692e-09
1.062299098099465756e-09
8.158578920684580996e-10
6.194834554274123912e-10
4.662646120410732921e-10
3.487769260264790393e-10
2.598457900918136868e-10
1.931157385755249826e-10
1.433227090408304710e-10
1.063071575241003431e-10
7.887779732683501363e-11
5.860910177602897488e-11
4.364594936103818432e-11
3.256743103621076883e-11
2.431686511724904501e-11
1.815441225988014177e-11
1.355115253537671736e-11
1.011338500642771876e-11
7.546585231245040481e-12
5.630480723651528863e-12
4.200384083748313302e-12
3.133204601751252679e-12
2.336968577428478153e-12
1.742971698723968251e-12
1.299904292626108934e-12
9.694569315351073433e-13
7.230368164961272042e-13
5.393231991972978524e-13
4.024128836614991137e-13
3.005112537939257398e-13
2.250392254810799445e-13
1.697321541367671281e-13
1.301042977184471036e-13
1.025778350950632375e-13
8.510404571091909599e-14
