# bin_4_4
1.839550793213538617e-08
1.885434044904579897e-08
1.938803697789134805e-08
2.000838363748097573e-08
2.072890475904625077e-08
2.156505358887246076e-08
2.253445739064266693e-08
2.365719265652187647e-08
2.495601595092414890e-08
2.645663284574000614e-08
2.818796255149963328e-08
3.018233686188657635e-08
3.247557278187503207e-08
3.510675468122125063e-08
3.811796789654832647e-08
4.155529157367257241e-08
4.546889301713575844e-08
4.991137177227210395e-08
5.493643634102957600e-08
6.059777023059407626e-08
6.694698304687933136e-08
7.403498314171485108e-08
8.190705247379080084e-08
9.059893361585414878e-08
1.001386586480163469e-07
1.105407959601438290e-07
1.217939586690567849e-07
1.338488538363889649e-07
1.466254759821622113e-07
1.599754563911172926e-07
1.736596338406691359e-07
1.873369273723884583e-07
2.005364295892459451e-07
2.126514608561712852e-07
2.229393248662048691e-07
2.305374991863212338e-07
2.344915486543270832e-07
2.338154509421137959e-07
2.276386187903526871e-07
2.154814891849951946e-07
1.976594007095286412e-07
1.757038602134141511e-07
1.524625605692826635e-07
1.313980941431618757e-07
1.146167504076340827e-07
1.018406519301395549e-07
8.954338512512942790e-08
7.408883335060124272e-08
5.777507854334059777e-08
4.627059418584501824e-08
3.882289270482894823e-08
3.066208599932879371e-08
2.400388178011809834e-08
1.924674471028470373e-08
1.507791729542379485e-08
1.194832029786672937e-08
9.457574109488007411e-09
7.524174613297101538e-09
6.023580802649051954e-09
4.858496891089658385e-09
3.951566542516155755e-09
3.241193178800544015e-09
2.678934471720449472e-09
2.227400795328159823e-09
1.857796151947695340e-09
1.548680845667672286e-09
1.284863920210527325e-09
1.056410600930291219e-09
8.576034570525781739e-10
6.856672667737324739e-10
5.393489109447898837e-10
4.177120249240628265e-10
3.192507309005177258e-10
2.415731168420587368e-10
1.816013458097849713e-10
1.360054006796883749e-10
1.016553785306151360e-10
7.591379946154876653e-11
5.669921405420173400e-11
4.242430779144085781e-11
3.189944550462576279e-11
2.409266528850484701e-11
1.820999416252775298e-11
1.376035530376724976e-11
1.039534178648363800e-11
7.851397217110561608e-12
5.928771604839278108e-12
4.476138594778171108e-12
3.378907743884382416e-12
2.550342562140364327e-12
1.924817675317414144e-12
1.452694259876123502e-12
1.096430692431799241e-12
8.276450475505409788e-13
6.248924239424388456e-13
4.719729018605680170e-13
3.566677595190366136e-13
2.697955014798425230e-13
2.044086110955850650e-13
1.551967199486725897e-13
