# bin_2_1
2.468645857752949715e-08
2.533146287466828590e-08
2.608257090854324368e-08
2.695672604157233714e-08
2.797339292785062157e-08
2.915486534643708621e-08
3.052658552402573671e-08
3.211746206825279393e-08
3.396017283041153661e-08
3.609142574402334010e-08
3.855214165727883506e-08
4.138750643750796349e-08
4.464683050702233651e-08
4.838314882057933215e-08
5.265245176401659350e-08
5.751234897600700545e-08
6.302000748045915364e-08
6.922934665228374265e-08
7.618718418102663573e-08
8.392799935812593231e-08
9.246771855205115647e-08
1.017956733769252928e-07
1.118641648746361109e-07
1.225777194460052387e-07
1.337812005550134777e-07
1.452471416303902011e-07
1.566639585560641190e-07
1.676232662820509371e-07
1.776159997298824310e-07
1.860412515798367237e-07
1.922339325452291698e-07
1.955216855718820939e-07
1.953152798014894996e-07
1.912245614027096014e-07
1.831831569558827856e-07
1.715411973638380400e-07
1.570729626516490625e-07
1.408754598625412138e-07
1.241471260892024826e-07
1.080189811104991735e-07
9.334378289114289796e-08
8.045734628014312569e-08
6.898781230140460575e-08
5.819644112399018374e-08
4.783990141203655845e-08
3.856623044237769697e-08
3.107509156362125319e-08
2.522878928459716689e-08
2.038240545095172871e-08
1.627363215169711493e-08
1.309016374965160659e-08
1.055254549746514734e-08
8.535460730429554020e-09
6.950824734296828952e-09
5.699031703916719680e-09
4.706294457826716431e-09
3.912522374068647964e-09
3.269530722613925355e-09
2.740209777663376322e-09
2.296694554830748487e-09
1.918851766922428284e-09
1.592851730367949984e-09
1.309722571455070848e-09
1.064026967910192952e-09
8.525529666194029096e-10
6.731652008245589494e-10
5.238943451710632842e-10
4.023610980216358857e-10
3.055745549386086554e-10
2.300499756026508249e-10
1.721143962282714941e-10
1.282433699172382095e-10
9.531790533782492996e-11
7.074926413204681196e-11
5.248538042067052628e-11
3.894859134935132371e-11
2.894014748618280756e-11
2.154759809309997165e-11
1.607555780591110592e-11
1.200245623386576459e-11
8.960651575547546201e-12
6.688531501186513478e-12
4.991712811425899462e-12
3.724801329118439777e-12
2.779064526630801786e-12
2.073211287812497510e-12
1.546485190936050160e-12
1.153490200017172762e-12
8.603163188076419366e-13
6.416391447628908297e-13
4.785509222388647987e-13
3.569409243347855020e-13
2.662927399236573543e-13
1.987621618069012698e-13
1.485453308338772498e-13
1.114577014088692858e-13
8.443260070633460519e-14
6.524284829042724532e-14
5.202606219097708703e-14
4.363337474040604958e-14
