# bin_3_4
3.706003730059425578e-08
3.802911263653213604e-08
3.915831067060363265e-08
4.047350442363133563e-08
4.200455061115430915e-08
4.378583526391566976e-08
4.585687291642604586e-08
4.826295851378102931e-08
5.105586014288320102e-08
5.429452983750817711e-08
5.804581501975628218e-08
6.238502341995835606e-08
6.739674397051752509e-08
7.317514463124219638e-08
7.982407567029017373e-08
8.745682675136285658e-08
9.619509108102635912e-08
1.061667594974179406e-07
1.175033290342214735e-07
1.303364770236551881e-07
1.447915347141968671e-07
1.609778623346826257e-07
1.789802781249725194e-07
1.988470797432970893e-07
2.205725665571220640e-07
2.440669397384242136e-07
2.691236604332515879e-07
2.954267522210905970e-07
3.225175059955550999e-07
3.497384157530722455e-07
3.762380624353764672e-07
4.009662145140144802e-07
4.226841387648808091e-07
4.400010796054064948e-07
4.514289744034089672e-07
4.554551297067878914e-07
4.506453172199739615e-07
4.358288455646130495e-07
4.104378981113640931e-07
3.751397771998634007e-07
3.326560277946973256e-07
2.880354544638430279e-07
2.475969040265386136e-07
2.159008763271827240e-07
1.913060516210626678e-07
1.671177770044444213e-07
1.376039042824144844e-07
1.076854528416052921e-07
8.671006987231177111e-08
7.242468330734814480e-08
5.730463691282703121e-08
4.517808112439233237e-08
3.628028854017123791e-08
2.864866934503317776e-08
2.285377722004347214e-08
1.824387677123624165e-08
1.465308338239899023e-08
1.185003043184370734e-08
9.656517968514789682e-09
7.931451340580701593e-09
6.562616630834378231e-09
5.462153350121152632e-09
4.562767853582422959e-09
3.813206709792865220e-09
3.176074798586783899e-09
2.625708962344710389e-09
2.146165823541248540e-09
1.729009614148076399e-09
1.370508135372612317e-09
1.068688285477127982e-09
8.210259219747816596e-10
6.232049837859399379e-10
4.689863390114729310e-10
3.510269845303544937e-10
2.619438897950064322e-10
1.951426121134207759e-10
1.452564249528738100e-10
1.081191006000330888e-10
8.060980565038283208e-11
6.036845487399853762e-11
4.537174184073627805e-11
3.411805455902228251e-11
2.564961131682056442e-11
1.927848935146295515e-11
1.448670091944464792e-11
1.088377491537081896e-11
8.175468938174211867e-12
6.140144555094319765e-12
4.610918435117983796e-12
3.462183212388606007e-12
2.599431033275584325e-12
1.951578580709635217e-12
1.465184155377844672e-12
1.100078467643535483e-12
8.260886156672935221e-13
6.205911210330084172e-13
4.666799801002568905e-13
3.518466063929190485e-13
2.664023621128014773e-13
2.026800682950285144e-13
