# bin_3_1
7.490874567081120423e-09
7.673073741860893301e-09
7.884732668521031287e-09
8.130397383305134429e-09
8.415245627662804119e-09
8.745150912408562855e-09
9.126745619550764076e-09
9.567481052207941153e-09
1.007567937528303174e-08
1.066057494838510817e-08
1.133234874481974302e-08
1.210201742469963330e-08
1.298157974323846611e-08
1.398375624020084349e-08
1.512184952148222927e-08
1.640952269387406359e-08
1.786001658801508378e-08
1.948509539223105955e-08
2.129473354506969587e-08
2.329659145243455440e-08
2.549444079118514789e-08
2.788537569978999228e-08
3.045857977252037517e-08
3.319472324377362202e-08
3.606263740344843353e-08
3.901545983064618800e-08
4.198982887083823142e-08
4.490512800574319294e-08
4.766328987658812131e-08
5.014749451801537116e-08
5.223006811521386519e-08
5.378303945529991766e-08
5.469356266882217090e-08
5.488084212353319364e-08
5.430871735255812737e-08
5.298383517504945365e-08
5.093338809262295498e-08
4.817034825354959733e-08
4.466403794739850057e-08
4.039539101841877873e-08
3.551210276670789970e-08
3.047261833563424601e-08
2.595712194427331985e-08
2.242404758478096011e-08
1.964283435843548721e-08
1.696233946009045845e-08
1.390736427824995122e-08
1.093055712082067518e-08
8.820709582437306312e-09
7.335743575936650568e-09
5.824292960387306961e-09
4.623454795789011761e-09
3.726996371983211234e-09
2.967996233958869501e-09
2.385853525419339908e-09
1.921203396232331888e-09
1.555653900595398300e-09
1.266615027787030993e-09
1.036801577162005548e-09
8.527669046912788337e-10
7.040566806084237485e-10
5.826544060069501488e-10
4.824880141820467977e-10
3.989017125542335444e-10
3.283845072322224316e-10
2.683626325910236095e-10
2.170490613070008565e-10
1.732923011910077976e-10
1.363699009464234383e-10
1.057554452008364728e-10
8.092747473999995166e-11
6.126264535629191765e-11
4.602042470364574947e-11
3.440704705194090217e-11
2.565898774409555310e-11
1.910902451577599013e-11
1.422125849710744943e-11
1.058369330763180420e-11
7.888864559648979625e-12
5.904009607235126446e-12
4.432483522817695723e-12
3.329197076874546282e-12
2.500012647914265178e-12
1.876954239991340795e-12
1.408908530548829996e-12
1.057400590221779295e-12
7.934794602662239593e-13
5.953673656778920110e-13
4.466883485977861798e-13
3.351332703117097521e-13
2.514519880991567355e-13
1.886962494471807420e-13
1.416527109250310319e-13
1.064078967955641637e-13
8.003096898300981347e-14
6.034428352272120116e-14
4.574447891571035501e-14
3.508394115019210270e-14
2.734871586608940267e-14
2.166095789873722345e-14
