# bin_4_1
5.277286168813805405e-09
5.388331471138421666e-09
5.516545360748001592e-09
5.664302883746070604e-09
5.834247456958727011e-09
6.029257120253638716e-09
6.252421558932007802e-09
6.507111704003920611e-09
6.796940861023949103e-09
7.125698377508393579e-09
7.497246100645551534e-09
7.915338259761050052e-09
8.383323512957225366e-09
8.904027625194457733e-09
9.479062818809089760e-09
1.010914180061423812e-08
1.079463923392226086e-08
1.153449952924817472e-08
1.232463177561666399e-08
1.315795991006846216e-08
1.402432897286859439e-08
1.491272036498918631e-08
1.581039907114724255e-08
1.670190798469501467e-08
1.757532898011877274e-08
1.842227901444497303e-08
1.923840850097449102e-08
2.002450153222228199e-08
2.078383734514935958e-08
2.151985373449431645e-08
2.222771870910118067e-08
2.289106005463514933e-08
2.347864467134763047e-08
2.394535308109292965e-08
2.423828818145877397e-08
2.430386610420594122e-08
2.408700096242841719e-08
2.352529526958691184e-08
2.255213327330612743e-08
2.111662054944761250e-08
1.922245000187998915e-08
1.698922895640087262e-08
1.467238690919334311e-08
1.257827998105188963e-08
1.092519103490150610e-08
9.649252781471273819e-09
8.445337806694156636e-09
6.992584880753931789e-09
5.476293168822085062e-09
4.388706989974141370e-09
3.677262197248497900e-09
2.918843338746865847e-09
2.292754459013085417e-09
1.843700572890663516e-09
1.450866624003254532e-09
1.153772965631452838e-09
9.163058986386420181e-10
7.307973365871883874e-10
5.858252643712697696e-10
4.724291127412620297e-10
3.835293967854467718e-10
3.134765604972004989e-10
2.578107234688842251e-10
2.130704114230965038e-10
1.765596964612130469e-10
1.462356387975900416e-10
1.206106355863184353e-10
9.866775504568518196e-11
7.977802300878904997e-11
6.359257345374853160e-11
4.991853395470276332e-11
3.860843675622075400e-11
2.948360595418934699e-11
2.229950065252706991e-11
1.675901295365728475e-11
1.254930514666264530e-11
9.378836886958757581e-12
7.003410883526828618e-12
5.230026278576457501e-12
3.912505628015869570e-12
2.940800156435689566e-12
2.219514610207884479e-12
1.676319269458626256e-12
1.265786773291539989e-12
9.555732653756358460e-13
7.212401623482934978e-13
5.442852748504903303e-13
4.107054984091302398e-13
3.099073968444041633e-13
2.338793212221051625e-13
1.765652591538954035e-13
1.333847929087960393e-13
1.008684922718941232e-13
7.639083373663350275e-14
5.796993058157598114e-14
4.410960054133983313e-14
3.368838712783918816e-14
2.587731022937989457e-14
2.003768154831956056e-14
1.566499656418642425e-14
