# bin_4_4
-6.055850232575197833e-10
-6.201064045349716262e-10
-6.369776782245928981e-10
-6.565627642011499798e-10
-6.792771389283842425e-10
-7.055940927222997461e-10
-7.360518279402063730e-10
-7.712609017525029577e-10
-8.119125998891327167e-10
-8.587889905759614532e-10
-9.127715069458955794e-10
-9.748396266673953175e-10
-1.046071961044809900e-09
-1.127638030863782485e-09
-1.220805139511204611e-09
-1.326970421690065472e-09
-1.447686900435247173e-09
-1.584635927130905108e-09
-1.739544689625973100e-09
-1.914169423394344039e-09
-2.110288108197787082e-09
-2.329794360458880161e-09
-2.574549538388753067e-09
-2.846205605832568042e-09
-3.146402819047413390e-09
-3.476519276487161224e-09
-3.837316755778381775e-09
-4.228336824134293576e-09
-4.647591397888289897e-09
-5.091575550194024867e-09
-5.553593597332465732e-09
-6.023391785104106275e-09
-6.486544423301052481e-09
-6.923739978125568027e-09
-7.310460680796920415e-09
-7.617095974479938365e-09
-7.809606702180761248e-09
-7.851715400336922280e-09
-7.709892088421699420e-09
-7.362440983451896129e-09
-6.812926286916509092e-09
-6.104657831135385980e-09
-5.325617973038065970e-09
-4.589512880419401057e-09
-3.991070537346061603e-09
-3.542443725350151726e-09
-3.137945373525156902e-09
-2.639824210170851702e-09
-2.074264315737602867e-09
-1.639192366699481747e-09
-1.372297409065075130e-09
-1.101679132712148746e-09
-8.543165688816164760e-10
-6.861474712048950135e-10
-5.366665942608912707e-10
-4.244190648997640528e-10
-3.347377182745045004e-10
-2.653663228012745243e-10
-2.115558874269888242e-10
-1.698736357120779281e-10
-1.375492154530581679e-10
-1.123632004787134468e-10
-9.256292833624545370e-11
-7.678938373299647073e-11
-6.399312663326605589e-11
-5.338457381010182485e-11
-4.439578697504474375e-11
-3.664393576571462969e-11
-2.989941820328681672e-11
-2.404503163322856727e-11
-1.902905886236463667e-11
-1.482194068668521876e-11
-1.138376048122990657e-11
-8.646950366396699871e-12
-6.518149747910707679e-12
-4.890978291890685241e-12
-3.660879490063738220e-12
-2.736990370584982295e-12
-2.045981674511168458e-12
-1.531528630824778734e-12
-1.151601703646747538e-12
-8.702322112410506801e-13
-6.584782431619217730e-13
-4.981614302988517395e-13
-3.767751536612952246e-13
-2.848960839097144286e-13
-2.153743822367477108e-13
-1.627861520264805254e-13
-1.230185773956905726e-13
-9.295436908466985459e-14
-7.023182474213331077e-14
-5.306228249280707714e-14
-4.009147404069279254e-14
-3.029443372491306952e-14
-2.289577869380057733e-14
-1.730901649179856147e-14
-1.309102875814214133e-14
-9.907494704050644881e-15
-7.505306446687071660e-15
-5.692608826088697702e-15
