# bin_1_4
-3.548436661143904152e-09
-3.634224999869135715e-09
-3.733882505485732270e-09
-3.849542007978082709e-09
-3.983627477826956172e-09
-4.138896579811399008e-09
-4.318461535358586423e-09
-4.525801028681384833e-09
-4.764779200686972583e-09
-5.039617982118929961e-09
-5.354873813916535541e-09
-5.715424690164842314e-09
-6.126448427325607527e-09
-6.593362080797503677e-09
-7.121689766586530068e-09
-7.716855517216544336e-09
-8.383639074995992648e-09
-9.125481349436861460e-09
-9.943978101972015990e-09
-1.083889614602480602e-08
-1.180726430947846510e-08
-1.284127959905137481e-08
-1.392718058577848646e-08
-1.504488070897561448e-08
-1.616614855007964840e-08
-1.725241318897435800e-08
-1.825501835807329476e-08
-1.911498936798002315e-08
-1.976504957763461572e-08
-2.013480565227513684e-08
-2.015880814318404129e-08
-1.978861061388301989e-08
-1.900664707328500542e-08
-1.783867226796227402e-08
-1.635949190743491515e-08
-1.468755423671235916e-08
-1.296520110039450580e-08
-1.132337384870790494e-08
-9.836443725626422998e-09
-8.501308671087473621e-09
-7.271999537539120856e-09
-6.120680048821153081e-09
-5.062567203759900423e-09
-4.122796406467718138e-09
-3.325418742276855221e-09
-2.694874200716243611e-09
-2.187912545917460149e-09
-1.757695857141604398e-09
-1.417035667636555612e-09
-1.147348155744323300e-09
-9.321404005457507851e-10
-7.624975608007480470e-10
-6.280836384962270556e-10
-5.211951150605280865e-10
-4.354366776950813279e-10
-3.656698964116711249e-10
-3.079261138059422998e-10
-2.592151713901047312e-10
-2.173843287761684300e-10
-1.809873167613424787e-10
-1.491273043009076023e-10
-1.213046832499501538e-10
-9.725672405089619478e-11
-7.681408637364960365e-11
-5.979334187246013428e-11
-4.593750092822557406e-11
-3.490486548757284350e-11
-2.629353848512475067e-11
-1.968214467552757791e-11
-1.466917256127729422e-11
-1.090134778814757955e-11
-8.086250589199594976e-12
-5.992080639413589869e-12
-4.439774724829671551e-12
-3.291953014080574579e-12
-2.444023850836673521e-12
-1.817271534007893536e-12
-1.352451000261987779e-12
-1.006638789264275825e-12
-7.491614954120987410e-13
-5.574699297824462952e-13
-4.147806927544895689e-13
-3.085844759024831714e-13
-2.295592423121226555e-13
-1.707611476549964331e-13
-1.270191613914008141e-13
-9.448245779236363491e-14
-7.028396687863910474e-14
-5.228911016174078858e-14
-3.890927626174612402e-14
-2.896218593188641226e-14
-2.157038739920320268e-14
-1.608858988235154605e-14
-1.204018197392311925e-14
-9.076426891373547666e-15
-6.951610174485039624e-15
-5.495051714747707007e-15
-4.601148363630004721e-15
-4.110018119027684777e-15
-3.898477271711107040e-15
