# bin_2_4
-1.083609757459360978e-09
-1.111970707952802116e-09
-1.145001347696856507e-09
-1.183448995541699751e-09
-1.228172817411753992e-09
-1.280157750854387574e-09
-1.340529078845718216e-09
-1.410567097784274850e-09
-1.491721377429339005e-09
-1.585623458173371234e-09
-1.694096652090548182e-09
-1.819160681993477237e-09
-1.963028326115585277e-09
-2.128091152155896748e-09
-2.316890374289012584e-09
-2.532064451603683812e-09
-2.776265114944808258e-09
-3.052041869438575143e-09
-3.361684916635563124e-09
-3.707009023517151885e-09
-4.089093386521032608e-09
-4.507939183442702252e-09
-4.962004318574353635e-09
-5.447743459263669621e-09
-5.959113324882675945e-09
-6.486956824643408563e-09
-7.018465490319159399e-09
-7.536556468927326729e-09
-8.019522086659078756e-09
-8.441264940645960591e-09
-8.772255161382916953e-09
-8.981620472471183132e-09
-9.040554105204870053e-09
-8.926886257845952471e-09
-8.630233827549202591e-09
-8.156709598121755650e-09
-7.531543345075889830e-09
-6.798237345053217026e-09
-6.013756186429685309e-09
-5.240895730956329738e-09
-4.535397645560146886e-09
-3.923154239258436210e-09
-3.384572696798033128e-09
-2.873877558651204146e-09
-2.373677321347652653e-09
-1.918529226159935265e-09
-1.545436933556051277e-09
-1.253353242847189146e-09
-1.015222617669366122e-09
-8.103538827850226324e-10
-6.496418451635282213e-10
-5.232359463939204876e-10
-4.216424218239600616e-10
-3.422299739636829082e-10
-2.795021726845381282e-10
-2.299167611220078516e-10
-1.904786839305340837e-10
-1.587490223356320607e-10
-1.328437510906029317e-10
-1.113269066780318984e-10
-9.313840220549674714e-11
-7.753149593064328407e-11
-6.400648120349736325e-11
-5.225308112896569245e-11
-4.209064141641775364e-11
-3.341138547511403792e-11
-2.613149797608459930e-11
-2.015585288285892913e-11
-1.536086440818702714e-11
-1.159507268738615939e-11
-8.691741842773417496e-12
-6.485192688443578104e-12
-4.824934514758127039e-12
-3.583741713578897584e-12
-2.659660502452943405e-12
-1.973982282566094781e-12
-1.466786506959733139e-12
-1.092158234586791714e-12
-8.150317649925276477e-13
-6.088897636143846559e-13
-4.548928547385994816e-13
-3.397900778735004945e-13
-2.537729048181125444e-13
-1.895027477395722112e-13
-1.414901907847689911e-13
-1.056291871387825587e-13
-7.884903373340747066e-14
-5.885354222053399516e-14
-4.392612031205260491e-14
-3.278377076677925259e-14
-2.446782008433632427e-14
-1.826222433242440738e-14
-1.363278761029398562e-14
-1.018081019545487201e-14
-7.610635694732726171e-15
-5.706969584058256863e-15
-4.310566305951494072e-15
-3.303483075809770086e-15
-2.590715185640165061e-15
-2.120758200207466573e-15
