# bin_4_1
-1.178073118862543204e-09
-1.203439469430526938e-09
-1.232752451099999526e-09
-1.266567978671303089e-09
-1.305501821605751885e-09
-1.350230864121235191e-09
-1.401493626140777401e-09
-1.460088018807612261e-09
-1.526867488917016790e-09
-1.602736850171787854e-09
-1.688636452541300444e-09
-1.785487852629870357e-09
-1.894141844349432876e-09
-2.015292275861156103e-09
-2.149425056515265104e-09
-2.296836635279808011e-09
-2.457645434714643492e-09
-2.631636920638074462e-09
-2.817915241085655960e-09
-3.014811546313600460e-09
-3.219875122913502198e-09
-3.430215601910264037e-09
-3.642276906034843194e-09
-3.851591219560730275e-09
-4.053848952490114833e-09
-4.244856649307023578e-09
-4.420534258249432488e-09
-4.577344583499095966e-09
-4.711881880199401158e-09
-4.820622918351484488e-09
-4.899068812316774069e-09
-4.941729543036422526e-09
-4.942133029502775352e-09
-4.893814794363982933e-09
-4.792452477957570934e-09
-4.638080752791756907e-09
-4.435051394926619581e-09
-4.188970236936448191e-09
-3.902295796469162146e-09
-3.571629624927210055e-09
-3.192974653945117392e-09
-2.779076109676396732e-09
-2.370516582133835914e-09
-2.015537115149056624e-09
-1.736721123096170121e-09
-1.513862538705161997e-09
-1.296140255375797077e-09
-1.052998564890972323e-09
-8.270423801235960074e-10
-6.732969027122111662e-10
-5.588212030455791433e-10
-4.405830325973994909e-10
-3.524678076646073681e-10
-2.831632717563473942e-10
-2.259372688282551948e-10
-1.812823029225469543e-10
-1.458305425797264222e-10
-1.177403619145024189e-10
-9.545739828536390480e-11
-7.769895453254312182e-11
-6.346632844544085850e-11
-5.198276080755252269e-11
-4.264916721746726938e-11
-3.500677214445614820e-11
-2.869780688933746005e-11
-2.344578822245421736e-11
-1.904028827657691529e-11
-1.532748267217848568e-11
-1.220041295706272475e-11
-9.586328419483232306e-12
-7.431896781112463278e-12
-5.690069229945525236e-12
-4.311762714737679610e-12
-3.243185993085955668e-12
-2.428349363526844446e-12
-1.813881904350361983e-12
-1.353289585788561037e-12
-1.009207704669989091e-12
-7.528670586235214797e-13
-5.628214384199999716e-13
-4.226042713872315038e-13
-3.181807945145878870e-13
-2.396098513267157015e-13
-1.804049797712411476e-13
-1.358044130184658265e-13
-1.022150939820070091e-13
-7.692608685862340083e-14
-5.789254578105950877e-14
-4.357263066891353547e-14
-3.280406315258650317e-14
-2.471116373206453726e-14
-1.863377313986137908e-14
-1.407348092673274944e-14
-1.065406405183071371e-14
-8.092127460383347425e-15
-6.173774013938743256e-15
-4.741001157116236243e-15
-3.684173454161525500e-15
-2.913775853315102901e-15
-2.353288347835590824e-15
