# bin_3_4
-5.451991464585579122e-10
-5.587878510033866555e-10
-5.745949141806814841e-10
-5.929702912142022085e-10
-6.143151165249616998e-10
-6.390887790485813639e-10
-6.678154087792023916e-10
-7.010902734693073329e-10
-7.395882804462407967e-10
-7.840709722733081569e-10
-8.353933272438889931e-10
-8.945098459471440089e-10
-9.624798525073462779e-10
-1.040478366892891126e-09
-1.129790468775251682e-09
-1.231803988608131324e-09
-1.347983989025899622e-09
-1.479831523119482340e-09
-1.628859385434889120e-09
-1.796592237687794801e-09
-1.984476077836318513e-09
-2.193681524986957314e-09
-2.425024772466643816e-09
-2.678911798045211286e-09
-2.955060990314638406e-09
-3.252132897188432652e-09
-3.567383799496636311e-09
-3.896597168645672459e-09
-4.233989218411526622e-09
-4.571422048075397784e-09
-4.898594568771777438e-09
-5.203139888789533268e-09
-5.470814734543894008e-09
-5.685845128107131362e-09
-5.831261259331252404e-09
-5.889173327002229620e-09
-5.841287388499011248e-09
-5.670509355073685886e-09
-5.365247259867629235e-09
-4.928325390382319589e-09
-4.389231287347886807e-09
-3.810806519348993351e-09
-3.275142287553623254e-09
-2.845025937788069986e-09
-2.516729028832940670e-09
-2.210648456200097472e-09
-1.843026366425902246e-09
-1.449064771762664923e-09
-1.156033031236575709e-09
-9.659455825358021109e-10
-7.722721857304465708e-10
-6.050458573015100475e-10
-4.873382025266795735e-10
-3.841645477719844683e-10
-3.064440240076837067e-10
-2.441034627659498189e-10
-1.956766544425251461e-10
-1.578314117650589152e-10
-1.282217541369072210e-10
-1.049681522565287218e-10
-8.656769460191591680e-11
-7.184027707822921622e-11
-5.987631199907218254e-11
-4.997753926815791771e-11
-4.162543444351147453e-11
-3.445524174734735245e-11
-2.823093446058235472e-11
-2.281987867801614320e-11
-1.815877778467267671e-11
-1.421631810120876560e-11
-1.096183125223572124e-11
-8.345888080119626994e-12
-6.294925533894215066e-12
-4.719201556498227102e-12
-3.525550315421730601e-12
-2.628687620223307039e-12
-1.957994320843496882e-12
-1.458123549317712795e-12
-1.087233745799532771e-12
-8.140260312482305756e-13
-6.119774899161710898e-13
-4.605096504248310805e-13
-3.464829434338853223e-13
-2.606324680127375981e-13
-1.960107643482273653e-13
-1.473822116180703342e-13
-1.107986395119918729e-13
-8.328355432988263820e-14
-6.259386811510740179e-14
-4.703986539351013574e-14
-3.534909559252161208e-14
-2.656371031760327041e-14
-1.996311705795587029e-14
-1.500528143491343245e-14
-1.128282098056486268e-14
-8.490144873507666321e-15
-6.398554484889904000e-15
-4.837858875058835900e-15
-3.674678607362215031e-15
-2.805337530951165088e-15
