# bin_3_1
-2.707741739679416119e-09
-2.776045759455317569e-09
-2.855501437412353758e-09
-2.947864383052563498e-09
-3.055144188004519531e-09
-3.179636290312114486e-09
-3.323951532873586442e-09
-3.491044099640648792e-09
-3.684243612293783668e-09
-3.907278571965150159e-09
-4.164293731832850846e-09
-4.459857617065309276e-09
-4.798954776603242838e-09
-5.186977380450232880e-09
-5.629645457108215387e-09
-6.132901414500042922e-09
-6.702707583418159563e-09
-7.344743065239973696e-09
-8.064101416521908200e-09
-8.864974240117373322e-09
-9.750048859990357701e-09
-1.071963797189893895e-08
-1.177093151972830690e-08
-1.289729654780040831e-08
-1.408693014543055247e-08
-1.532111124288209287e-08
-1.657326369851026286e-08
-1.780881685337476409e-08
-1.898399084583703922e-08
-2.004562173203534506e-08
-2.093400718886599314e-08
-2.158736699632780896e-08
-2.194929128954534572e-08
-2.197850653331842578e-08
-2.165812373666235453e-08
-2.099969587638516161e-08
-2.003626592335396090e-08
-1.880418399046058252e-08
-1.732267892825247382e-08
-1.559666016306336959e-08
-1.367030589662561353e-08
-1.170431621126410386e-08
-9.955549187121628527e-09
-8.589166021033130054e-09
-7.497913815264744064e-09
-6.417530352046496921e-09
-5.212719462205243496e-09
-4.094119840567022832e-09
-3.329196674628923278e-09
-2.755782766334914394e-09
-2.175407946418408663e-09
-1.738650015523380700e-09
-1.398024156465703969e-09
-1.117609929229191052e-09
-9.001071717142609036e-10
-7.276298255116892171e-10
-5.915594650098224259e-10
-4.837370330593034357e-10
-3.976595496196178015e-10
-3.283035292918922970e-10
-2.718112422022711433e-10
-2.252724640503273893e-10
-1.865249110122642100e-10
-1.539433987147085260e-10
-1.263223770516505067e-10
-1.027818094233128936e-10
-8.270504707496066611e-11
-6.567864512344463414e-11
-5.141901037335061160e-11
-3.969399210611330556e-11
-3.026230846755822080e-11
-2.284471620470183097e-11
-1.712718656660585383e-11
-1.278813461381297857e-11
-9.528306398932881838e-12
-7.091815563331700854e-12
-5.275808207370374425e-12
-3.925418517678745977e-12
-2.925959323944509661e-12
-2.189720712886251836e-12
-1.642887732218823764e-12
-1.232849506442224032e-12
-9.249489654920805174e-13
-6.938041172211340361e-13
-5.203270241186772907e-13
-3.901625433953087801e-13
-2.925194018581543211e-13
-2.192880617630998202e-13
-1.643764159761406218e-13
-1.232095622405211431e-13
-9.235285796557320961e-14
-6.922875052820760208e-14
-5.190460772166325519e-14
-3.893144422269329087e-14
-2.922499977571262917e-14
-2.197908572651089695e-14
-1.660596201329007790e-14
-1.270901078254704260e-14
-9.916513956683092293e-15
-7.892523662608559526e-15
