# bin_5_3
-1.506697634084342793e-09
-1.547039302970926134e-09
-1.594104747327068804e-09
-1.649001171272168455e-09
-1.713013785196993754e-09
-1.787633158702788866e-09
-1.874586405163200096e-09
-1.975872634008528884e-09
-2.093802708573020202e-09
-2.231042379663195251e-09
-2.390660168488623381e-09
-2.576182464415150023e-09
-2.791653517600161621e-09
-3.041693165721539727e-09
-3.331545186266414029e-09
-3.667140593027185073e-09
-4.055154591052217969e-09
-4.503010513629155408e-09
-5.018880408545287820e-09
-5.611688653014230507e-09
-6.290967897714276208e-09
-7.066720947536719072e-09
-7.949181605036822421e-09
-8.948255549360903406e-09
-1.007313262034387472e-08
-1.133153466699763172e-08
-1.272880741995431367e-08
-1.426592031251525382e-08
-1.593633145891897421e-08
-1.772802012008752509e-08
-1.961983269320123142e-08
-2.157653765099431835e-08
-2.354823506929550961e-08
-2.546727175351720053e-08
-2.724545284488327551e-08
-2.877275479073441600e-08
-2.991793870830510736e-08
-3.053439749919169231e-08
-3.047465810257733443e-08
-2.961841918504473885e-08
-2.791832100721166035e-08
-2.545779319186350638e-08
-2.249590225480229086e-08
-1.945172352934266782e-08
-1.677787565877758471e-08
-1.475365336318701967e-08
-1.319709371547891408e-08
-1.151455490232419515e-08
-9.315693361070774747e-09
-7.173867670347522485e-09
-5.863867380526958562e-09
-4.923402265899353191e-09
-3.776089396872280954e-09
-3.000325683035795765e-09
-2.372544501284556428e-09
-1.857168244283376261e-09
-1.458200305336506383e-09
-1.150178393763579884e-09
-9.096588864920595342e-10
-7.241264794002886744e-10
-5.809818383249857510e-10
-4.702893154290180365e-10
-3.842016801857970852e-10
-3.165657384451523977e-10
-2.626640404406168883e-10
-2.188599429337906093e-10
-1.824538444785941104e-10
-1.515221753225807215e-10
-1.247997185255182121e-10
-1.015474478707282408e-10
-8.140282004560576042e-11
-6.421039783411434438e-11
-4.986699199276855453e-11
-3.821467271481088447e-11
-2.899194999779187960e-11
-2.185042074566396743e-11
-1.640713537383151657e-11
-1.229739636961391766e-11
-9.211739133125761476e-12
-6.903968023501117010e-12
-5.189298007640356891e-12
-3.924923660034421269e-12
-2.978403773653087500e-12
-2.260076544515825079e-12
-1.714469275950711282e-12
-1.300210207078153487e-12
-9.857924105001201847e-13
-7.472331948755283255e-13
-5.662867472774042268e-13
-4.290787265318950214e-13
-3.250638857207848408e-13
-2.462308585665306564e-13
-1.864958901041442639e-13
-1.412408535832642942e-13
-1.069614179209628928e-13
-8.099924469275298956e-14
-6.133847196000653591e-14
-4.645100748191038316e-14
-3.517876636331795150e-14
-2.664425308587081493e-14
