# bin_6_2
-1.406890924680027383e-10
-1.438427957808816679e-10
-1.474967334158254022e-10
-1.517253539178354217e-10
-1.566128139521956282e-10
-1.622538929370354774e-10
-1.687550329505066459e-10
-1.762350863780744768e-10
-1.848269305483869560e-10
-1.946780882637391209e-10
-2.059505661821350128e-10
-2.188225703096712932e-10
-2.334888545183871208e-10
-2.501617818159653417e-10
-2.690740275002635439e-10
-2.904859201824669121e-10
-3.146820456118839592e-10
-3.419635422686663149e-10
-3.726263236616194957e-10
-4.069559664435323514e-10
-4.452808542151101548e-10
-4.879647398990859915e-10
-5.353056527012821028e-10
-5.875117110951265794e-10
-6.447792980878993305e-10
-7.071895439436621870e-10
-7.745599565127025823e-10
-8.465118542851771889e-10
-9.222981402518262415e-10
-1.000757329093246952e-09
-1.080294564575425321e-09
-1.158736938698467380e-09
-1.233303181473040724e-09
-1.300584286444998329e-09
-1.356531152263357879e-09
-1.396532992324892458e-09
-1.415642600076137101e-09
-1.409034861947857709e-09
-1.372785826486471152e-09
-1.305061381154171710e-09
-1.207760399448922244e-09
-1.087965094532096276e-09
-9.577974724809243899e-10
-8.315824882312626136e-10
-7.209343331097289195e-10
-6.289048668073633025e-10
-5.471639377803497226e-10
-4.644791531266302920e-10
-3.799144158542858275e-10
-3.026110597756061855e-10
-2.420983891009870593e-10
-1.981065597723153112e-10
-1.578390436584137354e-10
-1.232199573942605266e-10
-9.860292391986797227e-11
-7.731198897580179433e-11
-6.131501221134605935e-11
-4.861042806842000097e-11
-3.875152272347928137e-11
-3.109167370475160923e-11
-2.512326814245493423e-11
-2.045028825419926426e-11
-1.676114021271950248e-11
-1.381379982630365994e-11
-1.142425629385315374e-11
-9.454553083203241512e-12
-7.804528030046540603e-12
-6.404608751142878249e-12
-5.208706014322865799e-12
-4.187705915799111927e-12
-3.323214186375717283e-12
-2.601900383250923313e-12
-2.011352170694106425e-12
-1.537882653337525159e-12
-1.165854178207085977e-12
-8.785511617059860708e-13
-6.596470983105979657e-13
-4.943793357531630530e-13
-3.703754574671936818e-13
-2.778149854920810168e-13
-2.089381506016231751e-13
-1.577627496329490019e-13
-1.195101914166181285e-13
-9.058458539522015159e-14
-6.864650039113787530e-14
-5.201010967037354599e-14
-3.939789736439940269e-14
-2.983924828721182810e-14
-2.259681645902351177e-14
-1.711070173794747447e-14
-1.295596766840845360e-14
-9.810182607604525959e-15
-7.428835764734281875e-15
-5.626559612605057472e-15
-4.262866084193858801e-15
-3.231299023476220544e-15
-2.451266890193766583e-15
-1.862066854433318295e-15
-1.417113550594822834e-15
-1.081516619489885351e-15
