# bin_6_1
-4.348388949505549781e-10
-4.432433249599829528e-10
-4.529059187598540808e-10
-4.639884482931638736e-10
-4.766652005294191555e-10
-4.911213908461020013e-10
-5.075508920691632520e-10
-5.261513050737996171e-10
-5.471216573598014266e-10
-5.706535932987831058e-10
-5.969172049540552876e-10
-6.260538103117102326e-10
-6.581596294036211168e-10
-6.932705033594333572e-10
-7.313536668090007302e-10
-7.723219886280900901e-10
-8.159948146258957147e-10
-8.620416338332659822e-10
-9.098689301449607888e-10
-9.585909671100948875e-10
-1.007299565884330575e-09
-1.055085225826518921e-09
-1.100640497310478477e-09
-1.142302329948926677e-09
-1.178642587433508093e-09
-1.208280148825898944e-09
-1.229649346198346755e-09
-1.241715103282438392e-09
-1.243606175294215974e-09
-1.234957266352662979e-09
-1.215945120703225840e-09
-1.187291290591263014e-09
-1.150126226016992583e-09
-1.105787117540629659e-09
-1.055514478917384473e-09
-1.000310807035726850e-09
-9.409827354780296142e-10
-8.782877327979174259e-10
-8.126021200522745057e-10
-7.430056104773925958e-10
-6.678805424598445799e-10
-5.882242255743846676e-10
-5.089496083885255099e-10
-4.347216549285159349e-10
-3.687772447254814225e-10
-3.145888918196408700e-10
-2.702930303261435207e-10
-2.293975840183611142e-10
-1.889960498416292934e-10
-1.511712059500639770e-10
-1.215962877114568891e-10
-1.002318952003723164e-10
-8.070218649432283516e-11
-6.420987589425061642e-11
-5.188338635739335105e-11
-4.141104276689371482e-11
-3.324708340175044148e-11
-2.665637684233686527e-11
-2.140223900782499462e-11
-1.720251444779881596e-11
-1.384166334145758437e-11
-1.114904692461869385e-11
-8.988962075695260335e-12
-7.253269950771158334e-12
-5.855613266261828596e-12
-4.726305942473799016e-12
-3.809478095690045852e-12
-3.061070143850123876e-12
-2.447132386939895791e-12
-1.942229229580142119e-12
-1.527667563732818291e-12
-1.189518248701494625e-12
-9.168027270521273088e-13
-7.001020361774683365e-13
-5.306138613879964306e-13
-3.999640911812152803e-13
-3.004559041374507146e-13
-2.252873952711159563e-13
-1.688107844437030832e-13
-1.265560879581507300e-13
-9.504711201092024452e-14
-7.163671302535810724e-14
-5.416907899379106476e-14
-4.099992056237998441e-14
-3.103471941552921646e-14
-2.349116791004799020e-14
-1.778178809285078487e-14
-1.346215073794816442e-14
-1.019531212418971286e-14
-7.725807891502877440e-15
-5.860422894938516331e-15
-4.452657467717407029e-15
-3.391726413982790929e-15
-2.593871073529335179e-15
-1.995375805246767188e-15
-1.546852063125157578e-15
-1.211493657436189852e-15
-9.637469147823557362e-16
-7.803378296757588125e-16
-6.442806092440457151e-16
