# bin_4_3
-2.115534114226171154e-09
-2.171809273930911602e-09
-2.237448019274667895e-09
-2.313986978123385247e-09
-2.403208219158179064e-09
-2.507176436089531657e-09
-2.628280987681837512e-09
-2.769282913325602841e-09
-2.933367620667543771e-09
-3.124204169574701977e-09
-3.346010877342009267e-09
-3.603622132809988156e-09
-3.902554155721358086e-09
-4.249068708815944650e-09
-4.650249497520846636e-09
-5.114076656812602399e-09
-5.649457582717719712e-09
-6.266237034128093101e-09
-6.975176309863101816e-09
-7.787824860355764834e-09
-8.716364353648575828e-09
-9.773397614462330124e-09
-1.097134965259829596e-08
-1.232191564785875679e-08
-1.383537443924681637e-08
-1.551947547628415536e-08
-1.737747770376090480e-08
-1.940436742830096316e-08
-2.158733510061818776e-08
-2.390456998569788166e-08
-2.631766614701329212e-08
-2.877051351859047939e-08
-3.118620248180708771e-08
-3.346333616502233485e-08
-3.547382812345134826e-08
-3.706280291551584112e-08
-3.805313478552791929e-08
-3.825938532161284379e-08
-3.751656851205270392e-08
-3.572993512076646902e-08
-3.294384466939641723e-08
-2.940722590293030462e-08
-2.558441777535661551e-08
-2.204529625522977250e-08
-1.923360605750674979e-08
-1.713104292573426892e-08
-1.513733957796506410e-08
-1.259925390329089578e-08
-9.818509238067491195e-09
-7.821851876434300587e-09
-6.580219129513388569e-09
-5.215859682051693751e-09
-4.061795917290698320e-09
-3.261416094228417267e-09
-2.548101806026503840e-09
-2.016514810393537609e-09
-1.592206324921346593e-09
-1.263902328254879264e-09
-1.009582564918024223e-09
-8.126426730985957249e-10
-6.598815205986696406e-10
-5.407222038104709245e-10
-4.468183921336718865e-10
-3.717255968959862546e-10
-3.104728970180993583e-10
-2.593553092967290951e-10
-2.157459669219671767e-10
-1.779212369677448170e-10
-1.448943353132121505e-10
-1.162023498890108275e-10
-9.166317219908300479e-11
-7.115922513557867787e-11
-5.448639996228930778e-11
-4.128417410998273968e-11
-3.106265482260352598e-11
-2.327752477134609068e-11
-1.740604850823368602e-11
-1.300314107490261572e-11
-9.714042626306125837e-12
-7.269118018420103061e-12
-5.466718102909701174e-12
-4.130014939521679209e-12
-3.122642195576003994e-12
-2.360358679095565784e-12
-1.783670690721491453e-12
-1.347542093166063932e-12
-1.017820534412583206e-12
-7.686197704856191776e-13
-5.803282471689719419e-13
-4.380948210990640048e-13
-3.306780259672191817e-13
-2.495721151173011629e-13
-1.883437414668005621e-13
-1.421287366243537166e-13
-1.072505959549948579e-13
-8.093134357966181525e-14
-6.107260921681367638e-14
-4.608998115927916982e-14
-3.478704441366642013e-14
-2.626027964550138981e-14
