# bin_1_1
-3.709559655989580623e-08
-3.804214521675017984e-08
-3.914352598941526860e-08
-4.042416109362642972e-08
-4.191200601965711374e-08
-4.363899433905170729e-08
-4.564142080037206584e-08
-4.796028883366850754e-08
-5.064165536942075116e-08
-5.373677544678433413e-08
-5.730216400092134539e-08
-6.139952499600141357e-08
-6.609540624581591057e-08
-7.146043257719862239e-08
-7.756791003376649322e-08
-8.449156285979345805e-08
-9.230139233933139731e-08
-1.010581894699276601e-07
-1.108071324137040303e-07
-1.215710968757693089e-07
-1.333409345357336764e-07
-1.460605785965161284e-07
-1.596100860193862867e-07
-1.737935464787478345e-07
-1.883213057692912879e-07
-2.027852112059083064e-07
-2.166470402892864284e-07
-2.292300494593213646e-07
-2.397246996600766599e-07
-2.472217774259763104e-07
-2.507820798572010457e-07
-2.495577065759413322e-07
-2.429675684846384010e-07
-2.309102985867940287e-07
-2.139614214502828847e-07
-1.934636441487164301e-07
-1.713853144971458415e-07
-1.498544852176470734e-07
-1.303958479442969723e-07
-1.132902335587918858e-07
-9.775533528548458187e-08
-8.296230031751363714e-08
-6.889805831706581765e-08
-5.606245259271415811e-08
-4.511149874664444796e-08
-3.660166829305983978e-08
-2.977216609829664174e-08
-2.382832147172856306e-08
-1.917073948249387187e-08
-1.547732092137715442e-08
-1.252549575081788611e-08
-1.020512848411166269e-08
-8.371989421419020129e-09
-6.922338389682909790e-09
-5.767705723785908977e-09
-4.837025408991249334e-09
-4.074462750545761421e-09
-3.437162617067367040e-09
-2.893539690773748036e-09
-2.421716077612236558e-09
-2.007748787793739327e-09
-1.643847070549790807e-09
-1.326297037228926862e-09
-1.053406846395362178e-09
-8.237595893447033729e-10
-6.350561199164211134e-10
-4.836825385808818808e-10
-3.649003561367078556e-10
-2.733922375359941582e-10
-2.038685966739135900e-10
-1.515533243963030738e-10
-1.124345497805276926e-10
-8.331214161565183701e-11
-6.171402755114665925e-11
-4.574491979806175266e-11
-3.395717958614622913e-11
-2.525439748018404719e-11
-1.880217638419452538e-11
-1.399991065710995365e-11
-1.042269990353311049e-11
-7.758329292903733162e-12
-5.774244788015208897e-12
-4.297026103546051885e-12
-3.197376080688896302e-12
-2.378919747353489734e-12
-1.769840829834349786e-12
-1.316636179893804416e-12
-9.794558058336760710e-13
-7.286239399073717776e-13
-5.420468850994992625e-13
-4.032780886957425170e-13
-3.000890099371311439e-13
-2.234236047673466903e-13
-1.665712829751278024e-13
-1.245910971972114402e-13
-9.394143298393945065e-14
-7.224683718572969207e-14
-5.843735424344294052e-14
-5.057322252426471434e-14
-4.718353961651664031e-14
