# bin_1_3
-1.447980224193208012e-09
-1.483908715341982378e-09
-1.525687653133416416e-09
-1.574231424671409627e-09
-1.630584332510987423e-09
-1.695939250481248724e-09
-1.771650162132904304e-09
-1.859242376005537518e-09
-1.960425111885601172e-09
-2.077089931901465932e-09
-2.211310161536330593e-09
-2.365342319071516250e-09
-2.541622584245880937e-09
-2.742748379897120740e-09
-2.971434347098312539e-09
-3.230438584737275099e-09
-3.522375327950556294e-09
-3.849469152586635220e-09
-4.213345698300240216e-09
-4.614949072426632209e-09
-5.054164024170637170e-09
-5.529053049861605849e-09
-6.035313341210720177e-09
-6.565978306173000324e-09
-7.110608183336267848e-09
-7.654223820017236914e-09
-8.177016569930151400e-09
-8.653860325287833869e-09
-9.054473982859929414e-09
-9.344657537566144784e-09
-9.488787896992786557e-09
-9.454382672970514645e-09
-9.218704677257016340e-09
-8.776879811988015457e-09
-8.149473526755138160e-09
-7.385992786343999283e-09
-6.559570201211733555e-09
-5.749247816738150548e-09
-5.011761564454149627e-09
-4.359287582004352635e-09
-3.765922475993522624e-09
-3.201471332065733900e-09
-2.662575415212642977e-09
-2.169918878545466031e-09
-1.752266725127961924e-09
-1.424807879309892759e-09
-1.158348060817320701e-09
-9.284854804393427058e-10
-7.467647755270277732e-10
-6.026695624698345980e-10
-4.877701729031615803e-10
-3.968352557119175993e-10
-3.251679377708501991e-10
-2.684027692947868664e-10
-2.232683515282228370e-10
-1.869129495222340370e-10
-1.572064593875873381e-10
-1.324545599023157997e-10
-1.114128294675117072e-10
-9.321231860087040847e-11
-7.729074165678191696e-11
-6.332528229789806607e-11
-5.115374828353482899e-11
-4.069664313081012868e-11
-3.189045265344356622e-11
-2.464299148981988482e-11
-1.881577797787336945e-11
-1.422990753121162848e-11
-1.068544597802062729e-11
-7.983530432054772477e-12
-5.944071397554252844e-12
-4.415025932875371426e-12
-3.274313043318318702e-12
-2.426919410267990832e-12
-1.799614605201345288e-12
-1.336203996565863346e-12
-9.938406741755896347e-13
-7.399662370593931140e-13
-5.510616274951206512e-13
-4.103775913666789823e-13
-3.056079077038016833e-13
-2.275738788812331898e-13
-1.694488415565187760e-13
-1.261570567945852733e-13
-9.391793917440455355e-14
-6.991327255910669994e-14
-5.204229958693920952e-14
-3.873944176300799636e-14
-2.883810870303565960e-14
-2.146928512169716317e-14
-1.598569165998110454e-14
-1.190574828355327580e-14
-8.872434629535127073e-15
-6.620781319470821883e-15
-4.955481077337160192e-15
-3.737782238949063880e-15
-2.874381751248816964e-15
-2.314404791066254203e-15
-1.989050660587557927e-15
-1.841553906637141381e-15
