# bin_5_4
-6.270555656846448783e-10
-6.434517841818167099e-10
-6.625600680688288180e-10
-6.848201462014653057e-10
-7.107402835375167557e-10
-7.409072365650612527e-10
-7.759974565600920454e-10
-8.167897577560832624e-10
-8.641794493642833045e-10
-9.191937436467957369e-10
-9.830084587490345611e-10
-1.056967383934768341e-09
-1.142604020234630281e-09
-1.241663241503435288e-09
-1.356118590502137708e-09
-1.488194042009736434e-09
-1.640383093503619218e-09
-1.815452758590454729e-09
-2.016430831833265513e-09
-2.246611654114692155e-09
-2.509512108371850518e-09
-2.808820144241467055e-09
-3.148324957804688204e-09
-3.531709457493419065e-09
-3.962399555555274009e-09
-4.443316473977986951e-09
-4.976543822154618056e-09
-5.562715499598439599e-09
-6.199728635427305656e-09
-6.883306938363308078e-09
-7.606311442168223786e-09
-8.356344982448370209e-09
-9.115503751171071194e-09
-9.859079786271974664e-09
-1.055421543114429032e-08
-1.115922443834927567e-08
-1.162395173523271748e-08
-1.189207887175296020e-08
-1.190626071563566201e-08
-1.161756691842334325e-08
-1.100175337257793930e-08
-1.008179050893425697e-08
-8.947634529274640939e-09
-7.754772378133506183e-09
-6.681810604887413909e-09
-5.853946890104400570e-09
-5.231060178666531399e-09
-4.597324447172064467e-09
-3.765942637916207648e-09
-2.904238294288298606e-09
-2.343769706485595176e-09
-1.978527039743195822e-09
-1.533383737580812946e-09
-1.204450842904447781e-09
-9.602155112843071662e-10
-7.473892244882454841e-10
-5.878528177082664803e-10
-4.626034120649407246e-10
-3.650472019968224076e-10
-2.898849833472589247e-10
-2.319254274030372111e-10
-1.871629423866154894e-10
-1.524294065260542898e-10
-1.252334215535052128e-10
-1.036624304567037492e-10
-8.623701923572682485e-11
-7.185051230099808820e-11
-5.970505564526598110e-11
-4.926231472420059844e-11
-4.019573384883128287e-11
-3.233577786967542684e-11
-2.560570586117447375e-11
-1.996177217231931212e-11
-1.534903713380484300e-11
-1.167623096644796703e-11
-8.817632835532766476e-12
-6.630597354169072404e-12
-4.975167642529369947e-12
-3.730120095576700465e-12
-2.797622181048688751e-12
-2.103273818018120617e-12
-1.590849092403828695e-12
-1.208165907891225846e-12
-9.177596807729691583e-13
-6.969506704993826450e-13
-5.291161586072855910e-13
-4.015933282151966252e-13
-3.047330380015307445e-13
-2.311859703105184255e-13
-1.753572894308522733e-13
-1.329898253888700528e-13
-1.008457809997565542e-13
-7.646380698027958737e-14
-5.797352884456581980e-14
-4.395393415683670872e-14
-3.332534921422454381e-14
-2.526823953330011978e-14
-1.916106564069695660e-14
-1.453234043164896750e-14
-1.102440502181856471e-14
