# bin_4_2
-8.418464542535208553e-10
-8.632814506320092990e-10
-8.882416286697838164e-10
-9.172918061701336442e-10
-9.510827616760309568e-10
-9.903631106809438476e-10
-1.035992636359887315e-09
-1.088956930534300468e-09
-1.150383898394816849e-09
-1.221562492746528936e-09
-1.303961219234008387e-09
-1.399239415501369471e-09
-1.509259473731790937e-09
-1.636095582821278277e-09
-1.782050867023905084e-09
-1.949681152196493110e-09
-2.141809918451208657e-09
-2.361512834223659935e-09
-2.612037402267115950e-09
-2.896742237413855506e-09
-3.219054176578348343e-09
-3.582413324304055380e-09
-3.990038707487503666e-09
-4.444687948933214168e-09
-4.948524556225065151e-09
-5.502681954784163751e-09
-6.106315523166819162e-09
-6.755770098484106906e-09
-7.445073483368772050e-09
-8.164084390722876561e-09
-8.897228736717788343e-09
-9.623231109217371596e-09
-1.031422410832456292e-08
-1.093526331968836719e-08
-1.144458146122451732e-08
-1.179460878249939944e-08
-1.193464602965896980e-08
-1.181615284143403321e-08
-1.140236597784078198e-08
-1.068380023169072765e-08
-9.698068238592818343e-09
-8.545408672889012489e-09
-7.381730263758400399e-09
-6.369263165999690703e-09
-5.596275265785535309e-09
-4.980854612121939006e-09
-4.309867218344597923e-09
-3.476197048542510595e-09
-2.701017588111029738e-09
-2.217179228530509580e-09
-1.842928333077144314e-09
-1.425891237022326674e-09
-1.139252571411026240e-09
-9.021379719079044939e-10
-7.128066043131940216e-10
-5.641388510900821066e-10
-4.487279390155194499e-10
-3.586666090991615988e-10
-2.887137512028736751e-10
-2.343045261586738143e-10
-1.917911045567775790e-10
-1.582851229105537414e-10
-1.315261973707055206e-10
-1.097828432781001003e-10
-9.173835946883868238e-11
-7.643837495115504503e-11
-6.323154768704543010e-11
-5.171988722884822402e-11
-4.169622477550238757e-11
-3.307228944553405542e-11
-2.580512754741075275e-11
-1.983823080165559153e-11
-1.507029410186925808e-11
-1.135242890574114852e-11
-8.507649986595039364e-12
-6.357774649341530445e-12
-4.744192648396001996e-12
-3.538220189344673704e-12
-2.639993054823390809e-12
-1.975232257509437156e-12
-1.485802481625540411e-12
-1.120665974760158425e-12
-8.452938808946248970e-13
-6.374162491762129083e-13
-4.805402072132099272e-13
-3.621908900211327111e-13
-2.729335432407413437e-13
-2.056358313216859356e-13
-1.549083090603298995e-13
-1.166801939631689467e-13
-8.787793465233091166e-14
-6.618172770403286197e-14
-4.984127890783078771e-14
-3.753641068733780701e-14
-2.827177869478428588e-14
-2.129725778252180183e-14
-1.604798139938122603e-14
-1.209997279792723677e-14
-9.133700626260594972e-15
-6.907747773237295719e-15
