# bin_6_3
-7.624281962038544128e-10
-7.826367021398888245e-10
-8.062061866692074775e-10
-8.336880507473401488e-10
-8.657218083588573100e-10
-9.030484929818793952e-10
-9.465260116691127999e-10
-9.971464521289915879e-10
-1.056056023197759091e-09
-1.124576726021215107e-09
-1.204229443794400383e-09
-1.296760453232890374e-09
-1.404171088796443128e-09
-1.528748818309329305e-09
-1.673095395917538310e-09
-1.840156327307910061e-09
-2.033251819570321884e-09
-2.256089539036905579e-09
-2.512749754554833602e-09
-2.807689907560547658e-09
-3.145730256825245626e-09
-3.531965702289958980e-09
-3.971639706292594587e-09
-4.469900601988951054e-09
-5.031602385491351954e-09
-5.660981586661671389e-09
-6.361120826293622699e-09
-7.133287564053631443e-09
-7.975290620612063963e-09
-8.881441537398230485e-09
-9.842560241241386972e-09
-1.084244192828338367e-08
-1.185751392552220444e-08
-1.285557420665738221e-08
-1.379424074400096603e-08
-1.462002482207391933e-08
-1.526842033679139697e-08
-1.566595916643031382e-08
-1.573634532435405539e-08
-1.541279193295986378e-08
-1.465899188142168210e-08
-1.349737600751574396e-08
-1.203482583090060792e-08
-1.046474944988361083e-08
-9.020107259334256074e-09
-7.875755405212225809e-09
-7.015972940620463613e-09
-6.191458809841012074e-09
-5.139543862537546977e-09
-3.991508761385947589e-09
-3.175266369417485038e-09
-2.676372783160599952e-09
-2.111774521278271888e-09
-1.634789937892687946e-09
-1.313887331949254004e-09
-1.017201731188727420e-09
-8.023175429319315255e-10
-6.292483934556115674e-10
-4.956820316660491159e-10
-3.928248484920703601e-10
-3.135155084192776755e-10
-2.523241428682967502e-10
-2.049240912864488637e-10
-1.679122908647018180e-10
-1.386643951192817189e-10
-1.151526588359306525e-10
-9.585248582736171703e-11
-7.965676328602483710e-11
-6.580310501241764570e-11
-5.381434390802915434e-11
-4.342855787476164362e-11
-3.451811836971242667e-11
-2.701417031274205087e-11
-2.084677621680620128e-11
-1.590615675421616815e-11
-1.203932519058165794e-11
-9.067995018818884077e-12
-6.812211321695414733e-12
-5.112380675351811121e-12
-3.837586398429852820e-12
-2.886410549427576406e-12
-2.182973286483194105e-12
-1.659000607444009209e-12
-1.261624429158162178e-12
-9.591479497950424111e-13
-7.289784778265483677e-13
-5.538958256235521170e-13
-4.207622726027164507e-13
-3.195596096686564685e-13
-2.426523392143655624e-13
-1.842238318297233395e-13
-1.398450741176357416e-13
-1.061451316915044320e-13
-8.055942105156885624e-14
-6.113755974021105447e-14
-4.639677834997371914e-14
-3.521021072428455813e-14
-2.672178072655234808e-14
-2.028114768420478466e-14
-1.539449489221671622e-14
