# bin_5_1
-3.457996890940898872e-10
-3.534358602329670291e-10
-3.622540168934271372e-10
-3.724180891998084952e-10
-3.841084378503006998e-10
-3.975215213499890417e-10
-4.128686813120901781e-10
-4.303741195120756600e-10
-4.502716288893470314e-10
-4.728002149025220249e-10
-4.981982227480206852e-10
-5.266962660307138404e-10
-5.585086464229269774e-10
-5.938226311512370481e-10
-6.327842561965169551e-10
-6.754841497969831054e-10
-7.219265185956662281e-10
-7.720049532301699131e-10
-8.254443436586168438e-10
-8.817738699223091488e-10
-9.403047349467401662e-10
-1.000129135481525525e-09
-1.060109731429911979e-09
-1.118868354475205494e-09
-1.174814798593778979e-09
-1.226199134750610978e-09
-1.271229869469000301e-09
-1.308255966391324516e-09
-1.335928970227944631e-09
-1.353642576502923361e-09
-1.361724240009882529e-09
-1.361438804068163831e-09
-1.354527994982551594e-09
-1.342103723499988088e-09
-1.323380461737369437e-09
-1.295276127113101017e-09
-1.254061221829900290e-09
-1.198391236143920948e-09
-1.130204283174839261e-09
-1.051193471113911725e-09
-9.595526605278499228e-10
-8.539005010922596068e-10
-7.403068690564865834e-10
-6.312188595784619422e-10
-5.386530243465448199e-10
-4.672038696084273523e-10
-4.084997581692777696e-10
-3.482406296549557142e-10
-2.806378783925166937e-10
-2.198426095719427519e-10
-1.805074704690646107e-10
-1.496381281774888080e-10
-1.166440274629372670e-10
-9.378982704205010480e-11
-7.474644871808720448e-11
-5.947392205751989558e-11
-4.733850337906915449e-11
-3.783106752029784179e-11
-3.028437565868843551e-11
-2.432952045123093944e-11
-1.962376000427692603e-11
-1.589417652128321502e-11
-1.292490108502522566e-11
-1.054619965944100677e-11
-8.626088612109094616e-12
-7.060947262258815210e-12
-5.770969766902660187e-12
-4.695989868575045031e-12
-3.792741066806118153e-12
-3.031712561756760527e-12
-2.393503870846127635e-12
-1.864749789184060144e-12
-1.434491873661378574e-12
-1.091724989438384441e-12
-8.243047814500440840e-13
-6.192803628725442653e-13
-4.639959142508045121e-13
-3.472015605674952733e-13
-2.597285909870126761e-13
-1.944388543535500339e-13
-1.459753585671146192e-13
-1.101534995705103005e-13
-8.332221312893912973e-14
-6.302515897814469514e-14
-4.766284886147807648e-14
-3.603880053547412365e-14
-2.724605395202814515e-14
-2.059706271708910066e-14
-1.557083023631408429e-14
-1.177271986824691062e-14
-8.903853740163809168e-15
-6.738254759356315651e-15
-5.105762405247116912e-15
-3.878282618133391708e-15
-2.957957502546419833e-15
-2.266982213926661263e-15
-1.746707190011245657e-15
-1.356189413002871968e-15
-1.064993013280917693e-15
-8.500349012465566563e-16
