# bin_2_2
-9.678789449851190272e-09
-9.935923583497618631e-09
-1.023569615827424273e-08
-1.058504244996335552e-08
-1.099197789292851698e-08
-1.146574893569816313e-08
-1.201699800642589339e-08
-1.265794085766634806e-08
-1.340255363253702130e-08
-1.426676584508635057e-08
-1.526865145946552520e-08
-1.642860087058273888e-08
-1.776944995987465269e-08
-1.931655005798347399e-08
-2.109776205134161331e-08
-2.314329813594033082e-08
-2.548532364872297641e-08
-2.815732695663856392e-08
-3.119315256637491533e-08
-3.462547773795143935e-08
-3.848390257607617752e-08
-4.279226374821949787e-08
-4.756441057507255835e-08
-5.279928691806510409e-08
-5.847515340359299971e-08
-6.454357237608013514e-08
-7.092441219829558050e-08
-7.749376572978247785e-08
-8.407495240648682464e-08
-9.043240280643389162e-08
-9.626522345951578122e-08
-1.012063826275937850e-07
-1.048321252304557732e-07
-1.066879620696933315e-07
-1.063410049361451150e-07
-1.034665846058077534e-07
-9.796902322051441281e-08
-9.011439627145325696e-08
-8.061419415436485800e-08
-7.056642076520109382e-08
-6.117481925570398239e-08
-5.324303223791643996e-08
-4.670045145428884588e-08
-4.061251963809980683e-08
-3.411832811467657483e-08
-2.749914073235965674e-08
-2.193767109087284645e-08
-1.790671717874977505e-08
-1.460623471000843437e-08
-1.155645802944112962e-08
-9.232309341417307697e-09
-7.393622760701670269e-09
-5.905725494787072467e-09
-4.749066967522583691e-09
-3.839740079365096862e-09
-3.127234816875176065e-09
-2.568376297706658125e-09
-2.127052805457629398e-09
-1.774695102576500075e-09
-1.488840541750982255e-09
-1.252206640569617544e-09
-1.051996960143296416e-09
-8.791732413257698620e-10
-7.279298515248935436e-10
-5.950102873593582901e-10
-4.789340118260819513e-10
-3.791608301474372282e-10
-2.953239220322812371e-10
-2.266908831391658942e-10
-1.719514530624046154e-10
-1.292962433005832608e-10
-9.666020262975514665e-11
-7.200559912791416736e-11
-5.352597217013553218e-11
-3.973873920989562539e-11
-2.948989220202753815e-11
-2.190111952401478186e-11
-1.630370015585866479e-11
-1.217712567759871165e-11
-9.110237409618541261e-12
-6.815832977589429686e-12
-5.098160257012765240e-12
-3.812582276636853509e-12
-2.850652411415575057e-12
-2.131065290526959038e-12
-1.592886587383970491e-12
-1.190465324421072327e-12
-8.896120565063805096e-13
-6.647293523666416485e-13
-4.966582653388660230e-13
-3.710628820061159159e-13
-2.772190424333265837e-13
-2.071066391968779912e-13
-1.547290234608505400e-13
-1.156050628443429110e-13
-8.639319414976195255e-14
-6.460783633333407185e-14
-4.841368309696200994e-14
-3.644767643830493404e-14
-2.792509421235519351e-14
