# bin_1_2
-1.052284477275620052e-08
-1.079533059988553430e-08
-1.111263539843522200e-08
-1.148191830089999429e-08
-1.191140712460607119e-08
-1.241054129190661718e-08
-1.299010771335437813e-08
-1.366237525347427092e-08
-1.444123405467881419e-08
-1.534229763181623989e-08
-1.638299299008386762e-08
-1.758262539193376717e-08
-1.896237981302557336e-08
-2.054521849326131839e-08
-2.235563149629337568e-08
-2.441917923624150509e-08
-2.676156579570666354e-08
-2.940734835282801231e-08
-3.237842560356664117e-08
-3.569232977383917119e-08
-3.935953043874542338e-08
-4.337918254243654369e-08
-4.773397720835329515e-08
-5.238642611249336065e-08
-5.727432641418548446e-08
-6.230191266050424459e-08
-6.733343391532554164e-08
-7.218794220354229415e-08
-7.663532427997666405e-08
-8.039709526745160837e-08
-8.315504696168560704e-08
-8.457316445632392415e-08
-8.433821843384958131e-08
-8.222260836219543267e-08
-7.816535699765908891e-08
-7.235361271184854952e-08
-6.526576774452573341e-08
-5.762307842792321310e-08
-5.020838613380805714e-08
-4.359369343336316335e-08
-3.793028879860354930e-08
-3.291355768712697764e-08
-2.802919430126593354e-08
-2.305005669287477653e-08
-1.846382859173313120e-08
-1.494157490849922211e-08
-1.223880677611709961e-08
-9.817107796682152867e-09
-7.850721148190345449e-09
-6.317162763123756615e-09
-5.076481366028990773e-09
-4.102290580746478809e-09
-3.333279763181000447e-09
-2.728399254499592847e-09
-2.251456500787713881e-09
-1.872669556000530051e-09
-1.568409983921655714e-09
-1.319970736333562809e-09
-1.112977779680381395e-09
-9.368321027119085442e-10
-7.841201094744064931e-10
-6.501152679581137016e-10
-5.321833277901023764e-10
-4.291147519509149814e-10
-3.404382206544585242e-10
-2.658000151972756142e-10
-2.045350242226832463e-10
-1.554992439552242829e-10
-1.171333989229653072e-10
-8.766234836548516137e-11
-6.532644050654887207e-11
-4.854909080483503379e-11
-3.601802005785262717e-11
-2.669528397215027676e-11
-1.978306756407467869e-11
-1.467619638436950099e-11
-1.091322159256879470e-11
-8.131481882825602238e-12
-6.062525899399202397e-12
-4.519772661443001469e-12
-3.369053670388510261e-12
-2.510895115879886781e-12
-1.871046541773973774e-12
-1.394065664449393746e-12
-1.038560799810357764e-12
-7.736390586368359015e-13
-5.762496190794104167e-13
-4.291976046093947524e-13
-3.196593198988565656e-13
-2.380734275316211739e-13
-1.773123880584258184e-13
-1.320652098955736006e-13
-9.837847724712521496e-14
-7.330895905848658625e-14
-5.467168852695989987e-14
-4.087070451902434280e-14
-3.077803008575866932e-14
-2.369157091663333331e-14
-1.898347490633470838e-14
-1.644004560253087580e-14
