# bin_3_2
-3.835104163809610962e-09
-3.937006184131814078e-09
-4.055837814062313241e-09
-4.194366584299879965e-09
-4.355796960842966419e-09
-4.543834623552226140e-09
-4.762757795330852394e-09
-5.017496323539287712e-09
-5.313719309471945430e-09
-5.657926698935164509e-09
-6.057544599390241298e-09
-6.521024104711716258e-09
-7.057943242100088004e-09
-7.679101254325723300e-09
-8.396568425559408189e-09
-9.223715475104663448e-09
-1.017520985057425527e-08
-1.126688921493150704e-08
-1.251553591551451553e-08
-1.393860906308874376e-08
-1.555362138312210083e-08
-1.737724441013983060e-08
-1.942443281452379742e-08
-2.170706702783632029e-08
-2.423205194509408183e-08
-2.699747830174556822e-08
-2.998866025380477584e-08
-3.317947973411540791e-08
-3.652657192502795843e-08
-3.996184743439167353e-08
-4.339118187214344679e-08
-4.669048729841265498e-08
-4.970283670257733365e-08
-5.223857313288669278e-08
-5.407905728561123042e-08
-5.498762921193896583e-08
-5.473229344343187996e-08
-5.312689658113073305e-08
-5.009808540927364801e-08
-4.577420609976138617e-08
-4.056384644877551460e-08
-3.514947320430358043e-08
-3.030192555125662719e-08
-2.651964749510964572e-08
-2.358030413642438480e-08
-2.057823439645538150e-08
-1.686205215505919044e-08
-1.316042326323856097e-08
-1.065138334129221459e-08
-8.894309656636938611e-09
-7.001020500500579968e-09
-5.530171572856068855e-09
-4.430662970242472152e-09
-3.495120499783062762e-09
-2.784047479878836714e-09
-2.219873526045511207e-09
-1.781061895979996972e-09
-1.439540316294828445e-09
-1.173148841895960240e-09
-9.643829373067367346e-10
-7.992583739860500574e-10
-6.667868709267877840e-10
-5.585346078320669359e-10
-4.680983762959889115e-10
-3.908674292236079599e-10
-3.237559128338069956e-10
-2.649370240586262767e-10
-2.135320900351187441e-10
-1.692269413484818912e-10
-1.318835790857269234e-10
-1.012472033294661611e-10
-7.680069713566375079e-11
-5.776576013536614231e-11
-4.322079073145356991e-11
-3.224315283543984975e-11
-2.401431512547424775e-11
-1.787127403438733344e-11
-1.330001240963313959e-11
-9.916652115033383368e-12
-7.428602756782229986e-12
-5.583671467964294757e-12
-4.198438086422979477e-12
-3.156045875589550069e-12
-2.371877458819414564e-12
-1.782148203137045522e-12
-1.338774111677010534e-12
-1.005523108403634111e-12
-7.551051854041475305e-13
-5.669737392479076512e-13
-4.256651433180063553e-13
-3.195454005084225010e-13
-2.398646858779672587e-13
-1.800445289891873493e-13
-1.351403665769463755e-13
-1.014370441312401983e-13
-7.614508184979319502e-14
-5.717295216725317477e-14
-4.295871716656173057e-14
-3.232126171383638503e-14
-2.436286468089607182e-14
