# bin_2_3
-6.935126485508180657e-10
-7.118317376417911102e-10
-7.331802845656936514e-10
-7.580479954375177930e-10
-7.869997168615987583e-10
-8.206855131999179474e-10
-8.598515245270520954e-10
-9.053513821286499690e-10
-9.581579126799155928e-10
-1.019374694162739875e-09
-1.090246925110277533e-09
-1.172170223677036864e-09
-1.266695448593331575e-09
-1.375527856797297377e-09
-1.500519620948635405e-09
-1.643650625584058167e-09
-1.806990004380222005e-09
-1.992638848327430774e-09
-2.202650245499718620e-09
-2.438906918060475019e-09
-2.702966870158934626e-09
-2.995861763755893410e-09
-3.317804063805503294e-09
-3.667892023519917935e-09
-4.043722235593535073e-09
-4.440855009914212900e-09
-4.852527433115502903e-09
-5.269089400332322566e-09
-5.677370473929981035e-09
-6.060512997330591298e-09
-6.398008195081919665e-09
-6.666275726706455139e-09
-6.840125282522206967e-09
-6.895293749028512802e-09
-6.812184969090541340e-09
-6.580583836362322896e-09
-6.204464923670160977e-09
-5.705463462552409678e-09
-5.123090656681937420e-09
-4.510179822158412267e-09
-3.922187279619081631e-09
-3.398714610095563559e-09
-2.947230852049949835e-09
-2.541962740646767540e-09
-2.149612242997210403e-09
-1.761394842094153208e-09
-1.408528951507897287e-09
-1.135515045001712653e-09
-9.299753358768632824e-10
-7.424037199377896770e-10
-5.906321513344714770e-10
-4.749862795988577319e-10
-3.796210254376818839e-10
-3.057852193130010573e-10
-2.474575664612131054e-10
-2.016156467894938806e-10
-1.655390643827476949e-10
-1.369256999229015309e-10
-1.139782124982898710e-10
-9.529709154381136372e-11
-7.981362820112402297e-11
-6.674357468853290422e-11
-5.553227084543816850e-11
-4.581324356354188489e-11
-3.736302199804667156e-11
-3.005507682825048517e-11
-2.381680545634706748e-11
-1.859168486146706809e-11
-1.431226982114969019e-11
-1.088823230925097437e-11
-8.207818995857945878e-12
-6.147493070759498827e-12
-4.585301408264677207e-12
-3.411620941136644727e-12
-2.534874283002995980e-12
-1.882611470583466863e-12
-1.398978693480150718e-12
-1.041268763328241404e-12
-7.772248702362032196e-13
-5.814206042922401011e-13
-4.351440661970342445e-13
-3.256398016668323456e-13
-2.436520812605352605e-13
-1.822742341567527682e-13
-1.363356599945991190e-13
-1.019601922207733948e-13
-7.624249406537692106e-14
-5.700557379572500183e-14
-4.261869382064613153e-14
-3.186065307391216335e-14
-2.381719233815370611e-14
-1.780404851778441209e-14
-1.330933281460787928e-14
-9.950149023429594435e-15
-7.440626890663195504e-15
-5.568859656894938158e-15
-4.178210813730474664e-15
-3.154075100192563178e-15
-2.409247739204085361e-15
-1.891062850159233039e-15
