# bin_6_4
-6.334750609086827032e-10
-6.495531734465054626e-10
-6.682755790409055342e-10
-6.900668494298767283e-10
-7.154167796143140361e-10
-7.448896579498601843e-10
-7.791348834563724332e-10
-8.188984560621210810e-10
-8.650372471283318631e-10
-9.185333279187594791e-10
-9.805083298101462952e-10
-1.052241913450577418e-09
-1.135190917351446725e-09
-1.231011561427724897e-09
-1.341583067344224209e-09
-1.469035469268012789e-09
-1.615767421729642911e-09
-1.784454132630763533e-09
-1.978016320847041948e-09
-2.199622465364170421e-09
-2.452767074622982551e-09
-2.741216495351281242e-09
-3.068833517405353626e-09
-3.439438774055223139e-09
-3.856778275007884956e-09
-4.324264134079384820e-09
-4.844528257859238090e-09
-5.419199740248415305e-09
-6.047608146427570504e-09
-6.726276562508323091e-09
-7.449594822608804488e-09
-8.207134733459515560e-09
-8.982907503290207234e-09
-9.754577080439315474e-09
-1.049216244360600661e-08
-1.115710692063952237e-08
-1.170212377027632770e-08
-1.207218001654333429e-08
-1.220812633468768640e-08
-1.205436736065621586e-08
-1.157285128741208228e-08
-1.076391054125549332e-08
-9.688474808590690480e-09
-8.477589037751328269e-09
-7.309761670157408738e-09
-6.345287098288725048e-09
-5.628878808084562766e-09
-5.010876394078239285e-09
-4.252825370674997100e-09
-3.345904057621034852e-09
-2.615363946910127590e-09
-2.190515813040738419e-09
-1.770877830272861490e-09
-1.356269595462361151e-09
-1.091207494406854949e-09
-8.454271300477741065e-10
-6.654864158862916621e-10
-5.199252630776047349e-10
-4.081793494996177477e-10
-3.219250100100956313e-10
-2.554911306532150503e-10
-2.043584036162782700e-10
-1.649070966155019463e-10
-1.342889308716088696e-10
-1.102950184031643178e-10
-9.121879318138441415e-11
-7.576141767141022716e-11
-6.296298067937713360e-11
-5.213964762385565997e-11
-4.284038318364032466e-11
-3.479738042751684034e-11
-2.786918678848011621e-11
-2.198464106244704239e-11
-1.709300405536841821e-11
-1.312615701280994572e-11
-9.985939480861127431e-12
-7.550323253556511451e-12
-5.688574698928250748e-12
-4.278904795234238298e-12
-3.217882693096551304e-12
-2.423063459298870358e-12
-1.833098949704430893e-12
-1.394894045432420377e-12
-1.063218711265352410e-12
-8.102744322895483024e-13
-6.173270801714541104e-13
-4.701973299659435942e-13
-3.580454396185870772e-13
-2.725844641412917683e-13
-2.074823034545032441e-13
-1.579030859860023268e-13
-1.201552821254133528e-13
-9.142223987896289160e-14
-6.955574545924530769e-14
-5.291796645801128180e-14
-4.026050818349622862e-14
-3.063234347404659185e-14
-2.330934048605080546e-14
-1.773992429247656389e-14
-1.350432292259388704e-14
