# bin_3_3
-1.720140628777806866e-09
-1.765936438465440446e-09
-1.819348946691943642e-09
-1.881626644053904410e-09
-1.954216484016200447e-09
-2.038793453808917751e-09
-2.137293514599479781e-09
-2.251950620689721119e-09
-2.385338529473640804e-09
-2.540415874443665338e-09
-2.720573698838799085e-09
-2.929682655044171546e-09
-3.172143368025997251e-09
-3.452942872513091369e-09
-3.777695302033872150e-09
-4.152658885723188195e-09
-4.584748338866236020e-09
-5.081527125239876424e-09
-5.651121698662144906e-09
-6.302119266783528457e-09
-7.043393554024868446e-09
-7.883680019959463084e-09
-8.831207204625932804e-09
-9.893206754128630698e-09
-1.107509429049121825e-08
-1.237927336767211473e-08
-1.380256304540493569e-08
-1.533578516280713748e-08
-1.696417271994193096e-08
-1.866149405512661097e-08
-2.038929620316828365e-08
-2.209516950078907050e-08
-2.371029863147492817e-08
-2.514803302902329131e-08
-2.630382989528786856e-08
-2.705758876945401109e-08
-2.728162021948997706e-08
-2.685760223173170736e-08
-2.570742704911672114e-08
-2.383919042308903659e-08
-2.139696511133097158e-08
-1.868162447035535815e-08
-1.609392640467812136e-08
-1.397889132538159445e-08
-1.240436365607471256e-08
-1.101358928197032965e-08
-9.305184795888039470e-09
-7.321501524251017391e-09
-5.765069003430375405e-09
-4.836047190976209357e-09
-3.908243772354897779e-09
-3.022253604301175705e-09
-2.443189763981283033e-09
-1.914318960843605919e-09
-1.523540726993822208e-09
-1.206856462163105691e-09
-9.628668814231040286e-10
-7.730325579438824210e-10
-6.254374844308240803e-10
-5.104760978773625003e-10
-4.203659474574140100e-10
-3.489506092323280508e-10
-2.914486041911110924e-10
-2.441815859290596480e-10
-2.044112457642336508e-10
-1.702181546663011327e-10
-1.403689697058292569e-10
-1.141935478953439860e-10
-9.140995887232507940e-11
-7.192961334373103282e-11
-5.568637235883122425e-11
-4.251948045858100481e-11
-3.213028086308559862e-11
-2.411453564258281753e-11
-1.802742693658153498e-11
-1.344785409557586149e-11
-1.002036499563988453e-11
-7.464182039259678293e-12
-5.565449388204567575e-12
-4.166367666818729376e-12
-3.134308860261141110e-12
-2.360784065843489367e-12
-1.777779071868096085e-12
-1.338401213804460721e-12
-1.007372468293134768e-12
-7.580513105820968673e-13
-5.703238134164428285e-13
-4.290109958900724262e-13
-3.226629042328074617e-13
-2.426459836441989901e-13
-1.824527720393939474e-13
-1.371800958149737576e-13
-1.031348535086584853e-13
-7.753622652388717319e-14
-5.829100364393853569e-14
-4.382423602337727197e-14
-3.295159596056204523e-14
-2.478345640129026293e-14
-1.864860751746325641e-14
-1.403997520216070963e-14
