# bin_5_2
-1.608580723335032733e-10
-1.648815955549555506e-10
-1.695605369477278983e-10
-1.749977499479175776e-10
-1.813110180068902835e-10
-1.886349037404676749e-10
-1.971227294999115715e-10
-2.069487514258276191e-10
-2.183104718863524484e-10
-2.314311189572506360e-10
-2.465623241668371566e-10
-2.639871378952428745e-10
-2.840232362901983775e-10
-3.070259786205707640e-10
-3.333907214157214542e-10
-3.635556985811426872e-10
-3.980008177906717251e-10
-4.372460141865865640e-10
-4.818422093343392069e-10
-5.323662441677714302e-10
-5.894084412390664238e-10
-6.535598451126206378e-10
-7.253863980591976106e-10
-8.053858049772169374e-10
-8.939459248142586026e-10
-9.912750845074855357e-10
-1.097315667323301685e-09
-1.211614611629247378e-09
-1.333181230000027339e-09
-1.460554878009686722e-09
-1.591571010268107297e-09
-1.723149109857825805e-09
-1.851208846674383943e-09
-1.970451412594460913e-09
-2.074198787876091271e-09
-2.154453815713327758e-09
-2.202340287660429566e-09
-2.209052315709315658e-09
-2.167157100773238610e-09
-2.072230154557471148e-09
-1.925172311599722258e-09
-1.735265163852397344e-09
-1.522397146966764011e-09
-1.314527281798719845e-09
-1.137444857001445352e-09
-1.000053242465647184e-09
-8.829225288048989504e-10
-7.535414583387917413e-10
-6.041720646484540194e-10
-4.725678720974711011e-10
-3.877156975740032944e-10
-3.192089351234727212e-10
-2.470031041915408136e-10
-1.967470035836830689e-10
-1.554263300536079092e-10
-1.223688321821726077e-10
-9.653194737322063005e-11
-7.655414420128247042e-11
-6.095637046705833079e-11
-4.886758934129683960e-11
-3.948167034799672237e-11
-3.216074216108254542e-11
-2.640347338797635053e-11
-2.182027664164645979e-11
-1.811417166155489758e-11
-1.506020063306316228e-11
-1.249452152443295197e-11
-1.030322487570782970e-11
-8.413191802575760304e-12
-6.781917019416407822e-12
-5.386704248265252095e-12
-4.213922519692866670e-12
-3.250314689156695739e-12
-2.477948911653685723e-12
-1.873044848247815617e-12
-1.408110124376185877e-12
-1.055408547126802293e-12
-7.899421006548391324e-13
-5.911105178492395809e-13
-4.428042044844829935e-13
-3.328218320418721945e-13
-2.514852592921288230e-13
-1.904822428274541768e-13
-1.442650116963721224e-13
-1.092317590849263393e-13
-8.268522783670291478e-14
-6.257617092950257899e-14
-4.734820770433352762e-14
-3.581984248748663929e-14
-2.709457296819631358e-14
-2.049242739384512859e-14
-1.549791147637202944e-14
-1.172044523199048839e-14
-8.864188777919121799e-15
-6.705052990097215880e-15
-5.073103694025518215e-15
-3.839605441163136868e-15
-2.907593532185325490e-15
-2.203998086192108721e-15
-1.674114236839459674e-15
