# bin_2_1
-1.345718249773008035e-08
-1.381128736862247612e-08
-1.422383159786133091e-08
-1.470421633660517068e-08
-1.526326754134051501e-08
-1.591341980350336444e-08
-1.666891121467742336e-08
-1.754598399629624118e-08
-1.856308426648042566e-08
-1.974104951744796761e-08
-2.110326793799347571e-08
-2.267578175954208070e-08
-2.448729703908080470e-08
-2.656906770730225908e-08
-2.895461029491245548e-08
-3.167914653446565551e-08
-3.477865719111388970e-08
-3.828853405389044960e-08
-4.224167553605701743e-08
-4.666577535639289130e-08
-5.158008142235995468e-08
-5.699098315104463747e-08
-6.288539596881974193e-08
-6.922480345395832115e-08
-7.593937622238682278e-08
-8.291853204495886698e-08
-9.000208724367370914e-08
-9.697150006579507336e-08
-1.035435227053685567e-07
-1.093689177897192783e-07
-1.140394853472845593e-07
-1.171096979142176887e-07
-1.181393260747337447e-07
-1.167611514905827037e-07
-1.127717447431244477e-07
-1.062316243773610731e-07
-9.754116148459502826e-08
-8.744439712743315176e-08
-7.691193943463176721e-08
-6.690099958036353084e-08
-5.806144604329710435e-08
-5.045465268315652911e-08
-4.353262219804876576e-08
-3.663891966184205637e-08
-2.987881338715302728e-08
-2.408294467567842687e-08
-1.953319999307791226e-08
-1.581108170224898464e-08
-1.272586452787287223e-08
-1.016836337955741121e-08
-8.157933579292123644e-09
-6.565052730874349089e-09
-5.299272970588237745e-09
-4.307095264627645935e-09
-3.525813060340863171e-09
-2.908750395563939598e-09
-2.417823361460272297e-09
-2.022315683614314288e-09
-1.698315674066395003e-09
-1.427683780531878231e-09
-1.197160529050233612e-09
-9.976154623275846603e-10
-8.232435415530422438e-10
-6.707569281302925815e-10
-5.385065708762791142e-10
-4.256252491591843419e-10
-3.313110638963616214e-10
-2.543736606875261483e-10
-1.930868269620371526e-10
-1.452962614997500965e-10
-1.086704163674096712e-10
-8.095613253033930236e-11
-6.016251570254625938e-11
-4.464563592817775251e-11
-3.310992112501149792e-11
-2.456406777091628392e-11
-1.825454733580431860e-11
-1.359684048020038225e-11
-1.014580322842354232e-11
-7.575306900826542241e-12
-5.655429604422770387e-12
-4.221336978145235266e-12
-3.150361051416509760e-12
-2.350736511754962445e-12
-1.753833409913301778e-12
-1.308341054656657139e-12
-9.759093022876784786e-13
-7.278831693174028205e-13
-5.428576405472706924e-13
-4.048473271105282677e-13
-3.019171773767921408e-13
-2.251588959438408217e-13
-1.679277070084999699e-13
-1.252673154135636898e-13
-9.349470074571198121e-14
-6.990680650023339506e-14
-5.253276988004185804e-14
-4.000762601958803116e-14
-3.120716704433494130e-14
-2.565956146445038534e-14
