# d_z
1.000000000000000000e+00
9.858833433493179310e-01
9.720019138182065532e-01
9.583507225771921156e-01
9.449260664178521507e-01
9.317243738420316612e-01
9.187431206181171373e-01
9.059795235828255189e-01
8.934315969378073818e-01
8.810973778447235283e-01
8.689748330822798517e-01
8.570622639793863407e-01
8.453578214431006765e-01
8.338598120135678471e-01
8.225663440124370007e-01
8.114756123328678017e-01
8.005856652833104325e-01
7.898944816651670697e-01
7.794000267597060994e-01
7.690999745776845309e-01
7.589921224087605722e-01
7.490740864427405388e-01
7.393433542244606249e-01
7.297974310171826406e-01
7.204336968951176035e-01
7.112494050993780625e-01
7.022417733202765966e-01
6.934079884865659293e-01
6.847452119412738014e-01
6.762504887779698937e-01
6.679209101830996254e-01
6.597534264772553225e-01
6.517450787455816297e-01
6.438928435342062828e-01
6.361937385665266120e-01
6.286446256165767466e-01
6.212426275005157317e-01
6.139846564772627469e-01
6.068678019925283218e-01
5.998889867214983740e-01
5.930454027254145055e-01
5.863340345910706963e-01
5.797520282927681734e-01
5.732965747241873800e-01
5.669648038678744006e-01
5.607540197915760194e-01
5.546615014394695731e-01
5.486844676078694860e-01
5.428204392090386632e-01
5.370666959102567972e-01
5.314208195839182913e-01
5.258802415030585653e-01
5.204425937064921515e-01
5.151054298066641834e-01
5.098665022230320920e-01
5.047234333008991936e-01
4.996741038155174675e-01
4.947161881541797257e-01
4.898476130396055006e-01
4.850663506972464623e-01
4.803703119993110726e-01
4.757575751404400921e-01
4.712261212182373704e-01
4.667741582958733759e-01
4.623997134397229147e-01
4.581011008185807420e-01
4.538765560531954346e-01
4.497243318686143798e-01
4.456427991259074850e-01
4.416303076627243751e-01
4.376853118477571081e-01
4.338062028368384060e-01
4.299916360739460819e-01
4.262399855760282130e-01
4.225498983690466615e-01
4.189199721545694421e-01
4.153488987931859833e-01
4.118353518356118736e-01
4.083779876118885932e-01
4.049756606239283685e-01
4.016270690971630586e-01
3.983311040508803469e-01
3.950865569916784392e-01
3.918923248999009457e-01
3.887473323768641520e-01
3.856505060534570761e-01
3.826008469096617293e-01
3.795972488435448433e-01
3.766388124664409864e-01
3.737245642981117388e-01
3.708535719666142816e-01
3.680249027381498617e-01
3.652377433777153071e-01
3.624911215083587157e-01
3.597842773743010203e-01
3.571163539802030273e-01
3.544865932037790102e-01
3.518942170890785870e-01
3.493384279409401105e-01
3.468184553466840958e-01
3.443336524938462317e-01
3.418833269157442456e-01
3.394667395304857282e-01
3.370832484852098743e-01
3.347321837003018885e-01
3.324128954593673080e-01
3.301248543283928916e-01
3.278673912781567834e-01
3.256398599463088406e-01
3.234418056975522648e-01
3.212725675810042536e-01
3.191316626629213116e-01
3.170185359618484799e-01
3.149326618101490061e-01
3.128735106409282762e-01
3.108406191014538300e-01
3.088334873015027848e-01
3.068516487181600083e-01
3.048946005395315462e-01
3.029619639915224205e-01
3.010532364936099881e-01
2.991680237134136666e-01
2.973058883137760233e-01
2.954663856331375404e-01
2.936491838380504427e-01
2.918538540524399094e-01
2.900799985068744924e-01
2.883272518062381939e-01
2.865952538202388156e-01
2.848836405921127968e-01
2.831920732100393079e-01
2.815202002857245533e-01
2.798676772036415294e-01
2.782341568210286997e-01
2.766193876551764630e-01
2.750229901379389053e-01
2.734446811590561244e-01
2.718841274943604724e-01
2.703411150710679500e-01
2.688152903110681002e-01
2.673063794952532657e-01
2.658141198268639260e-01
2.643382599101263275e-01
2.628784674007035860e-01
2.614345654724578583e-01
2.600062452938232127e-01
2.585932827253307198e-01
2.571954353815109617e-01
2.558124528707649281e-01
2.544441086924015272e-01
