# da
0.000000000000000000e+00
1.159239334133448978e+02
2.239376171330877128e+02
3.247058534447376132e+02
4.188204389801576895e+02
5.068100359907422785e+02
5.891484985428675145e+02
6.662619252083684387e+02
7.385346568616334935e+02
8.063143965808685607e+02
8.699165957452941029e+02
9.296282242422572608e+02
9.857110217518010131e+02
1.038404310222462527e+03
1.087927434018833083e+03
1.134481883136917986e+03
1.178253145826837681e+03
1.219412329528202235e+03
1.258117582893665485e+03
1.294515346600320527e+03
1.328741456428623678e+03
1.360922118566705876e+03
1.391174774148315237e+03
1.419608867553954497e+03
1.446326530915422836e+03
1.471423195497664665e+03
1.494988139134710309e+03
1.517104977624370804e+03
1.537852106903041658e+03
1.557303101897495708e+03
1.575527077160140379e+03
1.592589013717291664e+03
1.608550055979254921e+03
1.623467782062113884e+03
1.637396450799167042e+03
1.650387225857665726e+03
1.662488386208037355e+03
1.673745507682741390e+03
1.684201648485797023e+03
1.693897501080236225e+03
1.702871545640030490e+03
1.711160186779088008e+03
1.718797874483330133e+03
1.725817232051842439e+03
1.732249159621898798e+03
1.738122934829885935e+03
1.743466311841117886e+03
1.748305608581533534e+03
1.752665783348012837e+03
1.756570521698475432e+03
1.760042301978497107e+03
1.763102464394817389e+03
1.765771274742967535e+03
1.768067981453717039e+03
1.770010874434399966e+03
1.771617335067578551e+03
1.772903885769119597e+03
1.773886237672199968e+03
1.774579327552258519e+03
1.774997368221267379e+03
1.775153880541460467e+03
1.775061731201180919e+03
1.774733166814956803e+03
1.774179846732859914e+03
1.773412870748868727e+03
1.772442811649888881e+03
1.771279739620470536e+03
1.769933248412194871e+03
1.768412479449186549e+03
1.766726144608204550e+03
1.764882547753150675e+03
1.762889606610236342e+03
1.760754865986949881e+03
1.758485525054053596e+03
1.756088448561341238e+03
1.753570184674282245e+03
1.750936980437548527e+03
1.748194796422190620e+03
1.745349320603160322e+03
1.742405981510903530e+03
1.739369960698104023e+03
1.736246205042033125e+03
1.733039436027638203e+03
1.729754163271336211e+03
1.726394692685149721e+03
1.722965136533638770e+03
1.719469421292087191e+03
1.715911301818176298e+03
1.712294359607891693e+03
1.708622019463531160e+03
1.704897552937718274e+03
1.701124086062603737e+03
1.697304606030732884e+03
1.693441967546427577e+03
1.689538899091479607e+03
1.685598007763817805e+03
1.681621786099304472e+03
1.677612616365261829e+03
1.673572775734106926e+03
1.669504440992388709e+03
1.665409693023884529e+03
1.661290521078418806e+03
1.657148826837426441e+03
1.652986428937941582e+03
1.648805064056875381e+03
1.644606394335788082e+03
1.640392008125867733e+03
1.636163423834124387e+03
1.631922092969271489e+03
1.627669403046341813e+03
1.623406680357106097e+03
1.619135192612956871e+03
1.614856151466560505e+03
1.610570715179185981e+03
1.606279989873639579e+03
1.601985033293171455e+03
1.597686855850516622e+03
1.593386422888265997e+03
1.589084656588306643e+03
1.584782437795855230e+03
1.580480607762169711e+03
1.576179969809851627e+03
1.571881290924422046e+03
1.567585303275679053e+03
1.563292705672158036e+03
1.559004164951863231e+03
1.554720317899978909e+03
1.550441770169135452e+03
1.546169101025391228e+03
1.541902862158901598e+03
1.537643579386618512e+03
1.533391753718517066e+03
1.529147862378143145e+03
1.524912359779594453e+03
1.520685678462919896e+03
1.516468229989826114e+03
1.512260405801504930e+03
1.508062578040277685e+03
1.503875100336700825e+03
1.499698308563674573e+03
1.495532521559032602e+03
1.491378041818027896e+03
1.487235156340543654e+03
1.483104136532920620e+03
1.478985239919963760e+03
1.474878709994667815e+03
1.470784776962836759e+03
1.466703658280867330e+03
1.462635559171559180e+03
1.458580673118900904e+03
