# f_ap
0.000000000000000000e+00
2.708910188812016506e-02
5.465622151605960960e-02
8.269116164971747340e-02
1.111874653570020521e-01
1.401418661390380904e-01
1.695537997492069793e-01
1.994249712329469459e-01
2.297589714585596132e-01
2.605609380599982483e-01
2.918372562814386950e-01
3.235952957075700631e-01
3.558431792913146485e-01
3.885895814607279730e-01
4.218435524073624321e-01
4.556143659370696097e-01
4.899113885078333341e-01
5.247439672936912158e-01
5.601213353041649690e-01
5.960525317590149585e-01
6.325463360720596784e-01
6.696112139379498673e-01
7.072552741443722812e-01
7.454862348508457526e-01
7.843113981853778727e-01
8.237376321127095613e-01
8.637713586234656571e-01
9.044185473827131005e-01
9.456847140597044454e-01
9.875749226381597135e-01
1.030093791078631194e+00
1.073245499771478650e+00
1.117033802280942512e+00
1.161462037937947445e+00
1.206533127042857645e+00
1.252249660502794626e+00
1.298613806816173888e+00
1.345627396029724254e+00
1.393291926911890632e+00
1.441608577039268813e+00
1.490578223804602587e+00
1.540201461014846229e+00
1.590478609932345355e+00
1.641409744454360276e+00
1.692994701757378762e+00
1.745233096358186353e+00
1.798124338996604177e+00
1.851667649951097117e+00
1.905862066453349879e+00
1.960706466025015526e+00
2.016199572152333364e+00
2.072339967812591333e+00
2.129126107376870802e+00
2.186556324638674553e+00
2.244628846768434549e+00
2.303341801233969921e+00
2.362693225378413420e+00
2.422681077021181739e+00
2.483303233643466612e+00
2.544557512745996508e+00
2.606441670206674832e+00
2.668953408884045864e+00
2.732090384666265415e+00
2.795850213146773289e+00
2.860230470772631151e+00
2.925228705850587918e+00
2.990842439042273870e+00
3.057069168586940222e+00
3.123906374211907089e+00
3.191351520753741955e+00
3.259402061507570725e+00
3.328055444175186395e+00
3.397309102375066114e+00
3.467160475182836876e+00
3.537606998348718168e+00
3.608646109304555427e+00
3.680275249204133292e+00
3.752491864792077969e+00
3.825293410112885262e+00
3.898677348070831883e+00
3.972641151851022734e+00
4.047182307334526108e+00
4.122298309800603633e+00
4.197986671653519686e+00
4.274244918957617045e+00
4.351070593395625075e+00
4.428461249866445293e+00
4.506414471411964939e+00
4.584927844310395351e+00
4.663998981416518141e+00
4.743625512477035677e+00
4.823805086345870130e+00
4.904535371339566296e+00
4.985814055540727097e+00
5.067638847732295559e+00
5.150007474906325378e+00
5.232917686469506613e+00
5.316367251698904006e+00
5.400353960506984130e+00
5.484875623508769671e+00
5.569930072060056858e+00
5.655515158269094123e+00
5.741628754983979732e+00
5.828268758054209187e+00
5.915433077129344852e+00
6.003119649247148359e+00
6.091326429674301046e+00
6.180051394058821757e+00
6.269292538311097118e+00
6.359047878472463111e+00
6.449315450572703945e+00
6.540093310477505639e+00
6.631379533726964759e+00
6.723172216455307826e+00
6.815469470874597313e+00
6.908269431576783859e+00
7.001570251038960357e+00
7.095370100503024524e+00
7.189667169778731548e+00
7.284459667043298836e+00
7.379745818638097532e+00
7.475523868862951282e+00
7.571792079768527195e+00
7.668548730947202685e+00
7.765792119322891374e+00
7.863520558940114036e+00
7.961732383762463172e+00
8.060425935463124247e+00
8.159599581149459269e+00
8.259251701235807985e+00
8.359380692202334373e+00
8.459984966385869498e+00
8.561062951771763352e+00
8.662613091787024544e+00
8.764633845094881082e+00
8.867123685390799537e+00
8.970081101200319651e+00
9.073504595678510753e+00
9.177392686411437239e+00
9.281743905219537183e+00
9.386556797963041987e+00
9.491829924349554304e+00
9.597561858928006728e+00
9.703751186177852261e+00
9.810396507386245801e+00
9.917496435770033258e+00
1.002504959746479329e+01
1.013305463134604167e+01
1.024151018885288345e+01
1.035041493381401878e+01
