# f_z
5.301765427656929264e-01
5.435487370608321767e-01
5.568208895935465863e-01
5.699688321095449650e-01
5.829701611799581462e-01
5.958043029778836708e-01
6.084524483794456762e-01
6.208975584257935276e-01
6.331243192823585719e-01
6.451191383325596274e-01
6.568700923735133479e-01
6.683668572768080018e-01
6.796007106139255738e-01
6.905643952660710516e-01
7.012520977695635427e-01
7.116593698706741300e-01
7.217830359647678939e-01
7.316211285548102072e-01
7.411727585364022985e-01
7.504381192972576775e-01
7.594182890613380144e-01
7.681152461401611342e-01
7.765317168592089647e-01
7.846711439439950642e-01
7.925375513851339315e-01
8.001355211078757801e-01
8.074701042569052412e-01
8.145467587562837952e-01
8.213712554479504213e-01
8.279496482179491412e-01
8.342882477386388551e-01
8.403934785819885400e-01
8.462719549590851376e-01
8.519303289738018314e-01
8.573753027599948506e-01
8.626136408517312004e-01
8.676520327149020995e-01
8.724971640584409105e-01
8.771556291296220831e-01
8.816339512132329581e-01
8.859385474469863020e-01
8.900757055799890516e-01
8.940515917314308947e-01
8.978722383587154354e-01
9.015435279692375348e-01
9.050711614140717343e-01
9.084607046907421379e-01
9.117175460153530420e-01
9.148469160519125953e-01
9.178538827875076800e-01
9.207433152742776628e-01
9.235199737434909295e-01
9.261883762371426743e-01
9.287529237320087949e-01
9.312178666097016277e-01
9.335872664481189576e-01
9.358650281654536940e-01
9.380549352511220462e-01
9.401606009068150804e-01
9.421854916954350845e-01
9.441329528177593300e-01
9.460061668963833936e-01
9.478082142747888961e-01
9.495420336305114839e-01
9.512104334808310080e-01
9.528161063988426216e-01
9.543616831335284267e-01
9.558495902240766728e-01
9.572822262318855246e-01
9.586618546197015478e-01
9.599906377731199925e-01
9.612706851067517322e-01
9.625039592815243239e-01
9.636923865555686586e-01
9.648377729331284458e-01
9.659418832051543946e-01
9.670063625601204027e-01
9.680328130646842499e-01
9.690227881288321354e-01
9.699777230374534431e-01
9.708990081424180296e-01
9.717880140418935220e-01
9.726460049092585658e-01
9.734742070424087235e-01
9.742737944039242537e-01
9.750458934075624251e-01
9.757915548745583756e-01
9.765118613647342238e-01
9.772077397140875865e-01
9.778801758164084035e-01
9.785300272387392750e-01
9.791581947298243493e-01
9.797655033337657748e-01
9.803527299443882681e-01
9.809206536176633406e-01
9.814699917238337568e-01
9.820014469067138707e-01
9.825156700561683554e-01
9.830133184603075946e-01
9.834950041191471426e-01
9.839613104208991823e-01
9.844128176515459794e-01
9.848500417781755889e-01
9.852735155374127141e-01
9.856837372554534404e-01
9.860811900129228258e-01
9.864663302577876269e-01
9.868395965995306884e-01
9.872014041655035044e-01
9.875521558549688050e-01
9.878922652166725049e-01
9.882220717165439705e-01
9.885419832191272294e-01
9.888523023508785093e-01
9.891533699863565010e-01
9.894455138440455544e-01
9.897290274912813324e-01
9.900042121260186345e-01
9.902713611520145287e-01
9.905307309587955134e-01
9.907825951480881965e-01
9.910271867920684707e-01
9.912647739040308936e-01
9.914955725300561573e-01
9.917198159393658674e-01
9.919377090291148225e-01
9.921494594291160318e-01
9.923552956235300870e-01
9.925553718855959495e-01
9.927498872451527845e-01
9.929390306682301937e-01
9.931229702704763573e-01
9.933018628744243461e-01
9.934758796965302841e-01
9.936451600273218387e-01
9.938098706468103671e-01
9.939701495877441006e-01
9.941261305300477247e-01
9.942779507756013269e-01
9.944257286723175993e-01
9.945695984926939959e-01
9.947096860187694123e-01
9.948460975974980913e-01
9.949789250979037547e-01
9.951083117346695150e-01
9.952343568793947659e-01
9.953571262798845964e-01
9.954767600256797522e-01
9.955933339591238607e-01
9.957069320716592786e-01
