# fsigma_8
4.299122760876674665e-01
4.345585899876436842e-01
4.389205522162113460e-01
4.429888635446057599e-01
4.467566216450571392e-01
4.502191996420917275e-01
4.533740376257687221e-01
4.562204959918601532e-01
4.587596814888710295e-01
4.609942982367428166e-01
4.629284784117091434e-01
4.645676371086268630e-01
4.659183215856946281e-01
4.669880595896132025e-01
4.677852251957846930e-01
4.683188999214094039e-01
4.685987663673696346e-01
4.686349587477301459e-01
4.684379742971184757e-01
4.680185771472997192e-01
4.673876683185975711e-01
4.665562515896793383e-01
4.655353124556506073e-01
4.643357813988309712e-01
4.629684561662935627e-01
4.614439460090991041e-01
4.597726491629370305e-01
4.579646897647445258e-01
4.560299043019352960e-01
4.539777975489664996e-01
4.518175519963310016e-01
4.495579643169701489e-01
4.472074992968492757e-01
4.447742188816189435e-01
4.422658387380787870e-01
4.396896487681633547e-01
4.370526065617981182e-01
4.343612847998170046e-01
4.316218914635194248e-01
4.288402805756339475e-01
4.260219648870483544e-01
4.231721138643954050e-01
4.202955774808891376e-01
4.173968986414928195e-01
4.144803154100839548e-01
4.115497812065254113e-01
4.086089754505354277e-01
4.056613184859740873e-01
4.027099867054828586e-01
3.997579221380964665e-01
3.968078341472064952e-01
3.938622378698640181e-01
3.909234391308919476e-01
3.879935569030062981e-01
3.850745428675900750e-01
3.821681835618999101e-01
3.792760976839240628e-01
3.763997767959317842e-01
3.735405610568195978e-01
3.706996762614534480e-01
3.678782179036280131e-01
3.650771776722661621e-01
3.622974490385291735e-01
3.595398176470840368e-01
3.568049874860307891e-01
3.540935763077966980e-01
3.514061298090292995e-01
3.487431126527976710e-01
3.461049406883136559e-01
3.434919445392437543e-01
3.409044161027318665e-01
3.383425920805182008e-01
3.358066552976122776e-01
3.332967483424582600e-01
3.308129709710505573e-01
3.283553885267573857e-01
3.259240228131543016e-01
3.235188747066075621e-01
3.211399103988578640e-01
3.187870723386813099e-01
3.164602698577875795e-01
3.141594092019276419e-01
3.118843588431153280e-01
3.096349716315197065e-01
3.074110894736442612e-01
3.052125376085499386e-01
3.030391243210518448e-01
3.008906554450578863e-01
2.987669119122370875e-01
2.966676778851589646e-01
2.945927188652661122e-01
2.925418014896107310e-01
2.905146812746096097e-01
2.885111103051277159e-01
2.865308293770790771e-01
2.845735899297093252e-01
2.826391194932251216e-01
2.807271579607044099e-01
2.788374409655562380e-01
2.769696966009863037e-01
2.751236561142736958e-01
2.732990502187889748e-01
2.714956072040630719e-01
2.697130552040873375e-01
2.679511235415862336e-01
2.662095451212140307e-01
2.644880479789536998e-01
2.627863678023145688e-01
2.611042331375593162e-01
2.594413806961183844e-01
2.577975514119987266e-01
2.561724760021700797e-01
2.545659077317032892e-01
2.529775806866760846e-01
2.514072413636555536e-01
2.498546412616458046e-01
2.483195305520545793e-01
2.468016596442547672e-01
2.453007882899112257e-01
2.438166740299780588e-01
2.423490804499101869e-01
2.408977715151167376e-01
2.394625133439023945e-01
2.380430804737180550e-01
2.366392439426548422e-01
2.352507821026984802e-01
2.338774727085289884e-01
2.325191036295791713e-01
2.311754568900967477e-01
2.298463208114490119e-01
2.285314915126726576e-01
2.272307601636772978e-01
2.259439277189326800e-01
2.246707949672005489e-01
2.234111637823049112e-01
2.221648447233113555e-01
2.209316475533974755e-01
2.197113828578302619e-01
2.185038695069818626e-01
2.173089222561261913e-01
2.161263667455187720e-01
2.149560262977339153e-01
2.137977293897716791e-01
2.126512996488375273e-01
2.115165768656898371e-01
2.103933966416678403e-01
2.092815898613950565e-01
2.081810044428313022e-01
2.070914809020616976e-01
2.060128639452072918e-01
