# h
6.699999999889259072e+01
6.822397797120736129e+01
6.944162434358550229e+01
7.065616646755216834e+01
7.187055351005518844e+01
7.308747473273194828e+01
7.430937693751644701e+01
7.553848104910315442e+01
7.677679783051659967e+01
7.802614274479977041e+01
7.928814998627609612e+01
8.056428571089668367e+01
8.185586049826618193e+01
8.316404107906645038e+01
8.448986136148991477e+01
8.583423278946096957e+01
8.719795406421371808e+01
8.858172025943071048e+01
8.998613135878105140e+01
9.141170024340314626e+01
9.285886015570403629e+01
9.432797166480382600e+01
9.581932915803383821e+01
9.733316688208795142e+01
9.886966455670484777e+01
1.004289525831009939e+02
1.020111168687632386e+02
1.036162032896185963e+02
1.052442218100207896e+02
1.068951502804066678e+02
1.085689379318790344e+02
1.102655085863540734e+02
1.119847636002746469e+02
1.137265845592270921e+02
1.154908339106773951e+02
1.172773644787939986e+02
1.190860106779246479e+02
1.209165975426737845e+02
1.227689406316335976e+02
1.246428475522935457e+02
1.265381193384039875e+02
1.284545516914084260e+02
1.303919360968627927e+02
1.323500608260694094e+02
1.343287118324942924e+02
1.363276735518888358e+02
1.383467296144248451e+02
1.403856634765579656e+02
1.424442589797736787e+02
1.445223008428344542e+02
1.466195750936425100e+02
1.487358694463536040e+02
1.508709736289314662e+02
1.530246796659102415e+02
1.551967821207401244e+02
1.573870783017254098e+02
1.595953684352213884e+02
1.618214558094427105e+02
1.640651468919393494e+02
1.663262514235272249e+02
1.686045824912098112e+02
1.708999565823944806e+02
1.732121936224977503e+02
1.755411169978364967e+02
1.778865535655233998e+02
1.802483336519219677e+02
1.826262910410659686e+02
1.850202629543097714e+02
1.874300900223529709e+02
1.898556162506675093e+02
1.922966889792506038e+02
1.947531588375346132e+02
1.972248796951963925e+02
1.997117086095325078e+02
2.022135057699942422e+02
2.047301344404147585e+02
2.072614608993980596e+02
2.098073543792920646e+02
2.123676870041167888e+02
2.149423337267776617e+02
2.175311722658532005e+02
2.201340830422136605e+02
2.227509491156953061e+02
2.253816561220242249e+02
2.280260922101622043e+02
2.306841479802202173e+02
2.333557164220682409e+02
2.360406928547492953e+02
2.387389748667893059e+02
2.414504622574818313e+02
2.441750569792110923e+02
2.469126630808669063e+02
2.496631866523931649e+02
2.524265357705036763e+02
2.552026204455910374e+02
2.579913525698451622e+02
2.607926458665945120e+02
2.636064158408748881e+02
2.664325797312277473e+02
2.692710564627242320e+02
2.721217666012084919e+02
2.749846323087501787e+02
2.778595773002928127e+02
2.807465268014832986e+02
2.836454075076648564e+02
2.865561475440148342e+02
2.894786764268064871e+02
2.924129250257740296e+02
2.953588255275566894e+02
2.983163114002010730e+02
3.012853173586958064e+02
3.042657793315146932e+02
3.072576344281450815e+02
3.102608209075754644e+02
3.132752781477179838e+02
3.163009466157407132e+02
3.193377678392865846e+02
3.223856843785533783e+02
3.254446397992103357e+02
3.285145786461284843e+02
3.315954464179013712e+02
3.346871895421323870e+02
3.377897553514662832e+02
3.409030920603420327e+02
3.440271487424475367e+02
3.471618753088516769e+02
3.503072224867953537e+02
3.534631417991208195e+02
3.566295855443177629e+02
3.598065067771693180e+02
3.629938592899779337e+02
3.661915975943530839e+02
3.693996769035421153e+02
3.726180531152892286e+02
3.758466827952039466e+02
3.790855231606224152e+02
3.823345320649488031e+02
3.855936679824569069e+02
3.888628899935412733e+02
3.921421577704014680e+02
3.954314315631457362e+02
3.987306721863003531e+02
4.020398410057127307e+02
4.053588999258341801e+02
4.086878113773714176e+02
4.120265383052932862e+02
4.153750441571841066e+02
4.187332928719278016e+02
4.221012488687190967e+02
4.254788770363836079e+02
