# rs_dv
inf
1.241761336259642912e+00
6.282718992251201673e-01
4.237415880083682529e-01
3.214582715168319837e-01
2.600789424326235277e-01
2.191554883687288069e-01
1.899240845326575777e-01
1.680025394320631416e-01
1.509560748543926079e-01
1.373236363291809869e-01
1.261753057372733133e-01
1.168910065994712838e-01
1.090413445399673747e-01
1.023195154094026643e-01
9.650044955034589589e-02
9.141527643883488874e-02
8.693480134915186619e-02
8.295848939685068757e-02
7.940692795160959883e-02
7.621655001224267312e-02
7.333586490857257889e-02
7.072271674255764529e-02
6.834225779299195336e-02
6.616542836576139175e-02
6.416780129669746868e-02
6.232869294210083982e-02
6.063047157743471638e-02
5.905801386127801367e-02
5.759827363309875936e-02
5.623993684145850436e-02
5.497314316110687299e-02
5.378925971751120916e-02
5.268069587197243137e-02
5.164075033926896624e-02
5.066348580399136076e-02
4.974362171831176599e-02
4.887644713792495266e-02
4.805774571332508543e-02
4.728373277864610091e-02
4.655100158989978337e-02
4.585647749454983130e-02
4.519737871820581759e-02
4.457118232094735288e-02
4.397559503859562596e-02
4.340852791475032640e-02
4.286807413637281489e-02
4.235248976728977349e-02
4.186017695190732968e-02
4.138966892055066099e-02
4.093961703087656973e-02
4.050877920366654367e-02
4.009600970011777121e-02
3.970025008984843368e-02
3.932052113702348695e-02
3.895591564386330363e-02
3.860559201835557508e-02
3.826876849941711345e-02
3.794471808925006101e-02
3.763276377630314640e-02
3.733227445095625013e-02
3.704266111424371621e-02
3.676337347265049710e-02
3.649389684676723061e-02
3.623374941273199007e-02
3.598247961060906108e-02
3.573966387276415052e-02
3.550490451322375202e-02
3.527782781101850701e-02
3.505808225984721749e-02
3.484533696753015775e-02
3.463928017076702004e-02
3.443961797099364536e-02
3.424607298248247278e-02
3.405838327869194215e-02
3.387630133019929601e-02
3.369959304488245183e-02
3.352803688305602131e-02
3.336142304086151672e-02
3.319955269588699409e-02
3.304223730958881500e-02
3.288929797553525464e-02
3.274056484557841262e-02
3.259587653862208029e-02
3.245507965017643826e-02
3.231802826804284351e-02
3.218458354308022934e-02
3.205461320635662192e-02
3.192799130799860163e-02
3.180459774729517408e-02
3.168431798719417714e-02
3.156704273303884839e-02
3.145266764065544896e-02
3.134109304349801117e-02
3.123222369463808656e-02
3.112596853903252733e-02
3.102224047302428594e-02
3.092095614578888388e-02
3.082203575985395169e-02
3.072540288651478407e-02
3.063098429250141544e-02
3.053870977711248616e-02
3.044851201909259952e-02
3.036032642461167566e-02
3.027409102358466497e-02
3.018974629410887955e-02
3.010723507405662150e-02
3.002650243964542082e-02
2.994749559841938108e-02
2.987016378824296561e-02
2.979445818192006865e-02
2.972033179707975550e-02
2.964773941099578883e-02
2.957663747683609082e-02
2.950698406022238957e-02
2.943873874790729067e-02
2.937186259222864665e-02
2.930631804317149550e-02
2.924206888699934850e-02
2.917908018805670523e-02
2.911731823355511589e-02
2.905675048116729622e-02
2.899734550926568247e-02
2.893907296965239281e-02
2.888190354263763318e-02
2.882580889433255036e-02
2.877076162878085611e-02
2.871673527832127940e-02
2.866370422328497550e-02
2.861164368598934082e-02
2.856052969012124257e-02
2.851033902894796121e-02
2.846104923501534961e-02
2.841263855125328308e-02
2.836508590341333194e-02
2.831837087376824769e-02
2.827247367600671871e-02
2.822737513126129943e-02
2.818305664521048373e-02
2.813950018619987975e-02
2.809668826433024333e-02
2.805460391146324256e-02
2.801323065979447954e-02
2.797255253277739287e-02
2.793255401378513109e-02
2.789322003857149998e-02
2.785453597691601307e-02
2.781648761725099769e-02
2.777906115193233896e-02
2.774224316312280669e-02
