# sigma_8
8.108851324221327816e-01
7.994841315195795328e-01
7.882616482592866847e-01
7.772159433789278538e-01
7.663456063356680614e-01
7.556494597166477645e-01
7.451264907114544256e-01
7.347757932058051056e-01
7.245965247534189579e-01
7.145878502818494571e-01
7.047489051282244121e-01
6.950788059741022096e-01
6.855765662234249991e-01
6.762411482417726161e-01
6.670714093884996254e-01
6.580660913753083596e-01
6.492238567799245574e-01
6.405432271665482125e-01
6.320226545051997880e-01
6.236604526240915325e-01
6.154548488637291426e-01
6.074039721697502836e-01
5.995058570673368337e-01
5.917584519101066753e-01
5.841596468926352204e-01
5.767072375066902845e-01
5.693989743261819170e-01
5.622325358755367875e-01
5.552055800312012401e-01
5.483157079975732318e-01
5.415604897000465545e-01
5.349374736647380946e-01
5.284441918183032660e-01
5.220781603319306630e-01
5.158369238236412135e-01
5.097179408547500845e-01
5.037187606121903416e-01
4.978369015887402771e-01
4.920699099791518427e-01
4.864153427683891029e-01
4.808707851291921243e-01
4.754338436736108564e-01
4.701021522336756298e-01
4.648733759766114360e-01
4.597452064724121268e-01
4.547153845489069202e-01
4.497816728238498429e-01
4.449418794876882632e-01
4.401938506208302737e-01
4.355354698985834383e-01
4.309646647057138735e-01
4.264793930480380024e-01
4.220776778900098281e-01
4.177575617678073172e-01
4.135171335033943629e-01
4.093545373812547128e-01
4.052679459851244448e-01
4.012555796587410351e-01
3.973156934001783602e-01
3.934465978608843728e-01
3.896466242447079176e-01
3.859141625577302004e-01
3.822476357368768118e-01
3.786454995282380609e-01
3.751062592746688962e-01
3.716284537276445255e-01
3.682106438465035381e-01
3.648514538475064461e-01
3.615495317934332431e-01
3.583035487267886010e-01
3.551122299416629713e-01
3.519743162072442866e-01
3.488885963111053035e-01
3.458538772250014381e-01
3.428690089167754085e-01
3.399328616305776762e-01
3.370443416217864252e-01
3.342023848162571920e-01
3.314059424948860300e-01
3.286540141771607249e-01
3.259456104124138220e-01
3.232797736362946206e-01
3.206555697231410207e-01
3.180720859284468793e-01
3.155284389658895572e-01
3.130237660320807080e-01
3.105572320309829548e-01
3.081280088339583001e-01
3.057353106921263386e-01
3.033783537307915279e-01
3.010563913879692466e-01
2.987686801419567884e-01
2.965145029969923351e-01
2.942931676453778844e-01
2.921039824376673311e-01
2.899462972167800023e-01
2.878194532029795250e-01
2.857228301963426476e-01
2.836558119093431363e-01
2.816177971834744054e-01
2.796082053232223363e-01
2.776264645464308067e-01
2.756720268944394814e-01
2.737443470780533961e-01
2.718428978930622630e-01
2.699671668189160822e-01
2.681166501748078468e-01
2.662908629810036842e-01
2.644893251122092392e-01
2.627115734171104888e-01
2.609571513908517937e-01
2.592256167251940635e-01
2.575165365286002372e-01
2.558294904964594219e-01
2.541640649388104967e-01
2.525198586134854151e-01
2.508964814152043754e-01
2.492935450388155949e-01
2.477106759954614268e-01
2.461475110357988771e-01
2.446036917046239267e-01
2.430788728358675155e-01
2.415727055454569283e-01
2.400848647929812452e-01
2.386150202297894485e-01
2.371628580719613855e-01
2.357280654500405193e-01
2.343103368874346892e-01
2.329093806131175837e-01
2.315249024598378391e-01
2.301566203504711305e-01
2.288042538194350328e-01
2.274675364698244551e-01
2.261461999820560120e-01
2.248399859122363897e-01
2.235486397199071551e-01
2.222719139453336601e-01
2.210095641894903595e-01
2.197613547967494085e-01
2.185270513326930120e-01
2.173064278991294895e-01
2.160992592301728688e-01
2.149053304888888238e-01
2.137244260001920082e-01
2.125563362012069246e-01
2.114008576847833665e-01
2.102577902301039359e-01
2.091269357583606103e-01
2.080081031464240948e-01
2.069011044410213052e-01
