# bin_2_2
2.599771435585005580e-05
2.188284408037437053e-05
1.818255823447798418e-05
1.494888229739526261e-05
1.220675237278044026e-05
9.946344212436798623e-06
8.123423027517576736e-06
6.668719538536022493e-06
5.504138691160152134e-06
4.557590992338162375e-06
3.771549181549262975e-06
3.105043094034942825e-06
2.531416997272049782e-06
2.034539426847450364e-06
1.605107020404556006e-06
1.237672873376069907e-06
9.285681897151697212e-07
6.745157877264095772e-07
4.717970861909361490e-07
3.159663127113949197e-07
2.019240161228554923e-07
1.218767285529367215e-07
6.663421471648626573e-08
3.028413860071425018e-08
9.299215870357577849e-09
-8.225390591582854985e-10
