# bin_3_1
1.513741927267422101e-05
1.282865027831793799e-05
1.074672484774046263e-05
8.909486077462357373e-06
7.324796686800556878e-06
5.989919414696205539e-06
4.890045530184109779e-06
3.998271966946703803e-06
3.279657184550933764e-06
2.697556948550276135e-06
2.219348879353776057e-06
1.819595590642005239e-06
1.480412895355460261e-06
1.190170686493936698e-06
9.416551008814042630e-07
7.303329092175218393e-07
5.530835749386362463e-07
4.072788003023185719e-07
2.906324815397729128e-07
1.996527496290765573e-07
1.302749907742335991e-07
8.036529292742273241e-08
4.704358560749433692e-08
2.441733576951156593e-08
1.015524544288897008e-08
2.212332295985372637e-09
