# bin_1_1
6.915222312878939753e-06
5.936930509449269973e-06
5.032362338209303379e-06
4.211739459041036142e-06
3.483752758387111788e-06
2.854274222541521521e-06
2.324391574001111164e-06
1.889042089051937666e-06
1.537581401130435114e-06
1.255926075743974819e-06
1.029293476773173246e-06
8.445099220964554712e-07
6.912388817763337062e-07
5.620596660769705170e-07
4.520646861425992053e-07
3.581747319464351684e-07
2.784507890495477335e-07
2.114764825029519996e-07
1.560647623980957957e-07
1.113201394928593104e-07
7.634308650329896193e-08
5.002380117622822676e-08
3.112527133207114023e-08
1.788466930316005805e-08
9.043704611416285169e-09
3.535743909366888655e-09
