# bin_4_1
1.699453812014531346e-05
1.438799300222839731e-05
1.206604052180433751e-05
1.003071107427944177e-05
8.277256153788395410e-06
6.794518824292776527e-06
5.562743472596111562e-06
4.552266412353944728e-06
3.726810440209193222e-06
3.049388432385980573e-06
2.487630591423083873e-06
2.016519836854896002e-06
1.618380536062307905e-06
1.281354575607434003e-06
9.974525395668781500e-07
7.609458829104233963e-07
5.673022493780805244e-07
4.122130725287646416e-07
2.898336489171979737e-07
1.948901599177643420e-07
1.247600689183154767e-07
7.590078269754812522e-08
4.398217299837841689e-08
2.239433648250949585e-08
8.881808537218045261e-09
1.479329530259151626e-09
