# bin_3_3
7.222495150864008623e-05
5.980265718797612485e-05
4.921452179933933274e-05
4.043373825665106714e-05
3.329223272804545227e-05
2.753114690542882560e-05
2.286443385354315551e-05
1.902851432558964016e-05
1.581236650449379400e-05
1.306456602798409382e-05
1.068568718858306247e-05
8.615254988653218366e-06
6.818544905404918775e-06
5.275649459453401376e-06
3.973364214425655164e-06
2.899557845140276302e-06
2.039780238131027985e-06
1.375740117052357605e-06
8.868554575573539521e-07
5.461601438915229335e-07
3.083374582861329281e-07
1.477200129216124967e-07
5.295002462688152255e-08
5.588420335676371075e-09
-1.316455904060958759e-08
-1.728930572165665716e-08
