# bin_4_4
1.109381680544054889e-04
9.199543237041604357e-05
7.620641522018418556e-05
6.324631216760339596e-05
5.265382439239270156e-05
4.394082643257325038e-05
3.667291087752175575e-05
3.050463989578605897e-05
2.518845870005568819e-05
2.056235728093657353e-05
1.652828031710516196e-05
1.303008872584574085e-05
1.003473497294383955e-05
7.518126553246644280e-06
5.455419693885793672e-06
3.815510744455814843e-06
2.559998725088561088e-06
1.644861215844502370e-06
1.005391259224668600e-06
5.608692793848192944e-07
2.670141805920742061e-07
9.546159635479346299e-08
1.036319871060041586e-08
-2.322788060797587359e-08
-3.067352559344633558e-08
-2.714891831859836781e-08
