# bin_4_3
8.357840940888940442e-05
6.911708809950309806e-05
5.691661295276325485e-05
4.687489095267749858e-05
3.873176961194827275e-05
3.214524982104800170e-05
2.676925505407139671e-05
2.230408776642524646e-05
1.852095995303244824e-05
1.526193732609869758e-05
1.242676110011995098e-05
9.956258922564081311e-06
7.817060032377313311e-06
5.989548558247693781e-06
4.459112622736279630e-06
3.210144808703214265e-06
2.222965831946919279e-06
1.472619511525282228e-06
9.329384670933686395e-07
5.612245906457908027e-07
3.010306274275558027e-07
1.319017889749687084e-07
3.813688769642530746e-08
-5.080675883736860098e-09
-1.982411134654877844e-08
-2.106269014295533061e-08
