# bin_2_1
1.089530396845428378e-05
9.298292499022627197e-06
7.826683185124548838e-06
6.502372017639339008e-06
5.342416269955124855e-06
4.355725738510435235e-06
3.539989057914221715e-06
2.880914532860334762e-06
2.355241107175526883e-06
1.935937930617763699e-06
1.597298264368069477e-06
1.318248024346835713e-06
1.083397208480655950e-06
8.825071432388661416e-07
7.092583654495559452e-07
5.599278003662923822e-07
4.323241327835200905e-07
3.249608768250976733e-07
2.365401834763593400e-07
1.659142991200706644e-07
1.115446704088078570e-07
7.127818229180823347e-08
4.300536975771733524e-08
2.342025195623657192e-08
1.071222579288664981e-08
3.281802018632231920e-09
