# bin_4_2
3.837070813426031625e-05
3.203894784788073006e-05
2.643685488135522212e-05
2.163580673168935732e-05
1.764711806881895877e-05
1.441630871452223519e-05
1.183718526566812620e-05
9.778466172446221360e-06
8.112788160805505354e-06
6.735504815311109621e-06
5.570647899545259545e-06
4.568157959421526170e-06
3.697517043974695058e-06
2.941216325879618866e-06
2.289408201508384142e-06
1.736037553009805614e-06
1.276355990480317009e-06
9.049029805317684690e-07
6.141069426709236364e-07
3.976790190453885647e-07
2.468558616141156114e-07
1.410520474627479922e-07
6.879445526167114538e-08
2.477670775378892339e-08
2.396242340622040721e-09
-6.450715167050871184e-09
