# bin_3_2
3.826484961885206365e-05
3.197509636383840200e-05
2.641324529239265926e-05
2.164344166113083397e-05
1.767241001443679678e-05
1.444592378598051457e-05
1.186192229220082967e-05
9.794375894317117060e-06
8.119951770804096353e-06
6.736014739121177132e-06
5.567029550981580806e-06
4.562587699081218289e-06
3.691607232153002445e-06
2.936049309998625128e-06
2.285645121573188326e-06
1.734001585726794048e-06
1.275993038139237064e-06
9.059956241071512505e-07
6.170864716578494476e-07
4.015199600386044517e-07
2.492473146419480422e-07
1.430345291402772807e-07
7.098828616879152968e-08
2.682433866377251627e-08
3.870331098640224832e-09
-5.600531999076947201e-09
