# bin_3_3
1.886993741885220621e-01
1.570939301824388346e-01
1.327793839301807388e-01
1.135867890178501038e-01
9.755048465426924276e-02
8.339878069982725739e-02
7.053958793494596868e-02
5.877855473849002976e-02
4.808707099653092287e-02
3.848728309090700822e-02
3.001487872431615050e-02
2.270233105612261618e-02
1.656367451167895313e-02
1.158305550294745287e-02
7.704990737692491397e-03
4.831186870623383617e-03
2.826190783161341459e-03
1.544319497029477848e-03
9.002065660764581355e-04
4.626605670625182445e-04
-9.258582876331036121e-05
-1.392258447756225656e-04
-7.648989635574798655e-05
-3.550135095278281032e-05
-1.598147662895775935e-05
-8.104078648304710459e-06
