# bin_5_5
1.462433535779723015e-01
1.262088791184300396e-01
1.093891690366081415e-01
9.452501752638182986e-02
8.095040427194996613e-02
6.841834536512887699e-02
5.688669144886469159e-02
4.638075852712032071e-02
3.694842181904064993e-02
2.864380173028007945e-02
2.151188898258319868e-02
1.557182274247648907e-02
1.080197411772962704e-02
7.129717627466806637e-03
4.441870623161586241e-03
2.589194601023435838e-03
1.433960187727534004e-03
9.189387334316497262e-04
3.975480074467878247e-04
-9.069270796796813632e-05
-8.897498265889189838e-05
-4.461006551927295126e-05
-1.766828438918273625e-05
-7.536381367049570300e-06
-3.446724835623937127e-06
-2.502737958395349273e-06
