# bin_1_1
2.347307422642745112e-01
1.918503465719247070e-01
1.551030477328537160e-01
1.249587347610488647e-01
1.012676581200313564e-01
8.318870213427678739e-02
6.941312192421517091e-02
5.855287147228101924e-02
4.950398610495367058e-02
4.159204149430204694e-02
3.450246106936357554e-02
2.812748375720377711e-02
2.244568048115951064e-02
1.746110570085646074e-02
1.317905524658125743e-02
9.595650010611928710e-03
6.691885836100538477e-03
4.429168532255844254e-03
2.749462380275876153e-03
1.581246287903373361e-03
8.508235306861498728e-04
4.330103711990901318e-04
1.119202153257753705e-04
-7.671364324111101959e-05
-1.196842778631182442e-04
-8.517168680923578735e-05
