# bin_2_2
1.876795979793745850e-01
1.525471170653198982e-01
1.246512699020552728e-01
1.032074422587630769e-01
8.675423270196457037e-02
7.367610488008767555e-02
6.268520501329445660e-02
5.300107902584181435e-02
4.426471393763388440e-02
3.635585669502294781e-02
2.925319179345405030e-02
2.296745593745767519e-02
1.751435969225839662e-02
1.290075466376690641e-02
9.116399873896900014e-03
6.128178211712985435e-03
3.875935559706899375e-03
2.273718827791656495e-03
1.222415242504974568e-03
6.469206380858690203e-04
2.894591809313487281e-04
-6.602742908181060614e-05
-1.609600669051352987e-04
-1.191417147821852667e-04
-6.897944340040903187e-05
-3.652839820759310678e-05
