# bin_6_6
9.001428150187430755e-02
7.814414695577483194e-02
6.783955210185756146e-02
5.852660327339235385e-02
4.993972456751522015e-02
4.199646672267669245e-02
3.469745858613659806e-02
2.806909888604103287e-02
2.214843667843397965e-02
1.697377180271077146e-02
1.257281900493553185e-02
8.950295295570648291e-03
6.082445871155996858e-03
3.913371782649068507e-03
2.356260882410272234e-03
1.317171516174678531e-03
7.126182749805112749e-04
4.727603197261931868e-04
5.875782440772307752e-05
-1.038288280776873625e-04
-6.721095993865337586e-05
-3.390249176224394443e-05
-1.388369429132268852e-05
-6.407776161248790629e-06
-2.985748822406685849e-06
-1.765712411817550600e-06
