# bin_4_4
1.204735737044628219e-01
1.025392808482665785e-01
8.820122305230571058e-02
7.610978073108846942e-02
6.537130222498442611e-02
5.556067535746985614e-02
4.654212029666567746e-02
3.829905832365284452e-02
3.085270913314193744e-02
2.423651656519851608e-02
1.848350235886220966e-02
1.361461664751886791e-02
9.627845952935873766e-03
6.490433598176799206e-03
4.134268419368496497e-03
2.462250365449219960e-03
1.363739090257570395e-03
7.536759222273477481e-04
4.746284091008048781e-04
1.970437241305682443e-06
-1.148100671232379509e-04
-6.701028765060207881e-05
-3.151322439399238207e-05
-1.212640574049703271e-05
-5.372811085956241664e-06
-2.799119575094690641e-06
