# d_z
1.000000000000000000e+00
9.858157397388143117e-01
9.717890385413424648e-01
9.579306940647219770e-01
9.442505146991644338e-01
9.307566774394313569e-01
9.174564739847844708e-01
9.043562294090516929e-01
8.914607373478904417e-01
8.787743976424625680e-01
8.663002897030209759e-01
8.540409664209888119e-01
8.419980792160585148e-01
8.301726670805192887e-01
8.185650827079967717e-01
8.071751263408073473e-01
7.960020596546646399e-01
7.850447318328332980e-01
7.743014978950770733e-01
7.637704393428041971e-01
7.534493784062151756e-01
7.433356361861009898e-01
7.334266451394964026e-01
7.237191090416579264e-01
7.142100374699742460e-01
7.048960184837542720e-01
6.957738435623171958e-01
6.868396915342127595e-01
6.780901051420427095e-01
6.695214512157122710e-01
6.611299513488078095e-01
6.529120095765983400e-01
6.448636714484480281e-01
6.369814156054609544e-01
6.292613769563865089e-01
6.217000216031316473e-01
6.142936210535195896e-01
6.070385309687045261e-01
5.999312056624593881e-01
5.929681590970657945e-01
5.861458861654778030e-01
5.794609806509004590e-01
5.729101121367931038e-01
5.664899631166061544e-01
5.601973137777233047e-01
5.540291129462197040e-01
5.479822027101477477e-01
5.420536344594413247e-01
5.362403490105832615e-01
5.305396196267028186e-01
5.249485681943769633e-01
5.194644506419320296e-01
5.140846907689879952e-01
5.088066010509343373e-01
5.036276999891180495e-01
4.985455139932128965e-01
4.935576475626075044e-01
4.886617920314876851e-01
4.838557124393541020e-01
4.791370996501093105e-01
4.745039082141334630e-01
4.699539646865324993e-01
4.654852631891083226e-01
4.610958846950695134e-01
4.567838644948977178e-01
4.525473820066274744e-01
4.483845804363016385e-01
4.442936642336777209e-01
4.402730018992193073e-01
4.363209406948915237e-01
4.324356849360532218e-01
4.286158897071320473e-01
4.248599050165915991e-01
4.211662711890626909e-01
4.175335251905983314e-01
4.139603057606610070e-01
4.104451779370748565e-01
4.069868547431746975e-01
4.035840600537146106e-01
4.002355308546968748e-01
3.969400195523188346e-01
3.936963776370823176e-01
3.905033838003755253e-01
3.873599904162931540e-01
3.842651099830398653e-01
3.812176288727501805e-01
3.782165205222870474e-01
3.752608076009589233e-01
3.723494792299353873e-01
3.694816063840072329e-01
3.666562735013730312e-01
3.638725507721209951e-01
3.611296128515130710e-01
3.584264908240888392e-01
3.557624576689699114e-01
3.531366908529355864e-01
3.505483913625248027e-01
3.479967547991468235e-01
3.454810646959009524e-01
3.430005721133436158e-01
3.405546048839955264e-01
3.381424449000091648e-01
3.357633907282333574e-01
3.334168069215246999e-01
3.311020947928158820e-01
3.288185807369534697e-01
3.265656775959897007e-01
3.243427731193385677e-01
3.221492793451856129e-01
3.199846506632494370e-01
3.178483522064210476e-01
3.157397931146841419e-01
3.136585122587157159e-01
3.116039604578967337e-01
3.095756531018078461e-01
3.075730686494082544e-01
3.055957700533948884e-01
3.036432673512194369e-01
3.017151224333597948e-01
2.998108977063896896e-01
2.979301385569280702e-01
2.960724362368024054e-01
2.942373752562252864e-01
2.924245608609336577e-01
2.906335832780404527e-01
2.888640729653363937e-01
2.871156371086948655e-01
2.853879339703939699e-01
2.836805618744465129e-01
2.819932090172537209e-01
2.803255327221592097e-01
2.786771683208882910e-01
2.770477961478226003e-01
2.754371140546345020e-01
2.738447602102269673e-01
2.722704879355341001e-01
2.707139524729469948e-01
2.691749164601365263e-01
2.676530239802578648e-01
2.661480278907330521e-01
2.646596620803450817e-01
2.631876005539192653e-01
2.617316597739577921e-01
2.602915260980414591e-01
2.588669584080629527e-01
2.574577281188643596e-01
2.560635675769605824e-01
2.546842634052431387e-01
2.533195422881579506e-01
2.519692177065722682e-01
