# da
0.000000000000000000e+00
1.162255935013139378e+02
2.250438722869722881e+02
3.269901468098246937e+02
4.225509044127391576e+02
5.121695044660481244e+02
5.962510658622981055e+02
6.751666773162805839e+02
7.492570378178504598e+02
8.188356159277302595e+02
8.841914014616132818e+02
9.455913107566938152e+02
1.003282296598804464e+03
1.057493205570659711e+03
1.108436418718218192e+03
1.156309305750448630e+03
1.201295518270397906e+03
1.243566143608433777e+03
1.283280737551418042e+03
1.320588251520664016e+03
1.355627867454356192e+03
1.388529751720986724e+03
1.419415737767222254e+03
1.448399945835486051e+03
1.475589346931067666e+03
1.501084277241014206e+03
1.524978908378374399e+03
1.547361678121425257e+03
1.568315685718410577e+03
1.587919055317215680e+03
1.606245270642395553e+03
1.623363483667455057e+03
1.639338799708396891e+03
1.654232541087267691e+03
1.668102491642726818e+03
1.681003121589882994e+03
1.692985801478291251e+03
1.704098988867294111e+03
1.714388421046031681e+03
1.723897274604194308e+03
1.732666327770530870e+03
1.740734106338011770e+03
1.748137013892650430e+03
1.754909469647348715e+03
1.761084021308054162e+03
1.766691455074125770e+03
1.771760903933378586e+03
1.776319943684729651e+03
1.780394677838356756e+03
1.784009832920876306e+03
1.787188831482962087e+03
1.789953868510026496e+03
1.792325982035004245e+03
1.794325116572972547e+03
1.795970188116799818e+03
1.797279139724579409e+03
1.798268996372729134e+03
1.798955917602857198e+03
1.799355238810193441e+03
1.799481526176022044e+03
1.799348612398813430e+03
1.798969638147971864e+03
1.798357089513408027e+03
1.797522833925358100e+03
1.796478150626667457e+03
1.795233765967780528e+03
1.793799880137054060e+03
1.792186195565002436e+03
1.790401943061640395e+03
1.788455906459917514e+03
1.786356445857596555e+03
1.784111521103238601e+03
1.781728706254131339e+03
1.779215218453970920e+03
1.776577930149798931e+03
1.773823388067375163e+03
1.770957829669094281e+03
1.767987198707505286e+03
1.764917159928267210e+03
1.761753112972935241e+03
1.758500205528746164e+03
1.755163346266802819e+03
1.751747214627285530e+03
1.748256274946382518e+03
1.744694785021606094e+03
1.741066806603241503e+03
1.737376213782869627e+03
1.733626706926614133e+03
1.729821812049779510e+03
1.725964897301176961e+03
1.722059176715305966e+03
1.718107718188764693e+03
1.714113450362450067e+03
1.710079169153099429e+03
1.706007544187073563e+03
1.701901123753329330e+03
1.697762341796183364e+03
1.693593522292442458e+03
1.689396884531942760e+03
1.685174547914198911e+03
1.680928536508220304e+03
1.676660783388188293e+03
1.672373134756936452e+03
1.668067354540452243e+03
1.663745125431654515e+03
1.659408056475973808e+03
1.655057683762708848e+03
1.650695474316725495e+03
1.646322829164031646e+03
1.641941086251744764e+03
1.637551523229941040e+03
1.633155360102462055e+03
1.628753761753373738e+03
1.624347840624601986e+03
1.619938657934989351e+03
1.615527227486708853e+03
1.611114516676055700e+03
1.606701448755827641e+03
1.602288904736839640e+03
1.597877725202690726e+03
1.593468712042050583e+03
1.589062630102527464e+03
1.584660208769944120e+03
1.580262143476652682e+03
1.575869097142334795e+03
1.571481701550539810e+03
1.567100559270480971e+03
1.562726242487371792e+03
1.558359297845926449e+03
1.554000245170240987e+03
1.549649579169825984e+03
1.545307770490172288e+03
1.540975266717616478e+03
1.536652493340639694e+03
1.532339854669632814e+03
1.528037734717049943e+03
1.523746498039779908e+03
1.519466490545491297e+03
1.515198040264577685e+03
1.510941458089296930e+03
1.506697038481581785e+03
1.502465060150958152e+03
1.498245786893255627e+03
1.494039467454928854e+03
1.489846337266369574e+03
1.485666618254525474e+03
1.481500519580049058e+03
1.477348238161989229e+03
1.473209959180773012e+03
1.469085856560432148e+03
