# f_ap
0.000000000000000000e+00
2.702202881614819766e-02
5.441228168550300837e-02
8.219329907887706899e-02
1.103867469300617160e-01
1.390133695667460367e-01
1.680929536673785585e-01
1.976443025886302496e-01
2.276852203144757170e-01
2.582325042119371639e-01
2.893019457382364212e-01
3.209083382268464457e-01
3.530654908827550176e-01
3.857862481370081809e-01
4.190825135440983118e-01
4.529652774499834944e-01
4.874446477105820463e-01
5.225298827979573124e-01
5.582294266918085279e-01
5.945509450154240483e-01
6.315013619363247788e-01
6.690868974112038625e-01
7.073131044114264743e-01
7.461849058186592609e-01
7.857066307295775820e-01
8.258820499538862547e-01
8.667144105308377533e-01
9.082064692691105279e-01
9.503605244940785957e-01
9.931784473360236731e-01
1.036661711110040462e+00
1.080811419444096311e+00
1.125628333001700065e+00
1.171112894840951046e+00
1.217265254344504388e+00
1.264085289836901715e+00
1.311572629848350546e+00
1.359726673125181806e+00
1.408546607385740002e+00
1.458031426885468829e+00
1.508179948861218644e+00
1.558990828877135248e+00
1.610462575141005770e+00
1.662593561857846680e+00
1.715382041642604882e+00
1.768826157061155202e+00
1.822923951353287775e+00
1.877673378388877046e+00
1.933072311886377959e+00
1.989118553956980007e+00
2.045809843010414131e+00
2.103143861065241094e+00
2.161118240515778943e+00
2.219730570354248478e+00
2.278978401928957620e+00
2.338859254247048991e+00
2.399370618856962345e+00
2.460509964345531042e+00
2.522274740469111709e+00
2.584662381948252374e+00
2.647670311952696309e+00
2.711295945296190890e+00
2.775536691363071018e+00
2.840389956783044401e+00
2.905853147885722354e+00
2.971923672934674965e+00
3.038598944159390136e+00
3.105876379613318417e+00
3.173753404860411020e+00
3.242227454505767437e+00
3.311295973582256469e+00
3.380956418804150321e+00
3.451206259696984802e+00
3.522042979616468727e+00
3.593464076663073214e+00
3.665467064495130156e+00
3.738049473058032479e+00
3.811208849230106832e+00
3.884942757393117230e+00
3.959248779933331353e+00
4.034124517678773891e+00
4.109567590277735327e+00
4.185575636523329202e+00
4.262146314628489918e+00
4.339277302454658702e+00
4.416966297697159760e+00
4.495211015489970485e+00
4.574009198466374215e+00
4.653358602282285261e+00
4.733257005142403884e+00
4.813702205513991750e+00
4.894692022128681153e+00
4.976224293961244882e+00
5.058296880189379507e+00
5.140907660137822965e+00
5.224054533197745265e+00
5.307735418737657085e+00
5.391948255998761041e+00
5.476691003978000793e+00
5.561961641299996373e+00
5.647758166079044351e+00
5.734078595772230003e+00
5.820920967023686998e+00
5.908283335505220002e+00
5.996163775746143898e+00
6.084560380960066794e+00
6.173471262866831566e+00
6.262894551510084895e+00
6.352828395071399292e+00
6.443270959681346888e+00
6.534220429228155602e+00
6.625675005164268327e+00
6.717632906311345131e+00
6.810092368663566376e+00
6.903051645189886010e+00
6.996509005640918488e+00
7.090462736345568118e+00
7.184911140015040054e+00
7.279852535545197512e+00
7.375285257819280460e+00
7.471207657511422795e+00
7.567618100890933341e+00
7.664514969627651553e+00
7.761896660598410769e+00
7.859761585694854169e+00
7.958108171632662042e+00
8.056934859762309387e+00
8.156240105881432001e+00
8.256022380048539944e+00
8.356280166399690401e+00
8.457011962966182850e+00
8.558216281493519872e+00
8.659891647263332715e+00
8.762036598917052999e+00
8.864649688281607709e+00
8.967729480197130343e+00
9.071274552346862308e+00
9.175283495089095354e+00
9.279754911291318464e+00
9.384687416166496376e+00
9.490079637111488609e+00
9.595930213547662291e+00
9.702237796763638400e+00
9.809001049760249558e+00
9.916218647097592154e+00
1.002388927474428115e+01
1.013201162992882054e+01
1.024058442099215149e+01
1.034960636724500027e+01
1.045907619882626527e+01
