# f_z
5.317681110577111570e-01
5.480055952816629272e-01
5.638455179235242198e-01
5.792750839390971018e-01
5.942842669815163736e-01
6.088656425126661720e-01
6.230142123040923741e-01
6.367272383631995547e-01
6.500040430158989802e-01
6.628458373253909297e-01
6.752554941617217033e-01
6.872374173498075889e-01
6.987973439377793694e-01
7.099421718895416733e-01
7.206797529933037794e-01
7.310188200962880467e-01
7.409688054039170746e-01
7.505396878704747587e-01
7.597418931303684397e-01
7.685862129716133362e-01
7.770836637754316989e-01
7.852454034048373943e-01
7.930826759995004416e-01
8.006067182272453842e-01
8.078287333215135035e-01
8.147597926623173503e-01
8.214108326310367580e-01
8.277926103335534469e-01
8.339156408137695653e-01
8.397901946717196697e-01
8.454263035599948184e-01
8.508336975227790422e-01
8.560218228210412228e-01
8.609998301296659662e-01
8.657765235329009101e-01
8.703604793506550807e-01
8.747598734292009182e-01
8.789826366760711274e-01
8.830363552582500830e-01
8.869283586722045420e-01
8.906656397783583312e-01
8.942549190706082785e-01
8.977026479318785945e-01
9.010149672162174328e-01
9.041978073798745408e-01
9.072567960715253177e-01
9.101973214928552602e-01
9.130245431916265142e-01
9.157434030844288086e-01
9.183585806174823229e-01
9.208745936854899616e-01
9.232957152650184129e-01
9.256260400207328987e-01
9.278694615043606708e-01
9.300297246503440585e-01
9.321103878278829136e-01
9.341148006167451223e-01
9.360462599896245406e-01
9.379077974038856347e-01
9.397023876858093816e-01
9.414328175528545728e-01
9.431017852305626503e-01
9.447118468247599488e-01
9.462654267445264056e-01
9.477648549853907589e-01
9.492123602528124149e-01
9.506100646186408376e-01
9.519599715242055282e-01
9.532640173281949902e-01
9.545240702463027027e-01
9.557418616827594304e-01
9.569190812258652201e-01
9.580573302917665401e-01
9.591581635779002912e-01
9.602230061039136455e-01
9.612532997915430588e-01
9.622503665754288393e-01
9.632154853728230881e-01
9.641498651382915952e-01
9.650547082834484147e-01
9.659311161296880721e-01
9.667801453185045357e-01
9.676028515076565695e-01
9.684001867377746153e-01
9.691731152614584399e-01
9.699225160659783462e-01
9.706492518436736772e-01
9.713541630470287069e-01
9.720380221420706901e-01
9.727016002304358366e-01
9.733456009987021540e-01
9.739707387569523922e-01
9.745776835666490889e-01
9.751670756590363753e-01
9.757395099275122385e-01
9.762955830228228216e-01
9.768358726826410487e-01
9.773609178845786838e-01
9.778712376207732149e-01
9.783673113673809763e-01
9.788496437608242839e-01
9.793186945660079523e-01
9.797748979914157053e-01
9.802186982018391559e-01
9.806504873946916279e-01
9.810706595528398966e-01
9.814795952630280818e-01
9.818776709579973838e-01
9.822652142754489946e-01
9.826425894353958412e-01
9.830101194482800953e-01
9.833680875401717980e-01
9.837168291274174248e-01
9.840566056468968981e-01
9.843877217102567911e-01
9.847104219673067371e-01
9.850249888699672551e-01
9.853316566645266006e-01
9.856306656113892339e-01
9.859222608841397006e-01
9.862066662193799127e-01
9.864840805225337794e-01
9.867547281769448730e-01
9.870188168261861961e-01
9.872765189820079668e-01
9.875280258199271577e-01
9.877735236483117243e-01
9.880131905160522976e-01
9.882471974294373407e-01
9.884756952768395388e-01
9.886988582340797693e-01
9.889168216758245089e-01
9.891297487915700071e-01
9.893377616761223070e-01
9.895410203136697502e-01
9.897396489282226373e-01
9.899337488015449438e-01
9.901234904244650137e-01
9.903089748847621054e-01
9.904903162793813332e-01
9.906676136039316294e-01
9.908410085695795733e-01
9.910105807307809656e-01
9.911764320950535723e-01
9.913386691821381991e-01
9.914973949801791919e-01
9.916526892496269063e-01
9.918046561230029479e-01
9.919533580563897335e-01
9.920989056999102162e-01
