# fsigma_8
4.336017863864242705e-01
4.405239274689108364e-01
4.468286304285689625e-01
4.525307080355248091e-01
4.576472723532444276e-01
4.621973568958233081e-01
4.662015936572347363e-01
4.696818473742423450e-01
4.726608969428217066e-01
4.751622083183591472e-01
4.772096096224563988e-01
4.788271076991450492e-01
4.800386469568080350e-01
4.808679809220788859e-01
4.813384630161764433e-01
4.814729652758676370e-01
4.812937270886040730e-01
4.808223125107891627e-01
4.800795080373510548e-01
4.790852813427025625e-01
4.778587603928298178e-01
4.764181781425582685e-01
4.747808902201683390e-01
4.729633464548473887e-01
4.709811200678053478e-01
4.688489003632218544e-01
4.665805151102840331e-01
4.641889715914978010e-01
4.616864502310207286e-01
4.590843631090661958e-01
4.563933601202486146e-01
4.536233987196914286e-01
4.507837225968666650e-01
4.478829480778787064e-01
4.449290809613212772e-01
4.419295011775525861e-01
4.388910779814345076e-01
4.358201605714744908e-01
4.327225993142342908e-01
4.296037960615523010e-01
4.264687149777853792e-01
4.233219252782017272e-01
4.201676260940130914e-01
4.170096578014300115e-01
4.138515496204767663e-01
4.106965097521639851e-01
4.075474747529971298e-01
4.044071147210729356e-01
4.012778661311932060e-01
3.981619326271585990e-01
3.950613030139530357e-01
3.919777786347657944e-01
3.889129829215213219e-01
3.858683778900938721e-01
3.828452525312703303e-01
3.798447822934540863e-01
3.768679898056714328e-01
3.739157880084326147e-01
3.709889761461139246e-01
3.680882479973349164e-01
3.652142160778313329e-01
3.623673907012648909e-01
3.595482095251333332e-01
3.567570407432756330e-01
3.539941771210873278e-01
3.512598617926023792e-01
3.485542726364731503e-01
3.458775401147385908e-01
3.432297468734818446e-01
3.406109349485025306e-01
3.380210993297024791e-01
3.354602166779492856e-01
3.329282093300320322e-01
3.304249970451922924e-01
3.279504407443245007e-01
3.255044060736159151e-01
3.230867235829623096e-01
3.206972081422656551e-01
3.183356552589806099e-01
3.160018438526721596e-01
3.136955418535403717e-01
3.114165059082610321e-01
3.091644799551597211e-01
3.069391984223574510e-01
3.047403861770394129e-01
3.025677628508846029e-01
3.004210466517547307e-01
2.982999338389729083e-01
2.962041396577166918e-01
2.941333623579606149e-01
2.920872939651276146e-01
2.900656317497544712e-01
2.880680693606632037e-01
2.860942974471031852e-01
2.841440097972815493e-01
2.822169032821434387e-01
2.803126631471255514e-01
2.784309854913754601e-01
2.765715633659836525e-01
2.747340937238281766e-01
2.729182731829876141e-01
2.711237990079145010e-01
2.693503750490469639e-01
2.675977054858162396e-01
2.658654940306484638e-01
2.641534508579821972e-01
2.624612886362713282e-01
2.607887208648019817e-01
2.591354654904579058e-01
2.575012431125076606e-01
2.558857787174473319e-01
2.542888033973534911e-01
2.527100410473385184e-01
2.511492315602775749e-01
2.496061091549663380e-01
2.480804184834223547e-01
2.465719027560947241e-01
2.450803076452110763e-01
2.436053919630453424e-01
2.421469051566306485e-01
2.407046113048146585e-01
2.392782685306275026e-01
2.378676461355320182e-01
2.364725111245750411e-01
2.350926385614357239e-01
2.337278059394355401e-01
2.323777940757579263e-01
2.310423835378018487e-01
2.297213604060177883e-01
2.284145221705743412e-01
2.271216551532566907e-01
2.258425601957370354e-01
2.245770369722213111e-01
2.233248895455527683e-01
2.220859225059561848e-01
2.208599452472703450e-01
2.196467773150627689e-01
2.184462274062950460e-01
2.172581184586744873e-01
2.160822716811125754e-01
2.149185106445570259e-01
2.137666673609940615e-01
2.126265664752886586e-01
2.114980465074076388e-01
2.103809403999798433e-01
2.092750909413483296e-01
2.081803393320554307e-01
2.070965260612922798e-01
2.060235013809496307e-01
2.049611139312538244e-01
