# h
6.699999999889259072e+01
6.787841832676571130e+01
6.879185984665048181e+01
6.974014105034116540e+01
7.072303662539040658e+01
7.174028330804290476e+01
7.279158369197124046e+01
7.387660995515059881e+01
7.499500747251209987e+01
7.614639828736844152e+01
7.733038441985615918e+01
7.854655099565128751e+01
7.979446918289502833e+01
8.107369892953587964e+01
8.238379149711120419e+01
8.372429179033026969e+01
8.509474048467725993e+01
8.649467595663760733e+01
8.792363602309187343e+01
8.938115949794106996e+01
9.086678757517698557e+01
9.238006504841777655e+01
9.392054137744750619e+01
9.548777161256053603e+01
9.708131718756635564e+01
9.870074659218629165e+01
1.003456359343146715e+02
1.020155694022438837e+02
1.037101396365015660e+02
1.054289480204364935e+02
1.071716048981397051e+02
1.089377297277164587e+02
1.107269511773436079e+02
1.125389071709725641e+02
1.143732430426527884e+02
1.162296188414417486e+02
1.181076983205968673e+02
1.200071560861093332e+02
1.219276756746449166e+02
1.238689494110787166e+02
1.258306782491934683e+02
1.278125715985916599e+02
1.298143471405319929e+02
1.318357306350828253e+02
1.338764557217035360e+02
1.359362637151015178e+02
1.380149033979806745e+02
1.401121308120840752e+02
1.422277090487440319e+02
1.443614080399832176e+02
1.465130043510577025e+02
1.486822809751971874e+02
1.508690271311795925e+02
1.530730380642682178e+02
1.552941148509467837e+02
1.575320642078074513e+02
1.597866983048691623e+02
1.620578345835462528e+02
1.643452955794270167e+02
1.666489087499781476e+02
1.689685063072454625e+02
1.713039250555889055e+02
1.736550062344578294e+02
1.760215953661857213e+02
1.784035421087636450e+02
1.808007001135301550e+02
1.832129268877041000e+02
1.856400836616680863e+02
1.880820352609072756e+02
1.905386499824938937e+02
1.930097994760035931e+02
1.954953586287469136e+02
1.979952054551919503e+02
2.005092209904541676e+02
2.030372891877282484e+02
2.055792968195356138e+02
2.081351333826606833e+02
2.107046910066517000e+02
2.132878643657628004e+02
2.158845505942144882e+02
2.184946492046536548e+02
2.211180620096952509e+02
2.237546930464324078e+02
2.264044485038020298e+02
2.290672366526984831e+02
2.317429677787292235e+02
2.344315541175105579e+02
2.371329097924049734e+02
2.398469507546028296e+02
2.425735947254579798e+02
2.453127611409864528e+02
2.480643710984434449e+02
2.508283473048938674e+02
2.536046140276991423e+02
2.563930970468410919e+02
2.591937236090106467e+02
2.620064223833894630e+02
2.648311234190565528e+02
2.676677581039551228e+02
2.705162591253550772e+02
2.733765604317530347e+02
2.762485971961501150e+02
2.791323057806530414e+02
2.820276237023455792e+02
2.849344896003779013e+02
2.878528432042270424e+02
2.907826253030796124e+02
2.937237777162937959e+02
2.966762432648955041e+02
2.996399657440698547e+02
3.026148898966066554e+02
3.056009613872629984e+02
3.085981267780061899e+02
3.116063335041039863e+02
3.146255298510262151e+02
3.176556649321279338e+02
3.206966886670842882e+02
3.237485517610450074e+02
3.268112056844841504e+02
3.298846026537154330e+02
3.329686956120488048e+02
3.360634382115650851e+02
3.391687847954815425e+02
3.422846903810889785e+02
3.454111106432382030e+02
3.485480018983539594e+02
3.516953210889573711e+02
3.548530257686787763e+02
3.580210740877396915e+02
3.611994247788902044e+02
3.643880371437830377e+02
3.675868710397681980e+02
3.707958868670924630e+02
3.740150455564904064e+02
3.772443085571526353e+02
3.804836378250548137e+02
3.837329958116389435e+02
3.869923454528303068e+02
3.902616501583805757e+02
3.935408738015245262e+02
3.968299807089398428e+02
4.001289356509984714e+02
4.034377038323000875e+02
4.067562508824783549e+02
4.100845428472685512e+02
4.134225461798303058e+02
4.167702277323140265e+02
4.201275547476648171e+02
4.234944948516543946e+02
4.268710160451344677e+02
