# rs_dv
inf
1.237514983018088266e+00
6.242518224233267743e-01
4.199351138860429322e-01
3.178535109607200648e-01
2.566646809672850083e-01
2.159211352602747325e-01
1.868596332592378784e-01
1.650985331523258381e-01
1.482035751614049768e-01
1.347141945542428276e-01
1.237009363701141729e-01
1.145441625197880925e-01
1.068148938262944714e-01
1.002067195385251824e-01
9.449494283543768969e-02
8.951104658189482088e-02
8.512617100532934855e-02
8.124009866612401376e-02
7.777371772780275472e-02
7.466374613112482239e-02
7.185896304623611008e-02
6.931746802280541742e-02
6.700465506840327934e-02
6.489169314173534597e-02
6.295437127132978705e-02
6.117221013744678776e-02
5.952777103972063666e-02
5.800611290909918338e-02
5.659436163370623607e-02
5.528136549599511895e-02
5.405741728018993719e-02
5.291402846894166512e-02
5.184374448263513041e-02
5.083999223250836724e-02
4.989695516030943218e-02
4.900946643082663284e-02
4.817292215700750418e-02
4.738320675819331085e-02
4.663663039972854030e-02
4.592987556620116429e-02
4.525995154996049347e-02
4.462415554122532019e-02
4.402003887265065751e-02
4.344537813425330963e-02
4.289815006489700044e-02
4.237650963337973725e-02
4.187877100436637745e-02
4.140339096223367987e-02
4.094895412319465855e-02
4.051416017304569628e-02
4.009781248749769850e-02
3.969880808345149781e-02
3.931612875108973088e-02
3.894883309397681459e-02
3.859604951789232657e-02
3.825696993494646231e-02
3.793084411681101747e-02
3.761697474829665822e-02
3.731471276234524237e-02
3.702345336271422455e-02
3.674263233221392033e-02
3.647172272106469215e-02
3.621023184323378385e-02
3.595769860057625167e-02
3.571369096785668301e-02
3.547780379390401417e-02
3.524965675875328663e-02
3.502889252062743597e-02
3.481517502525990904e-02
3.460818796127428099e-02
3.440763332712341166e-02
3.421323021708184281e-02
3.402471351391824633e-02
3.384183287944576846e-02
3.366435173269322761e-02
3.349204632805367898e-02
3.332470490602085222e-02
3.316212690996468010e-02
3.300412226306178448e-02
3.285051070008673108e-02
3.270112114311787138e-02
3.255579115391885048e-02
3.241436636642067853e-02
3.227670003087933920e-02
3.214265250581802708e-02
3.201209089977919559e-02
3.188488862420912895e-02
3.176092507206129678e-02
3.164008522216638780e-02
3.152225935551731389e-02
3.140734274854068558e-02
3.129523539497942874e-02
3.118584174600699116e-02
3.107907046436560877e-02
3.097483420829488798e-02
3.087304940153776447e-02
3.077363604513314380e-02
3.067651752744491103e-02
3.058162044857470896e-02
3.048887445550142392e-02
3.039821208719459267e-02
3.030956862900927376e-02
3.022288196760702580e-02
3.013809249452249067e-02
3.005514293603588766e-02
2.997397827127624981e-02
2.989454561624546938e-02
2.981679412208139424e-02
2.974067487903553700e-02
2.966614082579668854e-02
2.959314666381823722e-02
2.952164877633203094e-02
2.945160514849973210e-02
2.938297530795711682e-02
2.931572023666544069e-02
2.924980231895285554e-02
2.918518527667711415e-02
2.912183411084701135e-02
2.905971504625345231e-02
2.899879547893186027e-02
2.893904392628923045e-02
2.888042997974043374e-02
2.882292425970854957e-02
2.876649837285345096e-02
2.871112487140171227e-02
2.865677720706609824e-02
2.860342972380747542e-02
2.855105757840852368e-02
2.849963673668545402e-02
2.844914393428675178e-02
2.839955664638356761e-02
2.835085305877160788e-02
2.830301204030875872e-02
2.825601311661745871e-02
2.820983644498493287e-02
2.816446279039848399e-02
2.811987350265661434e-02
2.807605049450049087e-02
2.803297622071326822e-02
2.799063365813796861e-02
2.794900628656733430e-02
2.790807806811052005e-02
2.786783343910493801e-02
2.782825727925591214e-02
2.778933490501066944e-02
2.775105205184498144e-02
2.771339485954629756e-02
2.767634985810898951e-02
2.763990395421252882e-02
