# sigma_8
8.152704329505738867e-01
8.037433874166456382e-01
7.923439533471516860e-01
7.810810168650246244e-01
7.699623754898700101e-01
7.589948733269503700e-01
7.481843780947170508e-01
7.375359050186298671e-01
7.270535976684671109e-01
7.167408499213695494e-01
7.066003427669729220e-01
6.966340550776414231e-01
6.868433789729423422e-01
6.772291394681592136e-01
6.677916580151389558e-01
6.585307682658071426e-01
6.494459279972188970e-01
6.405361779917346787e-01
6.318002498244601473e-01
6.232365729591654580e-01
6.148433188005084649e-01
6.066184276196848746e-01
5.985596482876343050e-01
5.906645695149160824e-01
5.829306110328057455e-01
5.753550917620724459e-01
5.679352346934661844e-01
5.606681811548821504e-01
5.535510055197012669e-01
5.465807416003435337e-01
5.397543927711870859e-01
5.330689456118611336e-01
5.265213722599579871e-01
5.201086481691264973e-01
5.138277925214684849e-01
5.076757717923353619e-01
5.016496386958133602e-01
4.957464612804119986e-01
4.899633341290967614e-01
4.842974233673910667e-01
4.787458991176257728e-01
4.733059955067856484e-01
4.679750117544260180e-01
4.627502765090774073e-01
4.576291834831522354e-01
4.526091791032609279e-01
4.476877637369434670e-01
4.428624952091685940e-01
4.381309937601285398e-01
4.334909218004600051e-01
4.289400093177527795e-01
4.244760437686961874e-01
4.200968618672216159e-01
4.158003569240922848e-01
4.115844808736903171e-01
4.074472339418394595e-01
4.033866733036561292e-01
3.994009056894389786e-01
3.954880888122043747e-01
3.916464350251211424e-01
3.878741976141775183e-01
3.841696855288670998e-01
3.805312384275204018e-01
3.769572716274594559e-01
3.734462169091669059e-01
3.699965579841074659e-01
3.666068277654846441e-01
3.632755896995213396e-01
3.600014595126370676e-01
3.567830751665582167e-01
3.536191281129155151e-01
3.505083369221191347e-01
3.474494605592134966e-01
3.444412944038042212e-01
3.414826560571543879e-01
3.385724137556359592e-01
3.357094528823321711e-01
3.328926958892121091e-01
3.301210956183258660e-01
3.273936288152304863e-01
3.247093069285997835e-01
3.220671592426981866e-01
3.194662593960810870e-01
3.169056845090994501e-01
3.143845540818878126e-01
3.119019982741674246e-01
3.094571841228381248e-01
3.070492905824745988e-01
3.046775248886026133e-01
3.023411103466727701e-01
3.000392967705294844e-01
2.977713470507208915e-01
2.955365512615853452e-01
2.933342130976757667e-01
2.911636563528391952e-01
2.890242238381264817e-01
2.869152692933657489e-01
2.848361735372499925e-01
2.827863245587464713e-01
2.807651321202515593e-01
2.787720124231141128e-01
2.768064093825352567e-01
2.748677730034948530e-01
2.729555648075334129e-01
2.710692651970108558e-01
2.692083683237653235e-01
2.673723732924151997e-01
2.655608032225830750e-01
2.637731833271035331e-01
2.620090539260055418e-01
2.602679688812436498e-01
2.585494873867424936e-01
2.568531865046516094e-01
2.551786466693298783e-01
2.535254630029663558e-01
2.518932380083523381e-01
2.502815859826483247e-01
2.486901261560962306e-01
2.471184935952106809e-01
2.455663261149696186e-01
2.440332689533924182e-01
2.425189841872804897e-01
2.410231274768271093e-01
2.395453792964581941e-01
2.380854159308449236e-01
2.366429242790731025e-01
2.352175980733630933e-01
2.338091372105338961e-01
2.324172501411077285e-01
2.310416528729856422e-01
2.296820639630319516e-01
2.283382099168799195e-01
2.270098247910186939e-01
2.256966472481101993e-01
2.243984218669247688e-01
2.231149005468668900e-01
2.218458337821223592e-01
2.205909832791964620e-01
2.193501180544099316e-01
2.181230087966731512e-01
2.169094303290548809e-01
2.157091624607352653e-01
2.145219896171360607e-01
2.133477047507459923e-01
2.121860998222319106e-01
2.110369711478796706e-01
2.099001282816290725e-01
2.087753676205235664e-01
2.076625063178630659e-01
2.065613626173605222e-01
