# bin_6_1
2.048768966291435307e-09
2.085094317633929779e-09
2.126670281792394989e-09
2.174104155483399976e-09
2.228030597819238396e-09
2.289092038491476084e-09
2.357923332028001404e-09
2.435108938839990564e-09
2.521148536870728836e-09
2.616413325361314032e-09
2.721100815917619219e-09
2.835168646624935417e-09
2.958264453847606890e-09
3.089454095219009777e-09
3.227425045581439772e-09
3.370377527244026577e-09
3.516174659771991743e-09
3.661849705072858848e-09
3.802460583533980913e-09
3.932238602119285562e-09
4.044978747201463360e-09
4.135145268697606562e-09
4.195532850149650999e-09
4.217763856258248449e-09
4.196044100488174682e-09
4.126452597763806917e-09
4.005882831194622324e-09
3.836229409129403732e-09
3.621670509618904618e-09
3.370305829291359696e-09
3.092747894834023239e-09
2.801330804154709148e-09
2.508303217686316668e-09
2.224096396690784852e-09
1.955829981712484075e-09
1.707548038308173199e-09
1.480958146149381658e-09
1.276574732390229831e-09
1.094911259554238701e-09
9.340510433121364067e-10
7.891553283181832779e-10
6.592123947059114012e-10
5.478650582982228262e-10
4.546684905431465257e-10
3.761607687080992268e-10
3.126695092333091470e-10
2.624139702675172210e-10
2.205598186467119013e-10
1.830787158578237421e-10
1.495833894750320675e-10
1.231633119735538889e-10
1.031874329333856775e-10
8.518775457073646455e-11
6.983940385639975874e-11
5.762962124582830691e-11
4.696657876968276073e-11
3.819027117921985389e-11
3.078617593539490053e-11
2.462943192964372481e-11
1.954539687066360511e-11
1.538887198617643506e-11
1.203030862049545295e-11
9.349606088400173996e-12
7.234884315438595912e-12
5.583581434989312915e-12
4.303832290397579715e-12
3.316255073611031508e-12
2.554894629549525353e-12
1.966953665012928968e-12
1.511554993054787624e-12
1.157894997545912526e-12
8.830632802006043148e-13
6.700275386490550629e-13
5.058561724213161801e-13
3.802782482722492357e-13
2.849327284024541573e-13
2.130298579181813814e-13
1.590803373574888394e-13
1.187355120287383488e-13
8.863937210200006939e-14
6.623756974459642357e-14
4.962760550448267156e-14
3.728806250260896166e-14
2.804522145853000810e-14
2.110608288469130479e-14
1.589890919556022888e-14
1.199341914618304691e-14
9.069036944450951332e-15
6.884598951806060047e-15
5.258292913447132006e-15
4.054882697003418410e-15
3.171328529091103328e-15
2.530124319949765527e-15
2.071501219191383270e-15
1.748791216243028187e-15
1.522287336552697385e-15
1.364154006494923915e-15
1.257156532832939863e-15
1.181962731826418970e-15
1.126861407335683899e-15
