# bin_5_3
3.575655642480368122e-09
3.653209219602513124e-09
3.742649224257948945e-09
3.845579268954584043e-09
3.963746091173129301e-09
4.099026929459697859e-09
4.253407294998905789e-09
4.428944986379186760e-09
4.627719795571747485e-09
4.851765495366068758e-09
5.102982604369529156e-09
5.383032633617413952e-09
5.693210044479688633e-09
6.034296106073310330e-09
6.406347124642881131e-09
6.808457160841383763e-09
7.238491584549788568e-09
7.692586555194182576e-09
8.164505335068065764e-09
8.645548172956238154e-09
9.123888376491816837e-09
9.584982778070539286e-09
1.001158003232922501e-08
1.038380755740397081e-08
1.067990384122758777e-08
1.087771946530582971e-08
1.095652605316279827e-08
1.090018398884223426e-08
1.069984461049643058e-08
1.035824400710983495e-08
9.892215458694943942e-09
9.332618036604779204e-09
8.717398032545822269e-09
8.078523891553173560e-09
7.427630060429744917e-09
6.755449753003263051e-09
6.050857609872547838e-09
5.331823744014431189e-09
4.650829348952416240e-09
4.046988155774536411e-09
3.505314471802087022e-09
2.989719761194318169e-09
2.504576507484761733e-09
2.080922420575146034e-09
1.733507246268366258e-09
1.448240996806937111e-09
1.204300187694040778e-09
9.917809249016434139e-10
8.057494605140137627e-10
6.508012801039908523e-10
5.342854061908397390e-10
4.400444566925894348e-10
3.564408642518188978e-10
2.927537145918308831e-10
2.394067720037713503e-10
1.960958767237052269e-10
1.603160352788781669e-10
1.309344486908097711e-10
1.066427953999998038e-10
8.657321004399565230e-11
7.000538090862517223e-11
5.635082546848596916e-11
4.512695182875415025e-11
3.593702003992919672e-11
2.845165108737405010e-11
2.239139341154169907e-11
1.751592671929226777e-11
1.361781278595194775e-11
1.051998242267420072e-11
8.073723038121634500e-12
6.155479591862371730e-12
4.662894699977682706e-12
3.511611258406835417e-12
2.632148758048057337e-12
1.966776791568031025e-12
1.467328270618209809e-12
1.094142318157063514e-12
8.158316688085329463e-13
6.085771952111655932e-13
4.544100157135744519e-13
3.398238596923511604e-13
2.547000822418021375e-13
1.910844295043260051e-13
1.433620132028433431e-13
1.075602765777887996e-13
8.070768519939061230e-14
6.057328173083628262e-14
4.548315585154280096e-14
3.418148990366500913e-14
2.572616749775890627e-14
1.941042601355040426e-14
1.470776209391822341e-14
1.123292233130336771e-14
8.701656800220136429e-15
6.886649037677966004e-15
5.573505687035630428e-15
4.607511332309275479e-15
3.908254219809565411e-15
3.424179981395988731e-15
3.105948814086895996e-15
