# bin_2_2
2.390495267779865546e-08
2.453069280215066738e-08
2.525950401959074372e-08
2.610787871514320603e-08
2.709476481351489033e-08
2.824186173837339794e-08
2.957392045960805613e-08
3.111903660936725532e-08
3.290891322407757248e-08
3.497906629284982237e-08
3.736893474741520966e-08
4.012184314482308584e-08
4.328475728306376535e-08
4.690775919990071341e-08
5.104312246852437830e-08
5.574382784502232978e-08
6.106142060474215866e-08
6.704309925428483816e-08
7.372762215771181940e-08
8.114007456052769350e-08
8.928547713295041544e-08
9.813996488644175642e-08
1.076407100418041045e-07
1.176764418533958316e-07
1.280750898008204631e-07
1.385902041342137976e-07
1.488889817257895127e-07
1.585440526822522927e-07
1.670317872266474131e-07
1.737443215444203124e-07
1.780252731720578476e-07
1.792379735415493382e-07
1.768712650702783281e-07
1.706768826545559422e-07
1.608073492163597043e-07
1.478946673212835127e-07
1.330193692931721817e-07
1.174884652935696872e-07
1.025161074681617479e-07
8.890201487754378415e-08
7.686619095128127170e-08
6.610388216411783779e-08
5.597544534463882289e-08
4.616718647041523090e-08
3.724239152185656119e-08
3.005674195469396084e-08
2.444084638518789941e-08
1.972303326848334632e-08
1.579986217903118814e-08
1.269726000165225817e-08
1.024259941801751491e-08
8.286998301335489199e-09
6.750949437194272975e-09
5.537883497000503913e-09
4.578239753992420339e-09
3.812667470715017742e-09
3.194227703149458886e-09
2.686213979151123183e-09
2.260786488430888303e-09
1.897688391185462679e-09
1.582990724033769451e-09
1.307838993525307444e-09
1.067161594541765345e-09
8.583224536102385151e-10
6.798569298752387687e-10
5.304334660237889597e-10
4.081853769200907613e-10
3.104755068690255865e-10
2.340245341143095656e-10
1.752538776509078015e-10
1.306710885358361568e-10
9.715973824633980935e-11
7.212067746661480851e-11
5.348834922715545853e-11
3.966785592848589363e-11
2.944546674813448909e-11
2.189765372649088504e-11
1.631529075716254609e-11
1.216704547513527448e-11
9.073785517281998660e-12
6.765847614004419925e-12
5.044166913340147050e-12
3.760077046982329795e-12
2.802532408788213555e-12
2.088611693535038752e-12
1.556412051930611480e-12
1.159733962680107686e-12
8.641061621959251420e-13
6.438140935402894195e-13
4.796794742468794482e-13
3.574011827585938128e-13
2.663217177694356992e-13
1.985094813176937651e-13
1.480587388693688834e-13
1.106287645489691491e-13
8.314178234898813346e-14
6.338998598040339305e-14
4.980917113073512424e-14
4.101540638360573990e-14
3.627271449160374955e-14
