# bin_5_4
5.063077067974212171e-09
5.177041824371249578e-09
5.308761184213031928e-09
5.460736554154589529e-09
5.635734431672351600e-09
5.836785650178646944e-09
6.067175027029382371e-09
6.330416578901285160e-09
6.630213595991773826e-09
6.970399506008708301e-09
7.354857066700217667e-09
7.787415755018580740e-09
8.271723434420345896e-09
8.811093368880274493e-09
9.408263553169497439e-09
1.006511673499395550e-08
1.078236489976337577e-08
1.155892386738830182e-08
1.239109098620287964e-08
1.327237161110149736e-08
1.419258093930511355e-08
1.513816789065000883e-08
1.609204009361659491e-08
1.703341739019195910e-08
1.793839440565253694e-08
1.878131826598001201e-08
1.953632008564421248e-08
2.018021121480371778e-08
2.069584342463444305e-08
2.107656139614771720e-08
2.132742126220706406e-08
2.146521324730624989e-08
2.150882687636013462e-08
2.146264586124131384e-08
2.129862651993433086e-08
2.095590278831616116e-08
2.036609472758942872e-08
1.949613359982489008e-08
1.836432764394598181e-08
1.699562513314167952e-08
1.538975191392507226e-08
1.357981155698247324e-08
1.171403438534241836e-08
1.001003211032043168e-08
8.616482807801093280e-09
7.512604241126421220e-09
6.527876176477273874e-09
5.447168459856975182e-09
4.323390184272971722e-09
3.434885082626314904e-09
2.850497393455366048e-09
2.306939411748585736e-09
1.804791154993971720e-09
1.458205973600566360e-09
1.153352083676263316e-09
9.216467751858694716e-10
7.340889514558140673e-10
5.875253771656947194e-10
4.718741241302541381e-10
3.806662967487293782e-10
3.085944271227756465e-10
2.513949874754722182e-10
2.056943144794749433e-10
1.688576610810348903e-10
1.388366779351493669e-10
1.140603104963223031e-10
9.335681599523391309e-11
7.588461695352207536e-11
6.107210160126614247e-11
4.855012863559988865e-11
3.807492088697104385e-11
2.945914830360142521e-11
2.252024702496385587e-11
1.705262709820618427e-11
1.282815290635791141e-11
9.613083367408640400e-12
7.189697164174955849e-12
5.372860308695655370e-12
4.015920856010340580e-12
3.006248486804845142e-12
2.258899878212234665e-12
1.705114782506291587e-12
1.288793402121282616e-12
9.739580841616221642e-13
7.358836090129413234e-13
5.559089174599781931e-13
4.198956002509620162e-13
3.171368421497674015e-13
2.395275592397756042e-13
1.809343228175063348e-13
1.367172665233511475e-13
1.033719506582067532e-13
7.826077017516811593e-14
5.939626580454082363e-14
4.525977982031096229e-14
3.464966106982643371e-14
2.666543009069987964e-14
2.067239856605544686e-14
1.620384873982129563e-14
1.289445171217225393e-14
