# bin_2_6
2.940172494786969196e-07
3.017842241887077865e-07
3.108377272461260787e-07
3.213864494191581492e-07
3.336713075960695514e-07
3.479698012067589205e-07
3.646006790902586104e-07
3.839288074388264198e-07
4.063700190909807829e-07
4.323956655186187176e-07
4.625365381898482468e-07
4.973856960103630115e-07
5.375992403786059851e-07
5.838940127345897646e-07
6.370415988014084890e-07
6.978574650930337506e-07
7.671827878544460371e-07
8.458576190627022729e-07
9.346823914396261870e-07
1.034365545705395118e-06
1.145455513063803144e-06
1.268243669897458196e-06
1.402639930230416814e-06
1.548035103922830122e-06
1.703131509452224219e-06
1.865787325234002028e-06
2.032802422906880844e-06
2.199664240653834228e-06
2.360434071599850858e-06
2.507641894668727074e-06
2.632354843699342776e-06
2.724523684966657575e-06
2.773714320594094166e-06
2.770360360408048350e-06
2.707551335595525883e-06
2.583179309007322502e-06
2.402087196369472361e-06
2.177231173995637666e-06
1.929112958336626223e-06
1.682186794401525296e-06
1.457933499494840585e-06
1.266344819261631861e-06
1.099946102358352741e-06
9.412893091215653893e-07
7.791725635823279396e-07
6.261470239212731939e-07
5.027767914522956479e-07
4.102869483848889090e-07
3.318037027491671596e-07
2.633295782128155133e-07
2.113211596964078422e-07
1.693963731000572426e-07
1.361630849210176621e-07
1.100834755592017646e-07
8.960307048907105419e-08
7.348446194567012205e-08
6.074417052396792313e-08
5.057593635890760141e-08
4.234505117815179373e-08
3.556214244317216104e-08
2.986083010678145723e-08
2.497832992183007194e-08
2.073717596747046284e-08
1.702848221920275658e-08
1.379303465770069097e-08
1.100186268411108872e-08
8.637823907247904861e-09
6.681049296797581411e-09
5.100883433496289010e-09
3.854663212566204222e-09
2.891502401675085959e-09
2.158550850579372209e-09
1.606648683456055872e-09
1.193779350544658922e-09
8.861932412906285853e-10
6.578302997657435719e-10
4.888597637892343267e-10
3.641449505283160923e-10
2.719772509556132527e-10
2.033636813748082614e-10
1.520497656112584206e-10
1.136620936780487350e-10
8.495104202391792279e-11
6.348222374185235117e-11
4.743220804589447440e-11
3.543560160712338530e-11
2.647031370475940039e-11
1.977146722434072693e-11
1.476682998952991293e-11
1.102840698709387667e-11
8.236160586460965278e-12
6.150855241085167163e-12
4.593737761293728423e-12
3.431262346673878692e-12
2.563962919891690374e-12
1.918407058966580906e-12
1.440491495491374030e-12
1.090891434981156710e-12
8.399634322081703465e-13
6.711448582758897023e-13
