# bin_6_6
1.222081548929708504e-08
1.249772699630972673e-08
1.281850043035849304e-08
1.318961491273663324e-08
1.361838233979101318e-08
1.411300180552288407e-08
1.468263964773241336e-08
1.533745002490937101e-08
1.608862778617014547e-08
1.694844877799146493e-08
1.793031346509587801e-08
1.904873718183318441e-08
2.031931794852195342e-08
2.175820147388144300e-08
2.338269245492751200e-08
2.521095376203013520e-08
2.726227256903878559e-08
2.955569684973771450e-08
3.210663771086367687e-08
3.492912477966587035e-08
3.803614433103872356e-08
4.144121101244722004e-08
4.515120260886422644e-08
4.916606738207357004e-08
5.348630754561392566e-08
5.810889315432892327e-08
6.302156887154806736e-08
6.820810379165463539e-08
7.363519444474302621e-08
7.926189599854097770e-08
8.502106449610797608e-08
9.081046767965924069e-08
9.648603817461188492e-08
1.018448877822171624e-07
1.066165284109761404e-07
1.104577912446787729e-07
1.129579697362740503e-07
1.136591550861900943e-07
1.121094114646477552e-07
1.079472196934591315e-07
1.010505292490958278e-07
9.175850466315254535e-08
8.099103782183218412e-08
7.010847035166946395e-08
6.052668220832062754e-08
5.291658577814650392e-08
4.685038657359734788e-08
4.065595219123833574e-08
3.320181193577701043e-08
2.588781573759435870e-08
2.089683760724551946e-08
1.743270468383002010e-08
1.362769968923377604e-08
1.070937148576349484e-08
8.542064657835151959e-09
6.673252984873399437e-09
5.267711550623443006e-09
4.156060313611052987e-09
3.291365014724901857e-09
2.622144602528635321e-09
2.103571213805124102e-09
1.700765754757324980e-09
1.386212940064300037e-09
1.138318546825200787e-09
9.404413744398888499e-10
7.797819086709505036e-10
6.467879079150963248e-10
5.345986587276568601e-10
4.385810733027141299e-10
3.558704095755816399e-10
2.848562211164798470e-10
2.246448707792654189e-10
1.746020025297279140e-10
1.339885919201603292e-10
1.018059090995983802e-10
7.683183744068763343e-11
5.775411757978460381e-11
4.332709553230592097e-11
3.248523004133245271e-11
2.437518322614035712e-11
1.833798954962023286e-11
1.387204909719614523e-11
1.053622316613784211e-11
8.005538001980231099e-12
6.081080060430429862e-12
4.618081676178622721e-12
3.506267928592657221e-12
2.661615795072773596e-12
2.020128218233049859e-12
1.533082877489106229e-12
1.163408726720119518e-12
8.829046853614955604e-13
6.701296402093790902e-13
5.087840934477436597e-13
3.864794353042125250e-13
2.937875680003349686e-13
2.235601093431336001e-13
1.703981216167814023e-13
1.301473886976128685e-13
9.967148248138694780e-14
