# bin_3_6
1.019621524221669836e-07
1.046204194778865170e-07
1.077179033323111862e-07
1.113256270592221984e-07
1.155255899534413716e-07
1.204123069228645030e-07
1.260944897304733433e-07
1.326969017269375705e-07
1.403623549059178408e-07
1.492538280965659174e-07
1.595565909492823167e-07
1.714795356662211699e-07
1.852569686270308222e-07
2.011495416987281460e-07
2.194446731133337187e-07
2.404541172221418727e-07
2.645084059504471091e-07
2.919520481910663152e-07
3.231342021698114762e-07
3.583964927750235661e-07
3.980590231739345713e-07
4.423923644419908234e-07
4.915917190930370521e-07
5.457454540898286382e-07
6.047827134216951288e-07
6.683784080590746740e-07
7.359207952493283436e-07
8.065091482433720144e-07
8.787675255038748023e-07
9.508245512547882301e-07
1.020300271549194803e-06
1.084280414014390916e-06
1.139395441878320787e-06
1.181930691671026821e-06
1.207998129295144614e-06
1.213741247589975321e-06
1.195613232081132808e-06
1.150804779038650675e-06
1.078263003208899986e-06
9.804361724810908852e-07
8.653358896468169717e-07
7.473650167760926417e-07
6.433333296435911280e-07
5.617768151745209006e-07
4.979493647316269890e-07
4.320659632491445743e-07
3.522038418753862642e-07
2.752051043961163491e-07
2.236594615006365298e-07
1.861442604788722664e-07
1.461985906331642412e-07
1.160371785818175141e-07
9.286689166132476737e-08
7.349590128782708614e-08
5.864443996234740708e-08
4.689653385470355158e-08
3.772602408111460556e-08
3.056485560526596051e-08
2.495495304188664185e-08
2.053411788034289974e-08
1.701618675819433316e-08
1.417824378799513895e-08
1.184975634139381387e-08
9.901474059967238710e-09
8.239818191984971863e-09
6.801316838372340400e-09
5.547344070900099199e-09
4.457979407345184507e-09
3.524430079061437391e-09
2.741448274956961118e-09
2.101718208362544015e-09
1.592802114643856490e-09
1.197395019976656514e-09
8.957031758759174712e-10
6.681990148958227899e-10
4.977353516247277341e-10
3.704945340352420543e-10
2.758275108494576619e-10
2.057454833374958134e-10
1.541808541050596082e-10
1.159204778674561363e-10
8.718229639701845066e-11
6.555307159154485544e-11
4.927857930216103584e-11
3.703672135662035104e-11
2.783076406169809078e-11
2.090957436698236393e-11
1.570732525898098623e-11
1.179794144057536556e-11
8.860699143425013045e-12
6.654255457810948748e-12
4.997068115912185410e-12
3.752630030749521957e-12
2.818324131792154098e-12
2.117072448096064678e-12
1.591095896289391376e-12
1.197296984712352298e-12
9.038193123068642190e-13
6.856882077140835864e-13
5.230226617976143544e-13
