# bin_1_4
4.898340953783871583e-07
5.023773840431306688e-07
5.169755399045488982e-07
5.339533895742132684e-07
5.536827535108140181e-07
5.765879249306405421e-07
6.031508805312991004e-07
6.339162536435074088e-07
6.694947868102811854e-07
7.105649689822778510e-07
7.578720149644645326e-07
8.122246787494473191e-07
8.744939199377148315e-07
9.455970658709295908e-07
1.026478595377475577e-06
1.118080420341473344e-06
1.221279777675774611e-06
1.336817992866616452e-06
1.465223209599356683e-06
1.606714767073918130e-06
1.761077306506147726e-06
1.927440328651140622e-06
2.104088182162140753e-06
2.288300659759148334e-06
2.476075564917181440e-06
2.661857305420263343e-06
2.838418631101691955e-06
2.996749555138467776e-06
3.126201239410513005e-06
3.214990375162432598e-06
3.251215065819754474e-06
3.224535646604791400e-06
3.128483342949942493e-06
2.963152343991274065e-06
2.737461519450880198e-06
2.469764334511990818e-06
2.185604858436149894e-06
1.910804255192597783e-06
1.662742698113775230e-06
1.443595805349252396e-06
1.243064575906534617e-06
1.052398840764377038e-06
8.720150515814009168e-07
7.093163400076448027e-07
5.721218380207020286e-07
4.640141733916611335e-07
3.762836773722115053e-07
3.018069795178076789e-07
2.427841786426807654e-07
1.960332466632198740e-07
1.587670285590312405e-07
1.294274377498640359e-07
1.062574559524298054e-07
8.792038974168776803e-08
7.330149157062180730e-08
6.150272811441299938e-08
5.182016363737332637e-08
4.371522781276425829e-08
3.679287088719189323e-08
3.078044313886313122e-08
2.550527472736496005e-08
2.087107221707503801e-08
1.683159613361096886e-08
1.336465398830105203e-08
1.045052904184298835e-08
8.058041660738499377e-09
6.139675149369267900e-09
4.634341109035871083e-09
3.474210258456043874e-09
2.592277518959410700e-09
1.928192015202291277e-09
1.431300613277338430e-09
1.061162536667044908e-09
7.864852245892048075e-10
5.832722919175796696e-10
4.331681313938413196e-10
3.222402619737417455e-10
2.399688993347511184e-10
1.787339216362209740e-10
1.331097163296490878e-10
9.911773466682460671e-11
7.379665389311205777e-11
5.493788273535449638e-11
4.089439573535826326e-11
3.043822254234957795e-11
2.265406650606564013e-11
1.685981599902708460e-11
1.254727644532359034e-11
9.337881406146062004e-12
6.949704508012247447e-12
5.172793878136435864e-12
3.851047154998735043e-12
2.868933694412606695e-12
2.140828787232841648e-12
1.603777653672069122e-12
1.213177442707686416e-12
9.393872445841935967e-13
7.660206430716010982e-13
6.694074740900995375e-13
6.289186281279704849e-13
