# bin_6_4
6.159834129180913980e-09
6.282453655209601156e-09
6.423592859752300006e-09
6.585678461675011908e-09
6.771351898408915999e-09
6.983440403800742871e-09
7.224938742653063367e-09
7.498928501083310691e-09
7.808511401402443769e-09
8.156717082205992419e-09
8.546398564358849303e-09
8.980070477332937741e-09
9.459720593548064291e-09
9.986174396249442558e-09
1.055943632697989087e-08
1.117833759684718884e-08
1.184069447216018779e-08
1.254205344703048653e-08
1.327299116717744647e-08
1.402127893449123440e-08
1.477240171966394650e-08
1.551153859606332374e-08
1.621819569656940197e-08
1.686706995561872661e-08
1.743582762390946310e-08
1.790346614424243294e-08
1.824818469194761842e-08
1.845702783264853426e-08
1.852057527730475752e-08
1.843751735805445638e-08
1.821258698813078844e-08
1.785586300198603804e-08
1.737968206120065036e-08
1.679502953683436953e-08
1.610816049748622881e-08
1.532103620772195631e-08
1.443266120024338512e-08
1.344084335380634926e-08
1.234760860644475119e-08
1.115616591974450911e-08
9.878300425145409490e-09
8.574716222861529641e-09
7.348793433857040617e-09
6.274046270261101206e-09
5.368331644865031832e-09
4.606605389132288796e-09
3.904893998385301443e-09
3.211716571289780514e-09
2.589733587665147453e-09
2.095776256391439324e-09
1.702451153434800082e-09
1.379531314120530258e-09
1.105081185283841939e-09
8.859383815748011985e-10
7.130118768620435085e-10
5.723428357449089440e-10
4.609428499446832180e-10
3.718331854141593229e-10
3.006501462009185621e-10
2.436672209257283466e-10
1.979018194512918346e-10
1.610086483913601535e-10
1.311368696287133274e-10
1.068200618835309497e-10
8.690264788337244051e-11
7.048113364285389489e-11
5.686409824908475394e-11
4.553644213519979511e-11
3.612265973519954744e-11
2.834685600988116876e-11
2.199486704804626712e-11
1.688291433372995965e-11
1.283811371747847601e-11
9.691073406687251358e-12
7.277919107324838246e-12
5.447986710725310869e-12
4.071147752714867747e-12
3.040482047705984569e-12
2.271730337139863663e-12
1.700596656242494923e-12
1.276842769344737431e-12
9.614196907230561224e-13
7.249767031185198011e-13
5.467468201887683408e-13
4.122948540730990071e-13
3.108931879540725511e-13
2.344376891748985553e-13
1.768133624326392084e-13
1.334023084008191208e-13
1.007174089030935291e-13
7.613104178229867591e-14
5.765805352940770347e-14
4.380216765472655753e-14
3.343251838789206138e-14
2.569288963770928928e-14
1.992300685607150114e-14
1.563361094084507066e-14
1.247737911126120970e-14
1.014861496728881261e-14
8.428883031758127256e-15
