# bin_1_5
6.288248737124702594e-07
6.449553116564562090e-07
6.637296048071837738e-07
6.855661570678858788e-07
7.109440695900278272e-07
7.404102472767100400e-07
7.745862011019487660e-07
8.141745605547403151e-07
8.599637200721599283e-07
9.128302182290323078e-07
9.737377752887586255e-07
1.043733502841445535e-06
1.123946004904851588e-06
1.215565606031166174e-06
1.319819880618660328e-06
1.437935715619319248e-06
1.571061390083627563e-06
1.720176205542855409e-06
1.885990652057006798e-06
2.068822385744066552e-06
2.268434273214868416e-06
2.483754451040333898e-06
2.712629473315287427e-06
2.951616217729203992e-06
3.195624899930000837e-06
3.437564394836845400e-06
3.668179442839455446e-06
3.875897546741572068e-06
4.046992438794424002e-06
4.166203714765506605e-06
4.218008613005844428e-06
4.188751904580496714e-06
4.069608550819576227e-06
3.860089549120674027e-06
3.571074182278446137e-06
3.225794858889492885e-06
2.857162407500854439e-06
2.499021570739180054e-06
2.174839218559293824e-06
1.888561633212032106e-06
1.627400184431201293e-06
1.379555935148408243e-06
1.144490058738668580e-06
9.313460441126174058e-07
7.510575445780056892e-07
6.091309503101500678e-07
4.941327577494019051e-07
3.963242077726352433e-07
3.187137496931286162e-07
2.572729453745434267e-07
2.082731988150876342e-07
1.696953224682857534e-07
1.392361163751043195e-07
1.151393742463845893e-07
9.594270745143155297e-08
8.046464141890365885e-08
6.777870191163830903e-08
5.717441158263940312e-08
4.812909719059360475e-08
4.028044568943499660e-08
3.339749413692903993e-08
2.735025675345650490e-08
2.207572799399148702e-08
1.754403113645570889e-08
1.372999657869355302e-08
1.059440032636426013e-08
8.076936448458915093e-09
6.099303963879923420e-09
4.573862534348422784e-09
3.413503210923327826e-09
2.539407172082420605e-09
1.885201488606473517e-09
1.397778447050230124e-09
1.035996839191043547e-09
7.683038330024443784e-10
5.705662886727103749e-10
4.244540841695441832e-10
3.161029427884414483e-10
2.354585307359128109e-10
1.753692925507498955e-10
1.305965935980006187e-10
9.724192083838832997e-11
7.239766306106254231e-11
5.389537925981556676e-11
4.011819812087932766e-11
2.986082947674527577e-11
2.222496569397794652e-11
1.654127572050290409e-11
1.231111441011047449e-11
9.163095396053109901e-12
6.820623380296363954e-12
5.078008001943328113e-12
3.782945765382497575e-12
2.822526450892916895e-12
2.113685663042363479e-12
1.597443921228282337e-12
1.234492516654924137e-12
1.003034555786033085e-12
8.726092816274265432e-13
8.169851392208542028e-13
