# bin_4_5
3.617910773484755633e-08
3.704740328766880699e-08
3.805567273771426770e-08
3.922532975591334934e-08
4.058081322201798410e-08
4.214982082905739844e-08
4.396362703237676835e-08
4.605751806703793931e-08
4.847101074162722855e-08
5.124817114642498579e-08
5.443790968400502703e-08
5.809408250532391848e-08
6.227512553247210530e-08
6.704264350871343194e-08
7.246005195902793608e-08
7.859483160831078545e-08
8.551803391152044987e-08
9.329905011631369404e-08
1.020018146290116059e-07
1.116814776984642840e-07
1.223806428075146656e-07
1.341342866139399957e-07
1.469613352634661960e-07
1.608583035755744891e-07
1.758111664051397283e-07
1.917877472609140257e-07
2.087178147393900054e-07
2.264912787667273837e-07
2.449616789500436846e-07
2.638752605224500432e-07
2.828474542444649291e-07
3.013366187650724355e-07
3.186091589524874723e-07
3.337434844498157431e-07
3.456554279599067787e-07
3.531504545822121345e-07
3.549697775825908426e-07
3.498569865655992720e-07
3.367632136068364935e-07
3.152518834254756297e-07
2.861106660511081610e-07
2.519923487908353975e-07
2.174514759292881401e-07
1.874189892347061382e-07
1.640239646645538488e-07
1.457967804838690414e-07
1.264970138483639456e-07
1.026079566965849674e-07
7.974093666354358001e-08
6.509156599263569580e-08
5.429286547842082021e-08
4.220525722411014665e-08
3.356070201258374929e-08
2.671390627134576388e-08
2.105900930487450404e-08
1.669731312489927408e-08
1.327669078473322150e-08
1.060473707219667976e-08
8.526661798637154341e-09
6.907559247343806263e-09
5.640841133648723462e-09
4.642216197998450962e-09
3.845750059974242981e-09
3.200691217836619220e-09
2.668129609967970830e-09
2.219411480176575213e-09
1.834534553764927938e-09
1.500763595562001898e-09
1.211041662674955420e-09
9.619974796633078469e-10
7.518982817490690094e-10
5.790064290847624633e-10
4.404751720651385009e-10
3.321693723044755944e-10
2.491390381862209538e-10
1.863124130682615722e-10
1.391170607957436289e-10
1.038196591538389341e-10
7.751539172908282370e-11
5.801863618448892068e-11
4.366024334661093852e-11
3.296493235070099105e-11
2.489333334949446747e-11
1.879317425451694819e-11
1.418444120408502618e-11
1.070359479315085727e-11
8.075397401758237234e-12
6.091557157705064537e-12
4.594518588599222149e-12
3.465141671005702819e-12
2.613382903475618231e-12
1.971195623943150570e-12
1.487139527805450085e-12
1.122362360358661863e-12
8.475309893605861659e-13
6.405057874425261499e-13
4.846401048743721897e-13
3.675008032958627871e-13
2.796383162163311897e-13
2.137167097602506773e-13
