# bin_1_1
7.751028989778877614e-08
7.939807263843565586e-08
8.159095158867274449e-08
8.413571388113155321e-08
8.708542560438946232e-08
9.050010202240854365e-08
9.444721065390854132e-08
9.900211121639720567e-08
1.042479668996434380e-07
1.102751690328681779e-07
1.171801196989553780e-07
1.250639093245053646e-07
1.340331978562545352e-07
1.441960723056102279e-07
1.556588254417368189e-07
1.685211681075442839e-07
1.828604915210260250e-07
1.987176513063140047e-07
2.160886908602471218e-07
2.349158103726481048e-07
2.550689821010597988e-07
2.762997989393199010e-07
2.982219169460648051e-07
3.203004721042443392e-07
3.418126693353124003e-07
3.618193194191668118e-07
3.791814797005657599e-07
3.925725935723994119e-07
4.005598155935687656e-07
4.017561368077138149e-07
3.950532928181264765e-07
3.799271571357328460e-07
3.567391264221091908e-07
3.269383105577921055e-07
2.929953057125817718e-07
2.579730786626176966e-07
2.248249891867396261e-07
1.953496257810070485e-07
1.695193287168747373e-07
1.457215113844548734e-07
1.225287495615385213e-07
1.005139526305913930e-07
8.154892410503205911e-08
6.630391459089861633e-08
5.376357869337435666e-08
4.342638560051934209e-08
3.501976630609522447e-08
2.824376318183436129e-08
2.289451692159058931e-08
1.863639801891235650e-08
1.527497113365855668e-08
1.261412970553415724e-08
1.049844136896465576e-08
8.800058556858929383e-09
7.416988329865023409e-09
6.269613213464378665e-09
5.297951087738507217e-09
4.458937329546359063e-09
3.723870716809771365e-09
3.075635939730739112e-09
2.505566747153291279e-09
2.010057177212586868e-09
1.587312586053952600e-09
1.234811351513492796e-09
9.479366272064258007e-10
7.198164776228184084e-10
5.420398917744379142e-10
4.057176563527055867e-10
3.024234361220380599e-10
2.247905721604647160e-10
1.667591195421349132e-10
1.235554398372757007e-10
9.150939089910322940e-11
6.782059775756200997e-11
5.033222600356507857e-11
3.739856944631095010e-11
2.780615469535668838e-11
2.067598663895598036e-11
1.537247448897239764e-11
1.142794802320501490e-11
8.494650715438729132e-12
6.313673404259470073e-12
4.692298776350021170e-12
3.487103962677560922e-12
2.591374033078965197e-12
1.925731157697354607e-12
1.431129848473889227e-12
1.063669943180326627e-12
7.907077247816547819e-13
5.879831555219596791e-13
4.374557855620363654e-13
3.257952155040704252e-13
2.433251640645479278e-13
1.829309127667462148e-13
1.394607494682513530e-13
1.094977778000771598e-13
9.077633388741275841e-14
8.169702309162758990e-14
7.842751203139856351e-14
7.772155170578121824e-14
