# bin_2_4
2.056527264017235937e-07
2.110799204388823221e-07
2.174055170262692210e-07
2.247750229855739735e-07
2.333563219521802970e-07
2.433426612918946724e-07
2.549558332264142095e-07
2.684494706246071062e-07
2.841122986149901166e-07
3.022711449838577661e-07
3.232934639813736901e-07
3.475890203109872958e-07
3.756100873595313510e-07
4.078494804852455438e-07
4.448359241547863666e-07
4.871258034030830385e-07
5.352897320142063355e-07
5.898930089929243167e-07
6.514676383078245359e-07
7.204745964593029685e-07
7.972552014194189408e-07
8.819618757764325027e-07
9.744706263313149367e-07
1.074286509125766084e-06
1.180427692457301476e-06
1.291314313852776217e-06
1.404620770690108475e-06
1.517114610383282095e-06
1.624582840844906774e-06
1.721778081651526920e-06
1.802498426418127129e-06
1.859871638732816910e-06
1.886920040304040515e-06
1.877485152174391751e-06
1.827492289457896224e-06
1.736382547227408351e-06
1.608426870468996411e-06
1.453205387633268588e-06
1.284856048108249106e-06
1.119381808040693901e-06
9.700487544386790656e-07
8.421891040616783237e-07
7.300067846175051676e-07
6.222390403217921613e-07
5.131793138820575904e-07
4.122425682733437150e-07
3.316340836441948676e-07
2.704542654563028454e-07
2.183273023856631838e-07
1.734705040159468306e-07
1.393086423576196846e-07
1.117393710795877994e-07
8.994619952438542932e-08
7.282292082458464581e-08
5.937231699142830682e-08
4.877471285479818054e-08
4.038199138403335396e-08
3.366540419179792570e-08
2.820992950332216729e-08
2.369702680160953695e-08
1.988984791641000364e-08
1.662008760167570983e-08
1.377557349757979206e-08
1.128851671457083860e-08
9.122484778858207767e-09
7.259273843703158191e-09
5.686847820606433270e-09
4.390227127429733820e-09
3.346857249715050457e-09
2.526424370262852641e-09
1.893754599124718234e-09
1.413032410563670248e-09
1.051400759955486292e-09
7.810369142070891002e-10
5.797132790440324203e-10
4.303081243783327289e-10
3.197973151946389629e-10
2.382279058888097429e-10
1.779104561522219002e-10
1.329919181175177886e-10
9.940530617451299545e-11
7.428689225351660047e-11
5.550596047445216023e-11
4.146667288920989613e-11
3.097406795244978095e-11
2.313365044241883550e-11
1.727604953633616518e-11
1.290050652802002303e-11
9.632504700054425787e-12
7.192015561460166668e-12
5.369708742583333669e-12
4.009155425299825142e-12
2.993518516963836455e-12
2.235539363505336676e-12
1.670291986842365645e-12
1.249979517438280992e-12
9.394688359897640610e-13
7.133057586039571958e-13
5.521404285788435208e-13
4.453919642648701169e-13
