# bin_5_2
1.135339537378068395e-09
1.159385353749377725e-09
1.187079943774145280e-09
1.218902459252158000e-09
1.255369895741376574e-09
1.297031235661404144e-09
1.344458239798246870e-09
1.398231526356843497e-09
1.458921896919558667e-09
1.527065896590590558e-09
1.603135372351038752e-09
1.687501719897548330e-09
1.780393835813417685e-09
1.881851799416717960e-09
1.991659602336065173e-09
2.109271607308407260e-09
2.233731663888625950e-09
2.363513471028266761e-09
2.496315444628831025e-09
2.629060246939753605e-09
2.757690793951591320e-09
2.877360094439913720e-09
2.982469403164889964e-09
3.066734817957920386e-09
3.123488047016045754e-09
3.146218124692809254e-09
3.129192624865877663e-09
3.068523409868545035e-09
2.963002198931957300e-09
2.815439483627253273e-09
2.633367394607526842e-09
2.428859477144904624e-09
2.216079677337259166e-09
2.006842953767157711e-09
1.805766685014754501e-09
1.609883737382040922e-09
1.414570546459525506e-09
1.223322243827437404e-09
1.049441544762980498e-09
9.017679961391533741e-10
7.734153898978352759e-10
6.528045913776956093e-10
5.409440581111161007e-10
4.450975394481897211e-10
3.677575479590792570e-10
3.061108043407219649e-10
2.557087867216929043e-10
2.125038873583157627e-10
1.735627868547481242e-10
1.406567623132201983e-10
1.164783894291025167e-10
9.699653142419422723e-11
7.924299374350398296e-11
6.553243007183028280e-11
5.396104329184366145e-11
4.432635025726980786e-11
3.625513588315358088e-11
2.951934643965517687e-11
2.388519094657287003e-11
1.920160025889356830e-11
1.533404804344566252e-11
1.216487395191838603e-11
9.589525090896953122e-12
7.515088495973251237e-12
5.859142994012187501e-12
4.548321016737237867e-12
3.517919726098574877e-12
2.711960210452642165e-12
2.083497597649790842e-12
1.594435696092833340e-12
1.214627206495354016e-12
9.205300399950103190e-13
6.939387072942548681e-13
5.206914067298744937e-13
3.894202578375733752e-13
2.907332011129756476e-13
2.168820665527158602e-13
1.617212120954887984e-13
1.205772691132659189e-13
8.993044150321050072e-14
6.715944240878343027e-14
5.028567275331638150e-14
3.770469404657501700e-14
2.827623682485075256e-14
2.120866112667570067e-14
1.591216395485485381e-14
1.194449285638438190e-14
8.974307159118477322e-15
6.753339765817510209e-15
5.095526006933476109e-15
3.861376345681987125e-15
2.947512203478029004e-15
2.279520843807412565e-15
1.802838780877779480e-15
1.471650589058533414e-15
1.237914115560517111e-15
1.068006233393240280e-15
9.471516080906370457e-16
8.658457944984706610e-16
8.135424695785375040e-16
