# bin_5_1
1.450946857162524321e-09
1.480714689231702605e-09
1.514940117486555522e-09
1.554187354015240541e-09
1.599057195466455701e-09
1.650176845338567806e-09
1.708185110225170768e-09
1.773711216937767989e-09
1.847347504822508326e-09
1.929614930978802983e-09
2.020921588525152619e-09
2.121515978600659603e-09
2.231434404430155374e-09
2.350446436872160596e-09
2.477973857540239591e-09
2.613005001167027679e-09
2.754004080483693636e-09
2.898712496531152116e-09
3.043891651769037854e-09
3.185379933981501854e-09
3.317845740736101121e-09
3.435136908612263774e-09
3.530387806269676631e-09
3.596159181036012889e-09
3.624908225620648399e-09
3.609743335090715713e-09
3.545223940234686919e-09
3.428711242488024022e-09
3.261228616500611562e-09
3.048961883644885637e-09
2.803789535241945769e-09
2.542700075787734376e-09
2.284326735649875424e-09
2.043141695574015618e-09
1.823375778147549680e-09
1.618734036833951170e-09
1.420064929579888610e-09
1.227675431360381189e-09
1.053424967799316876e-09
9.049356275437753200e-10
7.746189227794473225e-10
6.526938935374555772e-10
5.424417321574018024e-10
4.495381977189724563e-10
3.740791166114532490e-10
3.138362119188949244e-10
2.654952066325886475e-10
2.230762945743525610e-10
1.828213900288306399e-10
1.481679015523151001e-10
1.233188336616692025e-10
1.032759684178236259e-10
8.410390670441030301e-11
6.945274030870697921e-11
5.693485408022413894e-11
4.644769019510645410e-11
3.764563584942753927e-11
3.032299491767275117e-11
2.423784563919531239e-11
1.923866428798696663e-11
1.517700344809142617e-11
1.191386950569676230e-11
9.319038431020191157e-12
7.273305443749193650e-12
5.670809274358847109e-12
4.419906547416217672e-12
3.443861909073350314e-12
2.680535602439417110e-12
2.081399200659826323e-12
1.609687595163792430e-12
1.237974028702434094e-12
9.457220900683781583e-13
7.173840035751735677e-13
5.407648052523890385e-13
4.057156303208986234e-13
3.034895992296471839e-13
2.266417706754635042e-13
1.691050728976027956e-13
1.261460890244485173e-13
9.414334582015592666e-14
7.038357470336554794e-14
5.280863704091550493e-14
3.969970582318690016e-14
2.985239392922094306e-14
2.245249971337104674e-14
1.689358895327180716e-14
1.271982672743563215e-14
9.588931521127763358e-15
7.243808554830050101e-15
5.491237464665871779e-15
4.185887994457768007e-15
3.219970785166988439e-15
2.516176380088287002e-15
2.017171927239004627e-15
1.672943879598416172e-15
1.430059841532580270e-15
1.252406895780722956e-15
1.123713291545793918e-15
1.032224390017379628e-15
9.666234721766653236e-16
