# bin_4_4
2.008267715497466492e-08
2.053797767681855071e-08
2.106527999523819943e-08
2.167509678804019087e-08
2.237928628803359997e-08
2.319106600866277159e-08
2.412507090073973148e-08
2.519748021375729219e-08
2.642593498634396639e-08
2.782951230545197730e-08
2.942864724280241949e-08
3.124484750202492049e-08
3.330000160601343191e-08
3.561492060277145487e-08
3.820799044898546779e-08
4.109671621425503464e-08
4.429728329450729791e-08
4.782063549834359048e-08
5.166952024241209908e-08
5.583637782986734373e-08
6.030143224936296316e-08
6.503821198311580559e-08
7.000887913966896954e-08
7.516169887660012583e-08
8.044470509379605309e-08
8.580469598342393788e-08
9.118397061498565231e-08
9.652798609812646872e-08
1.017795323453474675e-07
1.068556054440793604e-07
1.116357962414885067e-07
1.159487858899261688e-07
1.195651946094832069e-07
1.222089287232656936e-07
1.235876716872614161e-07
1.234304906140844788e-07
1.214963576174561973e-07
1.175542687670860083e-07
1.114054749486293574e-07
1.029738331019294261e-07
9.249665824626825286e-08
8.079537809674750560e-08
6.933774413331898204e-08
5.961068421834936619e-08
5.206044175124205338e-08
4.597874597121500414e-08
3.937232409692805224e-08
3.161377781944346895e-08
2.469208972465543584e-08
2.035691745043166509e-08
1.681987624081406218e-08
1.306191083904694281e-08
1.049558666157900151e-08
8.330260818697292351e-09
6.621565811073180058e-09
5.268555010495284477e-09
4.213025584335537764e-09
3.383619549789596072e-09
2.733770374363938927e-09
2.223165173181644013e-09
1.819801200290411773e-09
1.498508388199734756e-09
1.239733630072813047e-09
1.028439297100058009e-09
8.531122283048162446e-10
7.052456105866149901e-10
5.788447897035304816e-10
4.700181343634227502e-10
3.764964517874780033e-10
2.970240266875349054e-10
2.307638497571640440e-10
1.768355082621374120e-10
1.340323827383759689e-10
1.008174247086619610e-10
7.548874428959478336e-11
5.638790516070181661e-11
4.206836323539009060e-11
3.137389447073204922e-11
2.341337280063722152e-11
1.752125074015610270e-11
1.317992305618321627e-11
9.938812026024897876e-12
7.494505918321993817e-12
5.649994794101453998e-12
4.258529907829277799e-12
3.209145450048993196e-12
2.417974676673437995e-12
1.821656799350634043e-12
1.372347181734836378e-12
1.033922199171618561e-12
7.791280851553934495e-13
5.873947245880745416e-13
4.431733437684527621e-13
3.347322720686123936e-13
2.532246376819012845e-13
1.919812047579716529e-13
1.460226274735596190e-13
1.116944529766373367e-13
8.618391803836290534e-14
6.720935288900471598e-14
