# bin_5_6
1.695408110759991232e-08
1.738200002425642600e-08
1.787974378307076907e-08
1.845830501475237599e-08
1.913028224574052083e-08
1.991007934832670189e-08
2.081412340991597972e-08
2.186109870902596294e-08
2.307219997804798705e-08
2.447140502579859329e-08
2.608576120986807886e-08
2.794566776715024339e-08
3.008518307548699045e-08
3.254237135525196120e-08
3.535944112195910995e-08
3.858257503115415864e-08
4.226199134620830456e-08
4.645132885857006755e-08
5.120592801698518007e-08
5.658241908451551274e-08
6.263675372762042379e-08
6.942290942883540357e-08
7.699085832952626209e-08
8.538310890067939416e-08
9.463185952738337395e-08
1.047555074000688945e-07
1.157530694860352109e-07
1.275880332984767864e-07
1.401865584987532434e-07
1.534508730763539103e-07
1.672074029361043897e-07
1.812093856604998399e-07
1.951051243123508627e-07
2.083938734628943164e-07
2.203923902530844625e-07
2.302231244696355741e-07
2.368570430437244877e-07
2.392155334116691192e-07
2.363088666710735180e-07
2.274021721115907167e-07
2.123190390812584310e-07
1.919142244862650970e-07
1.684332377284238729e-07
1.452632200823572244e-07
1.256756213111236667e-07
1.106819457418304729e-07
9.876154048024502973e-08
8.493702408826219219e-08
6.778745122616218258e-08
5.251664333364441350e-08
4.353215116223457037e-08
3.598636602376496481e-08
2.751797790960951257e-08
2.211763399704720581e-08
1.732949543663906356e-08
1.367355878514177043e-08
1.073821000339563998e-08
8.491216349568092650e-09
6.739297909145403807e-09
5.383292357889684926e-09
4.334071230655623359e-09
3.519626907274418232e-09
2.883056886057312443e-09
2.380053878515010811e-09
1.976461781037837134e-09
1.646155834586145395e-09
1.369889760580819837e-09
1.134140889593371668e-09
9.301957442675546475e-10
7.531307537006181819e-10
6.005342414792663840e-10
4.712470371100120391e-10
3.643045743532639616e-10
2.781521314407639515e-10
2.104552913415720510e-10
1.583300664972662267e-10
1.187501356694205814e-10
8.893487234568427565e-11
6.658750611453138337e-11
4.990358029627053248e-11
3.752974647362646183e-11
2.840097775943655471e-11
2.154853412106429608e-11
1.634691581112043882e-11
1.239737333834708467e-11
9.399607884301802858e-12
7.125033104117369205e-12
5.399735788933844248e-12
4.091464282839311087e-12
3.099695390625458700e-12
2.348056328635533404e-12
1.778552418482437074e-12
1.347172416265712055e-12
1.020526036501927659e-12
7.732634464226311086e-13
5.860934460250823717e-13
4.443992687987588101e-13
3.371597311403554484e-13
2.560409018329954849e-13
1.947136603268958890e-13
