# bin_6_5
8.740573061529576607e-09
8.923472867663461852e-09
9.134531949041636083e-09
9.377631733860237744e-09
9.657064747314740132e-09
9.977522566988831545e-09
1.034409988923849464e-08
1.076222674578631318e-08
1.123762106226185268e-08
1.177621441665619605e-08
1.238406624960963761e-08
1.306721120987846878e-08
1.383147610025072784e-08
1.468176263342133679e-08
1.562249174250740425e-08
1.665719291452709992e-08
1.778870806075498421e-08
1.901767125318704473e-08
2.033918159445887523e-08
2.174532859733333450e-08
2.322568606628657977e-08
2.476947437053704815e-08
2.635886105850878761e-08
2.796963547502225861e-08
2.958011664885967111e-08
3.116855580263365710e-08
3.270962649179002873e-08
3.418449637036509947e-08
3.557368398784740982e-08
3.686248544570687260e-08
3.803444830623302820e-08
3.906997014203152567e-08
3.994080461961895796e-08
4.060348323640183468e-08
4.099417520650987761e-08
4.102867465992547848e-08
4.060616306051044767e-08
3.961787569951950687e-08
3.796815724022818546e-08
3.559579525752886062e-08
3.251903372423742498e-08
2.892346768907247313e-08
2.517006697063184694e-08
2.166460606166829584e-08
1.870679322695348201e-08
1.633074057408722975e-08
1.425154652151378175e-08
1.201447436839354287e-08
9.639181845747469818e-09
7.629127077271511165e-09
6.247518534123430645e-09
5.105853276537731563e-09
3.995913714598015258e-09
3.190412905656755726e-09
2.531044787720219938e-09
2.005311798456396740e-09
1.591718195253109702e-09
1.267914387517415844e-09
1.013889949863185656e-09
8.150875967580539638e-10
6.591614791279856842e-10
5.363475761534456333e-10
4.389548210265919224e-10
3.609617900381860427e-10
2.977114179092474589e-10
2.456411529111472355e-10
2.021162151664060839e-10
1.652709085691844487e-10
1.338633977041110848e-10
1.071172199107781523e-10
8.454946731393100839e-11
6.581359114798466848e-11
5.058108440494065337e-11
3.847014414811066603e-11
2.903728875913961981e-11
2.181131752421903870e-11
1.633987735574085370e-11
1.222637444788856684e-11
9.148310091012418374e-12
6.854943396091387241e-12
5.153754201197874180e-12
3.893147674645660642e-12
2.947613433793201892e-12
2.231788678714164308e-12
1.689438763381125886e-12
1.278647662014177674e-12
9.675968038017566359e-13
7.321448699249076035e-13
5.539766712275723641e-13
4.192016735000871667e-13
3.172950145217374793e-13
2.402779198532312627e-13
1.821076773639623740e-13
1.382052570132662304e-13
1.050997188339046249e-13
8.014571943616229142e-14
6.135217247000865254e-14
4.724003920564294461e-14
3.663461162650950074e-14
2.866286775111692358e-14
