# bin_4_2
3.741694316526186716e-09
3.817505381317814189e-09
3.904833139873468638e-09
4.005187424053321471e-09
4.120224693954054510e-09
4.251714153288113734e-09
4.401513931047273898e-09
4.571564895094857629e-09
4.763816473089540668e-09
4.980168238425703857e-09
5.222392532014974021e-09
5.491991641292387445e-09
5.789939314675187177e-09
6.116214011507252315e-09
6.469372679356592358e-09
6.847037163553298384e-09
7.245860513970489311e-09
7.660463386299785621e-09
8.082673665934679616e-09
8.501172065528943451e-09
8.901264495034179719e-09
9.267039529464539579e-09
9.580500012542904573e-09
9.821442431160705440e-09
9.972520593377438569e-09
1.002005003854012726e-08
9.955517207977334691e-09
9.778224068053145129e-09
9.493208389835564561e-09
9.110322627619582606e-09
8.640293254072648512e-09
8.092742238462679832e-09
7.475604688870273239e-09
6.797859049935989085e-09
6.076638591219629364e-09
5.343723508582932854e-09
4.640935111941597868e-09
4.003633726983303768e-09
3.447744845732692082e-09
2.962165588127343245e-09
2.515679454415221661e-09
2.091426265212454198e-09
1.711423853092969611e-09
1.401606569220212602e-09
1.154044371472404967e-09
9.492995778891405527e-10
7.781962178356438518e-10
6.349570315188525507e-10
5.157807333015534790e-10
4.225942890404006632e-10
3.490490434316807941e-10
2.869664204166497050e-10
2.369764788191754571e-10
1.964084475217613470e-10
1.626818181950919466e-10
1.348217558558690113e-10
1.115152422226891827e-10
9.192367282681598521e-11
7.538068861984782961e-11
6.138043585389621794e-11
4.954579263298214727e-11
3.959410058936460063e-11
3.130512367600337968e-11
2.449138237660550421e-11
1.897525356857884206e-11
1.457862589550085934e-11
1.112354970057613132e-11
8.439838420029904689e-12
6.373803241922932326e-12
4.793857370756209676e-12
3.592075378767845993e-12
2.682571887080961356e-12
1.998040493664667433e-12
1.485933065417599974e-12
1.104788174279767961e-12
8.217276751891350128e-13
6.113651579737384543e-13
4.548997113190410916e-13
3.385154986451815874e-13
2.520069856606940150e-13
1.877876670673643014e-13
1.400400481179425243e-13
1.044482263112094041e-13
7.790721357144933413e-14
5.811977098514449285e-14
4.337120735879469572e-14
3.238504048055405614e-14
2.421061420693170974e-14
1.814143728802894632e-14
1.364979217215196688e-14
1.034443081709271525e-14
7.930804976118443936e-15
6.179345942189638512e-15
4.916508495995769819e-15
4.011835474923417534e-15
3.367510836923764732e-15
2.920565377159067027e-15
2.642027171408297539e-15
2.492704760718629790e-15
2.414682282934779116e-15
