# bin_3_5
8.992322100780913910e-08
9.225966323574335319e-08
9.498169893347449863e-08
9.815151914117419374e-08
1.018408671584631876e-07
1.061323582727269027e-07
1.111209111234477209e-07
1.169153201576211793e-07
1.236399346706022704e-07
1.314364178666421740e-07
1.404654858558227073e-07
1.509078694191171351e-07
1.629657877082724597e-07
1.768635312716628759e-07
1.928475827118330156e-07
2.111842178483095980e-07
2.321541282582565504e-07
2.560478229457191218e-07
2.831570092518007187e-07
3.137635782127496699e-07
3.481271826453140389e-07
3.864594443346669285e-07
4.289011490265142172e-07
4.754950079712240538e-07
5.261394334102567349e-07
5.805070108968120227e-07
6.380208111324008536e-07
6.978480913353144851e-07
7.587458512740805113e-07
8.190531700802520076e-07
8.766862532535596410e-07
9.291347046776427953e-07
9.735498766076948472e-07
1.006863531650880024e-06
1.025952756300494193e-06
1.027812424446419710e-06
1.009754540498231665e-06
9.696856527160742950e-07
9.068779820448728578e-07
8.233916221062502486e-07
7.258611729097729745e-07
6.263254037055019718e-07
5.388543974967733884e-07
4.704064849789994554e-07
4.166462209409750567e-07
3.608032290514838422e-07
2.935292506501849663e-07
2.293910530475129098e-07
1.867344726044542798e-07
1.552559727265905813e-07
1.218297927553013830e-07
9.684919828289854829e-08
7.748280892175423470e-08
6.138623039203947705e-08
4.900968274431083115e-08
3.922996321810312836e-08
3.158840366684245456e-08
2.561551394218726154e-08
2.093042465904810191e-08
1.723225944418620329e-08
1.428382596124520014e-08
1.190075354343879033e-08
9.942233817728370506e-09
8.301683405597415882e-09
6.901983296414557511e-09
5.690784446787080202e-09
4.636136461457829343e-09
3.721390766769475923e-09
2.938917094637170051e-09
2.283866264616541507e-09
1.749588639821812779e-09
1.325188586403005496e-09
9.958256567234413979e-10
7.447296196021869589e-10
5.554791584644042401e-10
4.137232120501368774e-10
3.079331935621175305e-10
2.292379051404029752e-10
1.709913658390707670e-10
1.281355070761507454e-10
9.632502416122320293e-11
7.243100128041863984e-11
5.445096556594316316e-11
4.092494844804783874e-11
3.075254664413616061e-11
2.310433251577444070e-11
1.735539184388398759e-11
1.303507964019508492e-11
9.789069120656585180e-12
7.350700446529277405e-12
5.519354456270166820e-12
4.144153985714308249e-12
3.111675698366224048e-12
2.336674035662653627e-12
1.755140147359274581e-12
1.319124003677164593e-12
9.929145722613211854e-13
7.501956400860378925e-13
5.701598348226111092e-13
4.360857595815825402e-13
