# bin_1_2
9.270285664025764655e-08
9.503654082181678126e-08
9.775066571008524470e-08
1.009047130549613942e-07
1.045665419169732272e-07
1.088133269369270197e-07
1.137323900268158463e-07
1.194219685708504551e-07
1.259915741138889770e-07
1.335619193618858129e-07
1.422642439750757587e-07
1.522393054194873617e-07
1.636374415852737035e-07
1.766148050725133567e-07
1.913294979442975902e-07
2.079357123341252262e-07
2.265694248287339104e-07
2.473334573580788097e-07
2.702839610438503970e-07
2.954143440362060044e-07
3.226320261335509586e-07
3.517123345504444273e-07
3.822667202916265693e-07
4.137177200785402459e-07
4.452481488138387834e-07
4.757580697842791909e-07
5.038576696475142586e-07
5.278608382946432552e-07
5.458414950035085092e-07
5.557665182562292944e-07
5.557302383918518711e-07
5.443059390055227284e-07
5.209756130154190883e-07
4.865593863817436477e-07
4.434564732479016017e-07
3.954847719392694756e-07
3.471991141907959193e-07
3.024573162629493889e-07
2.629946377960149223e-07
2.278011082393623631e-07
1.945561976598247546e-07
1.625018970303103115e-07
1.330917674122093382e-07
1.079771181248915332e-07
8.733659375999536449e-08
7.079943437892017267e-08
5.721276597959338385e-08
4.593704175521276871e-08
3.707839476874241597e-08
3.002398267691037568e-08
2.443214874936450057e-08
2.002334102710976878e-08
1.653490229289160268e-08
1.376089815733076383e-08
1.153204626318029686e-08
9.713932037648281849e-09
8.202487107385713067e-09
6.919875163217617440e-09
5.810884384436696299e-09
4.839296923337487199e-09
3.983902613677259237e-09
3.234127129653340303e-09
2.585369201142720537e-09
2.034756192198134351e-09
1.578072954495553562e-09
1.208273289498090151e-09
9.155227077587383455e-10
6.882516954478091955e-10
5.145210627950405647e-10
3.831939110805232791e-10
2.846637277105694609e-10
2.111146942931040738e-10
1.564301653531473736e-10
1.159210863421661738e-10
8.598957420971236530e-11
6.387948549522069935e-11
4.751649860360201223e-11
3.536420394026073646e-11
2.631911533670237451e-11
1.958480489924920749e-11
1.457172446217195926e-11
1.084058127201058721e-11
8.064004312651682666e-12
5.998084348324439355e-12
4.461138439687504999e-12
3.317870643659091766e-12
2.467540908576424191e-12
1.835163086434936494e-12
1.364924857421295402e-12
1.015299155811351981e-12
7.553833353905391545e-13
5.622468668084050148e-13
4.190144613714141896e-13
3.132170883109663147e-13
2.357448764053311409e-13
1.803021637899901953e-13
1.428182961436413675e-13
1.210525163740200593e-13
1.105287323726981406e-13
1.070247179358674549e-13
