# bin_3_4
5.615910855469422434e-08
5.760610730926186448e-08
5.929122384450745197e-08
6.125261732030846002e-08
6.353421767114607735e-08
6.618649231621602653e-08
6.926726222993583346e-08
7.284258821460188545e-08
7.698769500731183288e-08
8.178790476105750174e-08
8.733952109789978621e-08
9.375010947360432509e-08
1.011392612595118604e-07
1.096385958336970023e-07
1.193914626667693759e-07
1.305510691120852769e-07
1.432763986841496561e-07
1.577287908757897439e-07
1.740659828452896535e-07
1.924348339723672134e-07
2.129634589690836911e-07
2.357434671215777578e-07
2.608157161922112043e-07
2.881541276966595965e-07
3.176368288353521102e-07
3.489988247440228724e-07
3.818243546904414157e-07
4.155364411230559748e-07
4.493160363664963031e-07
4.821118077385692773e-07
5.126472600079646390e-07
5.394469984839401966e-07
5.609196865683618028e-07
5.754642839281138706e-07
5.815926315797968286e-07
5.780238164575613839e-07
5.637382450914459191e-07
5.379991448453489847e-07
5.006411180162487330e-07
4.527830567471857390e-07
3.978988804093240096e-07
3.424925127846285344e-07
2.942169779884270878e-07
2.565964523963454057e-07
2.267445291332070965e-07
1.952665278615905341e-07
1.580378846857362266e-07
1.236144911227889057e-07
1.010717868007040282e-07
8.376738745652603502e-08
6.559854657028717778e-08
5.238205663301382412e-08
4.186255059188046928e-08
3.326934034355062840e-08
2.660396816643891779e-08
2.135299916350450924e-08
1.723857958213612283e-08
1.401365234451892571e-08
1.147456085852109188e-08
9.460878182291271133e-09
7.846905424105004573e-09
6.535554857980580785e-09
5.453038020471747193e-09
4.543709043812741053e-09
3.767351909054119230e-09
3.096566359552469343e-09
2.514440492335921825e-09
2.011852060303033803e-09
1.584152636969987918e-09
1.227950506128317327e-09
9.387970215252307482e-10
7.100207721948871652e-10
5.330141809798147829e-10
3.983555330376094544e-10
2.970004923111262628e-10
2.211429624540023078e-10
1.645619496160830659e-10
1.224889710314287684e-10
9.136431214957442012e-11
6.846250239708130504e-11
5.144559476070630754e-11
3.866401593505273522e-11
2.905113918789406723e-11
2.182348772540343618e-11
1.639075016942577395e-11
1.230824590073946498e-11
9.241139706279997791e-12
6.937402074591892482e-12
5.207400063039452057e-12
3.908500072644531513e-12
2.933451823354216764e-12
2.201643163708863987e-12
1.652510603367584688e-12
1.240563505655972967e-12
9.316754580801085566e-13
7.003315163874073543e-13
5.276151768448159958e-13
3.997124155460894750e-13
3.054192642163387862e-13
2.354840768459332580e-13
