# bin_1_3
3.677749443874015875e-07
3.771571223076390969e-07
3.880746250975183759e-07
4.007695573233368174e-07
4.155188420064192252e-07
4.326382430169208800e-07
4.524861356136764880e-07
4.754670801067681895e-07
5.020341450895551034e-07
5.326897879546545273e-07
5.679846514621130301e-07
6.085147954649082910e-07
6.549209424956040794e-07
7.078758840390489680e-07
7.680698134606648817e-07
8.361877577281733550e-07
9.128606614556815955e-07
9.986105565611072599e-07
1.093793405433479400e-06
1.198528959026492393e-06
1.312606669646985245e-06
1.435316298300296773e-06
1.565308996105912248e-06
1.700482107456979844e-06
1.837771970181513626e-06
1.972957921713991741e-06
2.100587409974780143e-06
2.213905820036770158e-06
2.304991145020327434e-06
2.365167417293141264e-06
2.385807416403899506e-06
2.359628196255463900e-06
2.282423366014957550e-06
2.155018661652022613e-06
1.984806262306665409e-06
1.785951102064261850e-06
1.577456303631099395e-06
1.377823775896924797e-06
1.198671794475783299e-06
1.040232693151310703e-06
8.942786189701773509e-07
7.549569259554661820e-07
6.238812300174240637e-07
5.070200744073898666e-07
4.091430789958110730e-07
3.318473160700114041e-07
2.689068690301963689e-07
2.156931535667634269e-07
1.736361543002999771e-07
1.402864933528484665e-07
1.137309135112373131e-07
9.282211360063841678e-08
7.630306827931473942e-08
6.321781578576552682e-08
5.276873755841173774e-08
4.431651409196865661e-08
3.736077525938982161e-08
3.152059987127539024e-08
2.651844386845744977e-08
2.216467366233624705e-08
1.834100433594616416e-08
1.498287355650696446e-08
1.205994596608527340e-08
9.557177543705930110e-09
7.459532380536382414e-09
5.742590554459157685e-09
4.369830808982548909e-09
3.295264785558641977e-09
2.468692687058555535e-09
1.841178427592287424e-09
1.369084893432140961e-09
1.016052490873292364e-09
7.531915222846608682e-10
5.582025331877532783e-10
4.139889371177575195e-10
3.074693659475403427e-10
2.287295045992468777e-10
1.703123806391066587e-10
1.268300808550558600e-10
9.443743597576667650e-11
7.030807781718802087e-11
5.233728064530069252e-11
3.895547114486880970e-11
2.899238206673426938e-11
2.157568391727418180e-11
1.605530371084383758e-11
1.194688102340196285e-11
8.889627270962594438e-12
6.614834307294320228e-12
4.922430694733064026e-12
3.663448175115521207e-12
2.727172483901396994e-12
2.031755135149742225e-12
1.516572929159249853e-12
1.137111306836582464e-12
8.619887072003449036e-13
6.704799717601337445e-13
5.511889786187469681e-13
4.864277227109017295e-13
4.604221094182017865e-13
