# bin_5_5
9.783400418020745965e-09
1.001907634161561684e-08
1.029252184021566322e-08
1.060944327240416282e-08
1.097629866938492494e-08
1.140036355895585017e-08
1.188979495944473259e-08
1.245368875878557240e-08
1.310213093216058783e-08
1.384623897625614989e-08
1.469818852213840965e-08
1.567122048490808739e-08
1.677963825795057553e-08
1.803878889869946774e-08
1.946488793241414591e-08
2.107473431757573327e-08
2.288547524773450077e-08
2.491382746903980449e-08
2.717484118149048630e-08
2.968162356912139388e-08
3.244387885909930551e-08
3.546774906308698058e-08
3.875493693520256357e-08
4.230142548796666387e-08
4.609696454744340994e-08
5.012497152477025732e-08
5.436167246208504884e-08
5.877298719056465067e-08
6.331859695331634158e-08
6.795721743191365122e-08
7.263187004081914282e-08
7.727186780413154834e-08
8.177288308381721836e-08
8.597030763413268186e-08
8.961310198381768293e-08
9.236074644377337981e-08
9.381963976891405298e-08
9.361461364572538365e-08
9.145110177815877782e-08
8.713622806724442375e-08
8.065337919590957475e-08
7.236091210724624975e-08
6.316175077690309239e-08
5.435587274138232198e-08
4.705752458248867998e-08
4.146595148343300000e-08
3.680053171190253781e-08
3.127005048760228908e-08
2.475668070443067423e-08
1.933311669143650115e-08
1.613579856239855478e-08
1.317480251388473655e-08
1.010997243079898684e-08
8.168098280349742861e-09
6.382872855487471498e-09
5.062220000632348062e-09
3.986152360088174661e-09
3.161346796153058691e-09
2.518264100927787294e-09
2.018649974773333327e-09
1.630398014398989616e-09
1.327485447496357893e-09
1.089354541863996013e-09
9.000176512926791241e-10
7.471202394997298869e-10
6.212575119782132456e-10
5.155380337728470532e-10
4.251635106261666042e-10
3.470782500459863465e-10
2.795681922807220814e-10
2.217645738713607574e-10
1.731777976142567019e-10
1.333195680859098096e-10
1.014564171065082772e-10
7.658025580435233467e-11
5.751736074262921532e-11
4.308761892009121087e-11
3.223951149167632290e-11
2.412057773564376885e-11
1.806789699364432835e-11
1.358658334977542407e-11
1.027676474603666329e-11
7.787776965633085940e-12
5.900320729985600577e-12
4.469111705089308185e-12
3.384240071550289067e-12
2.562165297699647360e-12
1.939421443243660104e-12
1.467815767137980366e-12
1.110769369723075159e-12
8.405300336583227945e-13
6.360561013997200433e-13
4.814102270835500192e-13
3.645220408554185331e-13
2.762264770070959083e-13
2.095147670030860382e-13
1.590886370525131638e-13
1.209942842867154300e-13
9.225602542674907939e-14
7.060645401634284657e-14
