# bin_4_6
4.560887181503413052e-08
4.673067668281082080e-08
4.803474954417852294e-08
4.954948826089578200e-08
5.130744602711302900e-08
5.334574443998887340e-08
5.570659591371219852e-08
5.843797077287746987e-08
6.159408387027923594e-08
6.523600882371258690e-08
6.943230104981153530e-08
7.425947546369294631e-08
7.980205826130235936e-08
8.615153953355691740e-08
9.340527623671326036e-08
1.016690258193222049e-07
1.110566032318895653e-07
1.216843707333146300e-07
1.336672439637369712e-07
1.471149056453597530e-07
1.621269092260775610e-07
1.787960976280876255e-07
1.971980722840362065e-07
2.173821180833676943e-07
2.393791295801496809e-07
2.631888803888368569e-07
2.887481866232077986e-07
3.159170318383434637e-07
3.444905353595211408e-07
3.740989331757500081e-07
4.041685068261802457e-07
4.338909529348449474e-07
4.621654511266710023e-07
4.875927935062384599e-07
5.084893999839184076e-07
5.229412671915016421e-07
5.288757331871737290e-07
5.241985542299350786e-07
5.071401566864033764e-07
4.768982525712562258e-07
4.345654454111674746e-07
3.840482142515447319e-07
3.321200824807297558e-07
2.863644912291679570e-07
2.505075698618256436e-07
2.228444438629353017e-07
1.943096856540879671e-07
1.585976796835937069e-07
1.232848514868399659e-07
1.000209712179400753e-07
8.364011743586903379e-08
6.529646912646867464e-08
5.163419012861876212e-08
4.119150220829870538e-08
3.237864471295133148e-08
2.565581869777224547e-08
2.035717026865735030e-08
1.622966453482083393e-08
1.302471990621732693e-08
1.053295199908491524e-08
8.588819301702908771e-09
7.061080604021497746e-09
5.846859269529420740e-09
4.866885398936169337e-09
4.060307661658374634e-09
3.382199334148020305e-09
2.801102742523466225e-09
2.296880185777974461e-09
1.858316252995248185e-09
1.480131410638196737e-09
1.159833918991264828e-09
8.951438983747538520e-10
6.821994857790568605e-10
5.151359993485131786e-10
3.867186585092991591e-10
2.893755847952744180e-10
2.161728012508082926e-10
1.613835173783798098e-10
1.205282115445662953e-10
9.022152027543165178e-11
6.789492271785023369e-11
5.128515726311375871e-11
3.875142021350409933e-11
2.927314323532485594e-11
2.210765801786481072e-11
1.669236597859315221e-11
1.260102039355972340e-11
9.510826292536391400e-12
7.177445770073785903e-12
5.415994924910388878e-12
4.086645038006512136e-12
3.083664073437541589e-12
2.327096218712829064e-12
1.756519401709715005e-12
1.326289705623545010e-12
1.001937128072068850e-12
7.574966335487055666e-13
5.734964657277014698e-13
4.351714902819664277e-13
3.311672847686022511e-13
