# bin_2_5
2.800688184371810139e-07
2.874648174179921891e-07
2.960856385099327921e-07
3.061298598148662560e-07
3.178266815732099184e-07
3.314400482779153455e-07
3.472730559703417040e-07
3.656725391218040427e-07
3.870336254421330001e-07
4.118039922126903405e-07
4.404875010040245015e-07
4.736467559495275246e-07
5.119036838804153005e-07
5.559371774387747305e-07
6.064771822031293634e-07
6.642940498392177431e-07
7.301808971352156437e-07
8.049276887813883963e-07
8.892840830668947124e-07
9.839090364639709502e-07
1.089305524850762454e-06
1.205727472410852774e-06
1.333061007683456380e-06
1.470694149122431424e-06
1.617356622743205290e-06
1.770970529467129137e-06
1.928447267561605369e-06
2.085453133634519911e-06
2.236303661530413434e-06
2.373872474913320199e-06
2.489671208136466133e-06
2.574198794908841287e-06
2.617662842271737104e-06
2.611195317902102730e-06
2.548562678601588182e-06
2.428179203139170421e-06
2.255066992574619875e-06
2.041809543372189745e-06
1.807846810402116664e-06
1.575967839647556204e-06
1.365823030001587145e-06
1.186162446155609595e-06
1.029599378866651000e-06
8.799451079699439660e-07
7.275138952394402547e-07
5.845600982666644737e-07
4.696671071458273467e-07
3.831873233367196401e-07
3.097057683530045669e-07
2.458842511428415093e-07
1.973669579102330923e-07
1.582418781901094272e-07
1.272567009915046168e-07
1.029312305921541665e-07
8.382677538790907916e-08
6.878573371049413683e-08
5.688964377036209630e-08
4.738674978595287416e-08
3.968582921392732662e-08
3.333169774822031667e-08
2.798433174767511957e-08
2.340058077151411749e-08
1.941693123439638572e-08
1.593354225370527228e-08
1.289632477496479091e-08
1.027864594176419383e-08
8.064164148266067800e-09
6.233457572927346931e-09
4.756811695227922627e-09
3.593366486975633549e-09
2.694839422266827333e-09
2.011415344923194536e-09
1.496969342919433891e-09
1.112199479509261769e-09
8.255930133918907125e-10
6.128366551449716886e-10
4.554313471673930574e-10
3.392515528100852279e-10
2.533751580599501910e-10
1.894378350840898026e-10
1.416241310717855362e-10
1.058584175204919692e-10
7.911104772371542904e-11
5.911256516409969991e-11
4.416322891639299308e-11
3.299040251020452362e-11
2.464153299392495741e-11
1.840385735723172787e-11
1.374418754970549747e-11
1.026377209693291284e-11
7.664470407146265126e-12
5.723439090836410356e-12
4.274193512166485860e-12
3.192367628823818379e-12
2.385362535104153848e-12
1.784878131880834366e-12
1.340631080520692395e-12
1.016111923102101636e-12
7.837254275798782020e-13
6.281611775558252143e-13
