# bin_3_3
2.642321958798287056e-08
2.708562663350194166e-08
2.785599901299393649e-08
2.875126642402112585e-08
2.979078246829962026e-08
3.099660099737577754e-08
3.239374618305249920e-08
3.401048934094609241e-08
3.587859960977780220e-08
3.803354157227514365e-08
4.051460931108104253e-08
4.336461465931844300e-08
4.663003283126620808e-08
5.036044588046410208e-08
5.460793279844114185e-08
5.942574297357778628e-08
6.486522254713531087e-08
7.097345609633777807e-08
7.778977190188559675e-08
8.534176186713448572e-08
9.364158352942078640e-08
1.026751707185626189e-07
1.123956712455377722e-07
1.227173738317693104e-07
1.335026813374011835e-07
1.445464506464785151e-07
1.555786050029581463e-07
1.662525291615890695e-07
1.761345119470807284e-07
1.847208250067217663e-07
1.914614659581062460e-07
1.958110409999888516e-07
1.973068601545725043e-07
1.956625400087658600e-07
1.908488194860153248e-07
1.831109932116241198e-07
1.728830669421311642e-07
1.605681689974650321e-07
1.463894313372737526e-07
1.304812646395562439e-07
1.133662940761725796e-07
9.656600590057058868e-08
8.216102260049203440e-08
7.097904069432501945e-08
6.175225400776844777e-08
5.198419955831116411e-08
4.150441963253499908e-08
3.275961926100107078e-08
2.703766313377974056e-08
2.208982079230815375e-08
1.734498135328141621e-08
1.403550092397459968e-08
1.122382568988143952e-08
9.041254524681595201e-09
7.299737659287776587e-09
5.931435515100053202e-09
4.846353986511499469e-09
3.981874581212756539e-09
3.287066653234702679e-09
2.722528845902785986e-09
2.258429577072705644e-09
1.872621703157875949e-09
1.548752175309072441e-09
1.274682289260107469e-09
1.041479488328950001e-09
8.426499419189097380e-10
6.736210196407533824e-10
5.312226753005668047e-10
4.130563638770617430e-10
3.169205733396506643e-10
2.404231748624254525e-10
1.808402312658450472e-10
1.352610049360408556e-10
1.008519950383653097e-10
7.508179033282919936e-11
5.585398486559390979e-11
4.153913913584170053e-11
3.090738420812476379e-11
2.305083333170166479e-11
1.725965187423278084e-11
1.294365906425174525e-11
9.706023044816231584e-12
7.276760912749993031e-12
5.454508084196191819e-12
4.087922095513511918e-12
3.063291154724555789e-12
2.295213260440386652e-12
1.719567487809979751e-12
1.288226135742731778e-12
9.650777705707045885e-13
7.230327295027706474e-13
5.417810561890028450e-13
4.061072014429557644e-13
3.046130734675804236e-13
2.287891114814389754e-13
1.723460529185239367e-13
1.307523973904206306e-13
1.008921229222254990e-13
7.977201408269805652e-14
6.453825724651417368e-14
