# bin_1_6
6.397082418881456243e-07
6.561329500310562979e-07
6.752504717682473715e-07
6.974872161915832819e-07
7.233315411141671083e-07
7.533410228503938643e-07
7.881494383887699111e-07
8.284734612414871489e-07
8.751175054712048183e-07
9.289762976503670494e-07
9.910340876029129730e-07
1.062360958192605365e-06
1.144110800526096382e-06
1.237501506549735150e-06
1.343790190143082651e-06
1.464234719379578699e-06
1.600015428406468230e-06
1.752143777689998129e-06
1.921360474855859791e-06
2.108008648177478397e-06
2.311868907828993919e-06
2.531876190043221637e-06
2.765867065636304621e-06
3.010366218593886637e-06
3.260222828010992312e-06
3.508246264618826851e-06
3.745034514837830551e-06
3.958812621974317484e-06
4.135587271442140971e-06
4.259761728646449977e-06
4.315411562860410585e-06
4.288435579079471902e-06
4.169568339026467546e-06
3.957973158696423169e-06
3.664397038805111241e-06
3.312284281492477319e-06
2.935171778535148410e-06
2.567870071859876478e-06
2.234893843387103997e-06
1.940907340343187541e-06
1.673154082528492027e-06
1.419321620205171477e-06
1.178255975908122526e-06
9.590461673321192040e-07
7.733149200585228703e-07
6.271791150564835989e-07
5.088696447635144487e-07
4.081428747049546551e-07
3.281612252209492243e-07
2.648613272452367907e-07
2.143661907361177180e-07
1.746105063505827106e-07
1.432244339739996870e-07
1.183994952085277682e-07
9.863034198893040459e-08
8.269909380050980632e-08
6.965054063272260520e-08
5.875125416757009235e-08
4.946083251851961094e-08
4.140381152739077160e-08
3.434001452104297329e-08
2.813361832997708306e-08
2.271845845208414780e-08
1.806333853925080009e-08
1.414271444486730339e-08
1.091712516936873723e-08
8.325611730691785426e-09
6.288594887001484509e-09
4.716613240209577240e-09
3.520450778462018060e-09
2.619181912208529714e-09
1.944537895568310530e-09
1.441829382776741818e-09
1.068663477768565425e-09
7.925247771936249177e-10
5.885452548680976312e-10
4.378297795316307215e-10
3.260733512750317832e-10
2.428954639854505406e-10
1.809164718950130859e-10
1.347337145982731071e-10
1.003270013724891992e-10
7.469791679327380409e-11
5.561024149096642798e-11
4.139649802955203068e-11
3.081360833700375692e-11
2.293505483948768519e-11
1.707045134220192219e-11
1.270544180191296771e-11
9.456918877269566924e-12
7.039545306450347895e-12
5.241109094519942129e-12
3.904438276472831921e-12
2.912995948735325957e-12
2.181023064538428778e-12
1.647555854392047665e-12
1.271898195531711527e-12
1.031442321176398033e-12
8.951565051504406834e-13
8.365024917124747663e-13
