# bin_6_2
1.552635780290051653e-09
1.581506500327023758e-09
1.614625515571549351e-09
1.652510541201262953e-09
1.695712042749400620e-09
1.744800784710255480e-09
1.800358252540212555e-09
1.862948077853884234e-09
1.933092228201382817e-09
2.011239930263302418e-09
2.097734011299929459e-09
2.192761363763974167e-09
2.296298219210262082e-09
2.407919318673221286e-09
2.526916465908506598e-09
2.652207440786604566e-09
2.782411499500853755e-09
2.915493295153106712e-09
3.047969438568665030e-09
3.175633257218925897e-09
3.293775434012018585e-09
3.397874991435399560e-09
3.482014782681555193e-09
3.539209189247406401e-09
3.563894542820334486e-09
3.551502892793765130e-09
3.497857746437300699e-09
3.402096147258757862e-09
3.265052597786425816e-09
3.090598879889928764e-09
2.884952525320856772e-09
2.656386984940140533e-09
2.414183369564992282e-09
2.167492558294867005e-09
1.924196564608686427e-09
1.690799485154867519e-09
1.472411429153635669e-09
1.272687224968746863e-09
1.094039479240890187e-09
9.351272780041049341e-10
7.908023128803435516e-10
6.601661504832216664e-10
5.474228264683142729e-10
4.524781994409851050e-10
3.717388620120633204e-10
3.063691765305212171e-10
2.547250838218591988e-10
2.116441433877175954e-10
1.744231792981913312e-10
1.423119394379921462e-10
1.169357688668315656e-10
9.745810967666654965e-11
8.049683172251001087e-11
6.626810731981180012e-11
5.488482349285089565e-11
4.509415160733338444e-11
3.700189819187349196e-11
3.016375810662502243e-11
2.442815587221522460e-11
1.963122414046284503e-11
1.564498461857934784e-11
1.236268480313988747e-11
9.689840207621410279e-12
7.539508917944395587e-12
5.830516808099208358e-12
4.487268235112476362e-12
3.441051729319655854e-12
2.631564093486244381e-12
2.007798429943702170e-12
1.528126573669132345e-12
1.159660230714235219e-12
8.769989632583118751e-13
6.607710110887593944e-13
4.961560012655547237e-13
3.715224357327031856e-13
2.776326934421226989e-13
2.072247258627646016e-13
1.545823653005534106e-13
1.152842556106965936e-13
8.598797064662997274e-14
6.418059422534416770e-14
4.799231360723581639e-14
3.595856674323532828e-14
2.696132309127622183e-14
2.022376904307936059e-14
1.518019339608588482e-14
1.140616221373576475e-14
8.585530116376351338e-15
6.481273394698527222e-15
4.915438461281650024e-15
3.755787194193249257e-15
2.902370184245502104e-15
2.280456118662993860e-15
1.833163408620052886e-15
1.516726866520432629e-15
1.294495533902526697e-15
1.140896386333710291e-15
1.041052445697974050e-15
9.750012950127941706e-16
9.301529308748315611e-16
