# bin_3_2
5.271480400254354525e-09
5.397685059448915853e-09
5.544144287813278287e-09
5.713924406751446308e-09
5.910491838119890696e-09
6.137746365173651748e-09
6.400045569511771899e-09
6.702225015772420169e-09
7.049603326483945435e-09
7.447966160463402019e-09
7.903536132973581656e-09
8.422799332371088848e-09
9.012502898926737854e-09
9.679418090118422103e-09
1.043016818909312279e-08
1.127088547956566470e-08
1.220625902012470551e-08
1.323898208814860241e-08
1.436899968871435906e-08
1.559271515467388852e-08
1.690246159486045850e-08
1.828363242229533200e-08
1.971372026674680556e-08
2.116197241863298674e-08
2.258729221571424411e-08
2.393660741537586000e-08
2.514585988929510396e-08
2.613885789606621624e-08
2.683030385218703687e-08
2.713063003472357740e-08
2.695636521654022801e-08
2.624607492223976121e-08
2.498204104844123337e-08
2.321314395764011099e-08
2.106913722162824085e-08
1.875119657300515932e-08
1.648759704812615788e-08
1.444539396550448347e-08
1.265627942895663429e-08
1.100751041923720793e-08
9.356785477922198851e-09
7.722787636588307002e-09
6.297700697144432001e-09
5.183296549177178852e-09
4.266053517830781846e-09
3.458192995311771643e-09
2.780583810350326853e-09
2.241028054531832922e-09
1.816214634636762397e-09
1.475057559726795023e-09
1.199519405252358067e-09
9.835541975874678505e-10
8.116128720019403650e-10
6.742091253182846463e-10
5.635916486563476895e-10
4.731572425307119936e-10
3.979652828630032461e-10
3.342694104053508457e-10
2.794048704284333058e-10
2.316191093659238878e-10
1.898737965277075296e-10
1.536195389688389760e-10
1.225601912850865331e-10
9.644801773961987361e-11
7.495293847163616768e-11
5.762007758738174428e-11
4.389766861767210945e-11
3.319843480265312394e-11
2.495830797821434969e-11
1.867390832405562973e-11
1.391898200381614371e-11
1.034583465332624956e-11
7.677569576006224550e-12
5.696385247555137856e-12
4.230209393675973252e-12
3.144340605515973390e-12
2.338198861632345721e-12
1.739197341302464032e-12
1.294309564356687780e-12
9.638219312658553023e-13
7.178918329444739620e-13
5.346811229837945561e-13
3.981908558076737827e-13
2.965219655458742032e-13
2.208023583447565709e-13
1.644165959119981884e-13
1.224349868638649548e-13
9.118400910144488724e-14
6.792668742474846364e-14
5.062463216950010870e-14
3.775928317740184038e-14
2.820166766848142088e-14
2.111499473586889115e-14
1.587824906165120951e-14
1.203847603996430706e-14
9.282853694813965187e-15
7.423465123617079500e-15
6.379354046788469823e-15
5.898452539893341041e-15
5.661361396441049195e-15
