# bin_4_3
1.207592915430872904e-08
1.232991530530373455e-08
1.262298837318121425e-08
1.296046016019481429e-08
1.334820945874388099e-08
1.379260600155258985e-08
1.430046107914778633e-08
1.487902486689165105e-08
1.553579325387584283e-08
1.627835274077828715e-08
1.711416510023924870e-08
1.805015998547971541e-08
1.909199197453498073e-08
2.024270288015990519e-08
2.150146998676111594e-08
2.286482766852852354e-08
2.432641239411270215e-08
2.587382880799976194e-08
2.748628881923595759e-08
2.913329820108049572e-08
3.077366703437901381e-08
3.236107250169541521e-08
3.384127440714547055e-08
3.515136145241654378e-08
3.623338576940579016e-08
3.703636102334344800e-08
3.752024490374092907e-08
3.766360703034401840e-08
3.745777500593675604e-08
3.690411575834229560e-08
3.600370555217411911e-08
3.475260219232063634e-08
3.314270512892486292e-08
3.117394914711618825e-08
2.888107612224089328e-08
2.635889625366713865e-08
2.375167691818291327e-08
2.119914300527959874e-08
1.878556260151680089e-08
1.650435023597793872e-08
1.428040029252799121e-08
1.209705965735586478e-08
1.009762786446854546e-08
8.440714595627107335e-09
7.110020309447341769e-09
5.970213906551818258e-09
4.912874132131803884e-09
3.954928854688119902e-09
3.183487317984033656e-09
2.613190820352377785e-09
2.129420358262096661e-09
1.715921721415825100e-09
1.400655882429513676e-09
1.140082894748678365e-09
9.318492865949775799e-10
7.631399237724782297e-10
6.262512858413989370e-10
5.144416097899443803e-10
4.224972180226360800e-10
3.463751709576247598e-10
2.830185276863391077e-10
2.301402793619492194e-10
1.860308112405728271e-10
1.493675802991430402e-10
1.190676659366441873e-10
9.419690513983154665e-11
7.392770193631844240e-11
5.753121298895919031e-11
4.437804198451340193e-11
3.393028659252814545e-11
2.572706088878356433e-11
1.936809261866514716e-11
1.450165921100514506e-11
1.082043805500077085e-11
8.060387641967843613e-12
6.001298133608210154e-12
4.467811005319347189e-12
3.326907362538819832e-12
2.479299913963568965e-12
1.851149868847654536e-12
1.385349551866408543e-12
1.037658851017341868e-12
7.772235056266157066e-13
5.821056969990069860e-13
4.359557203671028522e-13
3.265088387355920276e-13
2.445759788838264382e-13
1.832727196685190074e-13
1.374466758187001777e-13
1.032349247605436537e-13
7.775060552228372221e-14
5.882392836081445947e-14
4.480098381148435245e-14
3.443647758832608870e-14
2.679490396266481245e-14
2.117408231255529865e-14
1.708376720398507131e-14
1.422945320712820742e-14
1.234001648090065624e-14
1.109102052224751601e-14
