# bin_2_3
1.350999235224802801e-07
1.386592034172366967e-07
1.428070603029236208e-07
1.476385748808536552e-07
1.532633489099765801e-07
1.598074019599758655e-07
1.674151709162539374e-07
1.762515568135361688e-07
1.865039090820654499e-07
1.983838154272914104e-07
2.121285225221501976e-07
2.280017246643368183e-07
2.462933230087302637e-07
2.673177490923807232e-07
2.914104448235930139e-07
3.189217393412343777e-07
3.502072454567187052e-07
3.856141863184556561e-07
4.254618783740090746e-07
4.700157650985254027e-07
5.194543444776504992e-07
5.738222512874990217e-07
6.329722714323310314e-07
6.965051628125906893e-07
7.636962482261033067e-07
8.334199639208888526e-07
9.040553965245492253e-07
9.733984473225167405e-07
1.038619752916429052e-06
1.096250914636137433e-06
1.142271584092033411e-06
1.172341350749778584e-06
1.182227778060806648e-06
1.168464764840555890e-06
1.129195490749442971e-06
1.065034363443597295e-06
9.797236908575199356e-07
8.800885325898318791e-07
7.751679195551658223e-07
6.742670047396670741e-07
5.842116531305580345e-07
5.067559694097951834e-07
4.375283400222033156e-07
3.701730324043859424e-07
3.032161566571739700e-07
2.434632171734976600e-07
1.965625191165675229e-07
1.600861564748496928e-07
1.287949434721649784e-07
1.025708678614513469e-07
8.247928515716922167e-08
6.623550674629744272e-08
5.346121753376375196e-08
4.340005109791772791e-08
3.549241651460084279e-08
2.924871203288170675e-08
2.428556972733580796e-08
2.029312694983663024e-08
1.702950124902880886e-08
1.431071261539301157e-08
1.200181532509409839e-08
1.000870406168516158e-08
8.270353504078760561e-09
6.751053868249701376e-09
5.432076095303386479e-09
4.303556306140265120e-09
3.357464365645917227e-09
2.582769482681960591e-09
1.963469105435601673e-09
1.479171351678758284e-09
1.107253446282253012e-09
8.254488647539588370e-10
6.138265595426240444e-10
4.557916437049468237e-10
3.382166200119874853e-10
2.510328847212679889e-10
1.865855156605965455e-10
1.390110576541850442e-10
1.037909487811740440e-10
7.754565576280516398e-11
5.792937975691977249e-11
4.326747686911522502e-11
3.231115955022021903e-11
2.412564669428509559e-11
1.801142205534905348e-11
1.344518782393796264e-11
1.003559057257879709e-11
7.490035215710008788e-12
5.589820811238298110e-12
4.171519090197340919e-12
3.113032041441136036e-12
2.323173640773470506e-12
1.733885967014616769e-12
1.294373600614107818e-12
9.669159648466051482e-13
7.239005721647560595e-13
5.451224148545189073e-13
4.160316153102935915e-13
3.253748589505243564e-13
2.672524349455904779e-13
