# bin_6_3
4.766113442142500580e-09
4.857865089928304682e-09
4.963293803742858788e-09
5.084127965841532436e-09
5.222226858324936657e-09
5.379549158389861587e-09
5.558129651357896393e-09
5.760002200202804670e-09
5.987134429622628075e-09
6.241340325289048316e-09
6.524182605170697434e-09
6.836827224761459516e-09
7.179878051335804483e-09
7.552830824718847223e-09
7.954368787454636104e-09
8.382072686491493968e-09
8.832578692336209793e-09
9.300532770578641450e-09
9.776324318922669855e-09
1.024799887446172486e-08
1.070177322483916770e-08
1.112383027167666057e-08
1.149583627789545095e-08
1.179579446213685720e-08
1.200485580729328222e-08
1.210613620283594381e-08
1.208316027396733527e-08
1.192813306681080439e-08
1.163769568421826774e-08
1.121705188581942649e-08
1.067847155728908776e-08
1.004095704449828684e-08
9.327783214313483283e-09
8.563691320601906568e-09
7.772018865909365162e-09
6.974690404965428067e-09
6.192181149619395142e-09
5.442658820065626459e-09
4.741982833068166943e-09
4.094721859469559797e-09
3.492766087852969051e-09
2.942479643011562784e-09
2.464373721549680141e-09
2.057736780650049497e-09
1.706077227950339326e-09
1.409793431243801012e-09
1.162778846427224165e-09
9.528293772905110038e-10
7.795169803827034872e-10
6.350800221666419634e-10
5.172838971571024493e-10
4.259764499866932663e-10
3.489189962405413151e-10
2.857561788863901050e-10
2.352600578667318377e-10
1.930777948533755098e-10
1.585454936050524136e-10
1.298364518726321846e-10
1.059713093291821306e-10
8.610337393360302766e-11
6.957660111712311653e-11
5.587355502577314531e-11
4.457158566335534498e-11
3.531246297314248482e-11
2.778499971763258652e-11
2.171415074156484060e-11
1.685702051150934529e-11
1.300155445390555206e-11
9.965052469228279470e-12
7.592073211271816744e-12
5.752036204093490288e-12
4.336256225417296650e-12
3.255213221120003177e-12
2.435866060745044998e-12
1.818743934514791638e-12
1.356118009777482986e-12
1.010647613190813320e-12
7.532776808690501797e-13
5.617688796828258519e-13
4.193840401601664871e-13
3.134113390867640387e-13
2.345048017501755937e-13
1.756505527303844415e-13
1.316062578399508118e-13
9.862312210857036463e-14
7.393098150255456854e-14
5.545140091425432841e-14
4.163204098015070099e-14
3.130939829655823045e-14
2.361082665978538815e-14
1.788595341050538970e-14
1.364534102592432961e-14
1.052323340839423634e-14
8.243506854750709197e-15
6.596299610799943208e-15
5.412382219938095912e-15
4.571569955568907020e-15
4.000169967438541505e-15
3.609476536896712178e-15
3.341960717895983961e-15
