# bin_2_1
1.443055328138635192e-08
1.480373690819556183e-08
1.523797888980594070e-08
1.574289523496802850e-08
1.632947522292471456e-08
1.701022585673793680e-08
1.779930695154311917e-08
1.871265054790401084e-08
1.976804578025103320e-08
2.098517103792299240e-08
2.238554754761925503e-08
2.399237978645626677e-08
2.583024391147694274e-08
2.792457166804709592e-08
3.030083901726358309e-08
3.298335086801001334e-08
3.599359267561993549e-08
3.934812158763232147e-08
4.305568470926300900e-08
4.711373176727409933e-08
5.150443806980328686e-08
5.618954242379782271e-08
6.110489332975802533e-08
6.615519637082614930e-08
7.120771904825472373e-08
7.608729716724905462e-08
8.057317434116291328e-08
8.439887647269797305e-08
8.725932005229705507e-08
8.883009960368182127e-08
8.880524339721506977e-08
8.695651792663064230e-08
8.320872166602309953e-08
7.771443236843363883e-08
7.088986506937943124e-08
6.336266196639411452e-08
5.582738670397064237e-08
4.880039229179690732e-08
4.245201252981194752e-08
3.665011405249807362e-08
3.122401842662775930e-08
2.615454606352547504e-08
2.153331286429379310e-08
1.750750846937296036e-08
1.416527946683683821e-08
1.148415993754997986e-08
9.275213867029805702e-09
7.459823132587256840e-09
6.023783822001300744e-09
4.873673429508637306e-09
3.966095312888184838e-09
3.248094018050799157e-09
2.680053722773157426e-09
2.228201367652776495e-09
1.865196382530555323e-09
1.569250956119942526e-09
1.323496701731188532e-09
1.115297706805233672e-09
9.356892700113782384e-10
7.787660164413147801e-10
6.410182351396834268e-10
5.206062277441159100e-10
4.166185295261629465e-10
3.284260844207476528e-10
2.552295959194886561e-10
1.958434167817777803e-10
1.486973070066820592e-10
1.119783071578236270e-10
8.382187194151645267e-11
6.248230743796007549e-11
4.644263412242921105e-11
3.445728575643973845e-11
2.554130547911277246e-11
1.893225293381444984e-11
1.404448985800157129e-11
1.043207666088762728e-11
7.758807135843175912e-12
5.774559621683948610e-12
4.298535367798641655e-12
3.199600543727853864e-12
2.381308670055401187e-12
1.772078735461847505e-12
1.318570932420443641e-12
9.810315635385276869e-13
7.298394361653450172e-13
5.429286881680708662e-13
4.038661210067176467e-13
3.004160265864118252e-13
2.234696366250962297e-13
1.662470618308816866e-13
1.237018879087616668e-13
9.208482185683112383e-14
6.862209962477617987e-14
5.125504662131456995e-14
3.851704688816470204e-14
2.946956055492721088e-14
2.342772704447208393e-14
1.982904874637589259e-14
1.794579761540732229e-14
1.722361667803035653e-14
