# bin_3_1
5.042052372486046236e-09
5.156616736700966191e-09
5.289284380291830384e-09
5.442703418267153983e-09
5.619836982612740636e-09
5.823981024814552620e-09
6.058769320163299129e-09
6.328174125184078445e-09
6.636489030348423905e-09
6.988288667717349747e-09
7.388381186087922711e-09
7.841563258205489982e-09
8.352662906283946022e-09
8.926264806897438947e-09
9.566585822510530111e-09
1.027715937367671855e-08
1.105968413060450773e-08
1.191359834396521304e-08
1.283554503852442707e-08
1.381890681439689287e-08
1.485372716737944525e-08
1.592332181541319687e-08
1.700414883016500621e-08
1.806676459556768502e-08
1.907397121990317324e-08
1.997973668006112039e-08
2.073186614200389927e-08
2.127101155575615324e-08
2.153477367460631580e-08
2.146244052975754825e-08
2.100466466721902669e-08
2.013651296530532586e-08
1.887326954620766348e-08
1.728360377268467692e-08
1.549197335329629948e-08
1.366040372589452433e-08
1.194719349284956609e-08
1.044038747014371546e-08
9.119602968824597462e-09
7.875753521895475468e-09
6.621161872598014835e-09
5.412224181408651938e-09
4.398760662167590255e-09
3.618977701638878822e-09
2.972870303729701532e-09
2.414782757542152027e-09
1.950158873134910655e-09
1.571541895276902637e-09
1.276070404852149287e-09
1.043957525486258969e-09
8.528220949263154579e-10
7.025460666861061066e-10
5.829692064906358971e-10
4.861510713815265891e-10
4.075592012781025003e-10
3.425043735610445731e-10
2.877673768525491717e-10
2.409271684235050826e-10
2.003176373212549381e-10
1.648915737001593349e-10
1.340565254026162603e-10
1.074983475566761760e-10
8.501090600963098526e-11
6.636160952517184851e-11
5.122420270083049390e-11
3.917670604006235948e-11
2.974324736459666274e-11
2.244874068921908116e-11
1.686098184924213148e-11
1.261148445177423258e-11
9.399766319738815802e-12
6.987199852815148331e-12
5.186237592998672765e-12
3.849505709511121970e-12
2.859897799688465024e-12
2.126086723124008906e-12
1.580724166370373778e-12
1.175235711614928354e-12
8.739852115529796351e-13
6.504074472661003163e-13
4.842506098652532781e-13
3.605432087586735834e-13
2.684221868283927361e-13
1.998320368833326958e-13
1.487704609186169113e-13
1.107633877179807451e-13
8.247950456927655620e-14
6.143769131505715572e-14
4.579026382752116355e-14
3.416205136045387228e-14
2.552864139481698936e-14
1.912979667175575822e-14
1.440418561384807560e-14
1.093543252567346458e-14
8.422459558336622959e-15
6.663020499631310725e-15
5.534523332660464210e-15
4.963184298404855737e-15
4.721596765520602283e-15
4.594540133759482980e-15
