# bin_4_1
4.734278228696161612e-09
4.825849329185237800e-09
4.931114640126207842e-09
5.051789697616854080e-09
5.189737293180110376e-09
5.346910531607356458e-09
5.525312853006937493e-09
5.726987031580402277e-09
5.953904584940147216e-09
6.207883969033228497e-09
6.490486775055192588e-09
6.802823499370174513e-09
7.145195350045491483e-09
7.516434869876393830e-09
7.913326139017471746e-09
8.331428395754245233e-09
8.765135546315845516e-09
9.206205122832809432e-09
9.642778330123220830e-09
1.005904348956562107e-08
1.043508700404468331e-08
1.075033926107043947e-08
1.098243158002471378e-08
1.110713604142611015e-08
1.110599957435471452e-08
1.096737677419543495e-08
1.068839799082532190e-08
1.027853119791792523e-08
9.755952041417741652e-09
9.145687427105002283e-09
8.473168959735827393e-09
7.760463390397171086e-09
7.023839447175162331e-09
6.275243853319345849e-09
5.529357242873166498e-09
4.810517929560633641e-09
4.147626121260894321e-09
3.559049554431511657e-09
3.046665773465410064e-09
2.595977366715586354e-09
2.183868155853576751e-09
1.804394545791153270e-09
1.477821692728027445e-09
1.216612349434967114e-09
1.006858113887133697e-09
8.346311361521956242e-10
6.913228076018785552e-10
5.680484057587069593e-10
4.636280586344305043e-10
3.826180277389256089e-10
3.187207201524912252e-10
2.629665964267939672e-10
2.174984934633170970e-10
1.802122207535006943e-10
1.486299563025479607e-10
1.223146822087006060e-10
1.001583536067137849e-10
8.154173381189486641e-11
6.593398990840879962e-11
5.290388402094259675e-11
4.209660265882790787e-11
3.321149640236395167e-11
2.598547882984527081e-11
2.017998670097002481e-11
1.557247540638307659e-11
1.195552923038930303e-11
9.140462167739816027e-12
6.962477832996106980e-12
5.283920544126448036e-12
3.994090557198728216e-12
3.006294882617896116e-12
2.253419735013428592e-12
1.683220521040017484e-12
1.254465731502502905e-12
9.339822722565136553e-13
6.951132462656317441e-13
5.171790880770199724e-13
3.847145473598705488e-13
2.861956809781130061e-13
2.130423429276164785e-13
1.588387470736307748e-13
1.185789647220321387e-13
8.855172550527604743e-14
6.613998231205339344e-14
4.941704739394357471e-14
3.694338549956782826e-14
2.764820373897179791e-14
2.073417623855130693e-14
1.560951372461901570e-14
1.183088590865607131e-14
9.069983353259096101e-15
7.077107323507707117e-15
5.651960742559196818e-15
4.641701418354075061e-15
3.930882118922497356e-15
3.432883608445348055e-15
3.092549330723700456e-15
2.881225789303478863e-15
2.758624069024723279e-15
2.680764137031350599e-15
