# bin_2_5
2.735697984906906224e-07
2.807859154770706279e-07
2.891944398668382382e-07
2.989877641338902807e-07
3.103876573442363996e-07
3.236491415599926692e-07
3.390646432080207315e-07
3.569683310831940212e-07
3.777405230708568315e-07
4.018119583843835298e-07
4.296676156255261416e-07
4.618495515443967396e-07
4.989581245127698573e-07
5.416509687196589389e-07
5.906387577743798520e-07
6.466756767299068749e-07
7.105427402678208546e-07
7.830234059073307311e-07
8.648679884462009642e-07
9.567428368194567774e-07
1.059167357035342472e-06
1.172428596665086630e-06
1.296462774644286354e-06
1.430723511048074804e-06
1.574029344541996924e-06
1.724408270275044613e-06
1.878940296648500895e-06
2.033515328156397229e-06
2.182682042444787327e-06
2.319591801465329410e-06
2.436053000815058760e-06
2.522839806214441202e-06
2.570365135101656065e-06
2.569805467758363396e-06
2.514706521409164853e-06
2.402937172605769225e-06
2.238577875757891563e-06
2.033046358128295509e-06
1.804539311422108519e-06
1.575105243221222377e-06
1.364958840815674347e-06
1.184535811239380235e-06
1.028901496425238633e-06
8.816456087931553119e-07
7.320795245620529426e-07
5.895567860271790449e-07
4.729574567292491027e-07
3.853960950502176380e-07
3.124026157316989572e-07
2.481853697755728377e-07
1.989096545922422748e-07
1.596362802058688936e-07
1.282342998191778797e-07
1.036843902544319577e-07
8.436160985774008798e-08
6.915473014574433974e-08
5.713452788668446519e-08
4.754078716585257513e-08
3.977736575331452203e-08
3.338382262911744848e-08
2.801493846150595407e-08
2.342291745670821807e-08
1.943958546858037749e-08
1.596084136650486182e-08
1.292899008227954266e-08
1.031487641385531698e-08
8.100957175794650951e-09
6.267861590692608413e-09
4.786706258299399992e-09
3.617734381686402218e-09
2.713727836940659052e-09
2.025524126772152905e-09
1.507249590795361016e-09
1.119585578122405698e-09
8.308480045775891413e-10
6.165304378682506497e-10
4.579823782285176084e-10
3.409927004072821345e-10
2.545716536486185528e-10
1.902800750784772734e-10
1.422196421946482009e-10
1.062768582715801609e-10
7.940292108617318625e-11
5.931446253557232135e-11
4.430154430129851314e-11
3.308408314015771103e-11
2.470411057541652559e-11
1.844494275464784863e-11
1.377056610089285113e-11
1.028020087453999171e-11
7.674261521788002478e-12
5.728872731507306652e-12
4.276825652117201873e-12
3.193238346929386103e-12
2.385095670066197966e-12
1.783765089457178167e-12
1.338656641669621124e-12
1.013058629942177312e-12
7.791790525621184127e-13
6.206405714059380005e-13
