# bin_4_4
1.980243938272103942e-08
2.024989142177381352e-08
2.076803663919646899e-08
2.136721003364396615e-08
2.205899341327008178e-08
2.285629135586194682e-08
2.377340087040418999e-08
2.482604784685799047e-08
2.603140362654820914e-08
2.740809568847044433e-08
2.897606408018746570e-08
3.075591169809462013e-08
3.276825857566117568e-08
3.503264291700554341e-08
3.756683582508480010e-08
4.038695214534919362e-08
4.350738504375712720e-08
4.693862583186306086e-08
5.068249056659070216e-08
5.473044941976342474e-08
5.906307895173360056e-08
6.365376664779231581e-08
6.846542428968401143e-08
7.344737962829394884e-08
7.854889110319786121e-08
8.371909292949066464e-08
8.890481359846184887e-08
9.405307399248322345e-08
9.910936291193080563e-08
1.040023214863879642e-07
1.086203720121847298e-07
1.128043307472515146e-07
1.163384000832761776e-07
1.189591800471548845e-07
1.203865417964792488e-07
1.203593139439237721e-07
1.186445812798102436e-07
1.150223230885501507e-07
1.092946352455500337e-07
1.013590573544288893e-07
9.138121724524381414e-08
8.007478233081015753e-08
6.878891039143723075e-08
5.900215291284371804e-08
5.145937612351387304e-08
4.543525473100198457e-08
3.915944583159027239e-08
3.168217868270624855e-08
2.470467408059322005e-08
2.021209029384019767e-08
1.681639606983442246e-08
1.310191081117000726e-08
1.046850551741175535e-08
8.348099577592295964e-09
6.616092587792672061e-09
5.266847873216142833e-09
4.208250642390613365e-09
3.376154880683138683e-09
2.724596372676141083e-09
2.212858816728268926e-09
1.808956319037466037e-09
1.487707486902792606e-09
1.229453735399785614e-09
1.019112935855526184e-09
8.450785509973202852e-10
6.987270563944685600e-10
5.739177287738803517e-10
4.666047429653102950e-10
3.743746799347409644e-10
2.958922840055475374e-10
2.303068327645586563e-10
1.767659549033129247e-10
1.341418448365535962e-10
1.009809206430391295e-10
7.564431337106681066e-11
5.651552770955152147e-11
4.216666059893340182e-11
3.144519149983400012e-11
2.345968067980755720e-11
1.754608722317778172e-11
1.318960561661403596e-11
9.941817255541629233e-12
7.494137247775202666e-12
5.647679987263888419e-12
4.255208403349126553e-12
3.205424568910069040e-12
2.414231958251134504e-12
1.818113775225845523e-12
1.369117859147111744e-12
1.031055044070987899e-12
7.766270487894391542e-13
5.852372194473165363e-13
4.413304017547233430e-13
3.331653841739471932e-13
2.518954849928400367e-13
1.908539541674169556e-13
1.450543195027126650e-13
1.108394922879843271e-13
8.541245727537405496e-14
6.651765810443096757e-14
