# bin_2_2
2.357071412669398157e-08
2.418573061422816080e-08
2.490183892218681062e-08
2.573515120835183788e-08
2.670416559696938422e-08
2.783005127579925940e-08
2.913694393043689987e-08
3.065223588127292495e-08
3.240684465797153747e-08
3.443543462927050715e-08
3.677655688968027838e-08
3.947265703761884283e-08
4.256988579061375992e-08
4.611763622706001890e-08
5.016769373506591293e-08
5.477282858663546632e-08
5.998470288685808899e-08
6.585102496894213066e-08
7.241153773243845686e-08
7.969285356108684712e-08
8.770222746306428609e-08
9.641906607640758559e-08
1.057849374610822132e-07
1.156941926131027746e-07
1.259819749063306611e-07
1.364111158261895674e-07
1.466600082570131891e-07
1.563139850037725569e-07
1.648629307873400700e-07
1.717118886893052878e-07
1.762140848605379669e-07
1.777353283624623868e-07
1.757548853891083088e-07
1.699984355692165706e-07
1.605749979967186337e-07
1.480606662702225660e-07
1.334808323928101813e-07
1.181100155982506273e-07
1.031642627985291878e-07
8.949165717127162838e-08
7.738063725877088475e-08
6.659683175088362329e-08
5.652502073069973962e-08
4.677839522273407708e-08
3.780162012081460014e-08
3.047648793205470068e-08
2.477621104354915085e-08
2.002303430419105223e-08
1.604823509584458177e-08
1.288954717842085086e-08
1.039791729131516437e-08
8.408732613828473137e-09
6.845904603671484911e-09
5.611369024466902289e-09
4.634926891667211311e-09
3.856287338750545202e-09
3.227863559377267617e-09
2.712338487954930205e-09
2.281343434581672432e-09
1.914169043822907103e-09
1.596497947900007406e-09
1.319142222056597051e-09
1.076754740831215031e-09
8.664921641231954789e-10
6.867558555008864570e-10
5.361519002633552200e-10
4.128063995178948245e-10
3.141052410839847341e-10
2.367980080463786594e-10
1.773234135203554778e-10
1.321876746957139279e-10
9.825786250285135190e-11
7.291024566365175143e-11
5.405379589007663793e-11
4.007172913587252583e-11
2.973308934513399222e-11
2.210284202208337238e-11
1.646370314112776497e-11
1.227644415865140056e-11
9.155020745951918971e-12
6.826143267137832156e-12
5.088874057379526055e-12
3.793193697023753297e-12
2.827041361539964828e-12
2.106735200679102786e-12
1.569803536667039077e-12
1.169622013091185912e-12
8.714026209564899455e-13
6.491950309110034316e-13
4.836452475583140391e-13
3.603222345468252656e-13
2.684706405333586293e-13
2.000873800955871223e-13
1.492121020189072314e-13
1.114529563161940479e-13
8.368991279593967399e-14
6.367773013266415664e-14
4.983888024861104644e-14
4.078953917615442921e-14
3.573791566621337843e-14
