# bin_5_6
1.638508497586897244e-08
1.679862162637933126e-08
1.727963995180174505e-08
1.783876045338919293e-08
1.848815037357843657e-08
1.924171378345487163e-08
2.011529396148554378e-08
2.112689111240732327e-08
2.229688734398503448e-08
2.364827430304299315e-08
2.520688740080930276e-08
2.700166061696768478e-08
2.906487705259988876e-08
3.143235084431633943e-08
3.414349064954918174e-08
3.724144249345266646e-08
4.077289164153717463e-08
4.478758191392721466e-08
4.933734068162355544e-08
5.447545692029189665e-08
6.025514583773659105e-08
6.672847002186060809e-08
7.394433198346478218e-08
8.194462404304752081e-08
9.076220007271677260e-08
1.004167793178065608e-07
1.109109132458237662e-07
1.222185463838530821e-07
1.342685852461685792e-07
1.469659829735117562e-07
1.601639659502743351e-07
1.736340927470071386e-07
1.870517067253704471e-07
1.999550940795518418e-07
2.117059881831428295e-07
2.214768882877609771e-07
2.282873074366367095e-07
2.311012735843960455e-07
2.289516903661756367e-07
2.210878218237489512e-07
2.072429335103607700e-07
1.880870508038592591e-07
1.656171014820118170e-07
1.429688375264902216e-07
1.233595537352546222e-07
1.085254855750833843e-07
9.679900862051355462e-08
8.388099978936967540e-08
6.749535731571020425e-08
5.216155408018438480e-08
4.285756110993216581e-08
3.575129342978502474e-08
2.741873904998451443e-08
2.188923756190483014e-08
1.726250210827643725e-08
1.356437428977563910e-08
1.066116221005273663e-08
8.425544943437822520e-09
6.678780314624769187e-09
5.328027607589392372e-09
4.283299658007102309e-09
3.473014205313894157e-09
2.840640167673317496e-09
2.341914261577594920e-09
1.942859248425791561e-09
1.617352059927901365e-09
1.346055781980306598e-09
1.115247211299272885e-09
9.159615551094018824e-10
7.429845624518626991e-10
5.937172052215671011e-10
4.669400128688073129e-10
3.617101016392994716e-10
2.766274947215120308e-10
2.095527130165989285e-10
1.577697549130871855e-10
1.183788009899569758e-10
8.867615815983904662e-11
6.639503544110089369e-11
4.974534297019115346e-11
3.738756668601399194e-11
2.827092809380437106e-11
2.143881685021208087e-11
1.625639372222735086e-11
1.232308657619589616e-11
9.338931760826056525e-12
7.075684109892670111e-12
5.359752613040399710e-12
4.059181141799372538e-12
3.073711070333525249e-12
2.327200925161400536e-12
1.761855087529996120e-12
1.333831281106563040e-12
1.009883181803102266e-12
7.647842098076167783e-13
5.793494665481871251e-13
4.390414477797292417e-13
3.329027728242050100e-13
2.526535842562479217e-13
1.920143116090455214e-13
