# bin_4_5
3.531944345008156338e-08
3.616561756194007494e-08
3.714811897138185142e-08
3.828781174461616976e-08
3.960840952259207886e-08
4.113677070889585540e-08
4.290321131873572024e-08
4.494180408565280881e-08
4.729068278034097531e-08
4.999237313040046915e-08
5.309397095989171892e-08
5.664672786783950422e-08
6.070562215549167087e-08
6.532838994548081664e-08
7.057509345119953680e-08
7.650854390438489659e-08
8.319426019606668729e-08
9.069790402999772983e-08
9.907943099818403919e-08
1.083901853424950748e-07
1.186712916548850066e-07
1.299564808448060413e-07
1.422648168914342866e-07
1.555942172615803738e-07
1.699331264419339585e-07
1.852545751782784857e-07
2.015021790531363496e-07
2.185734403688536945e-07
2.363243540080178347e-07
2.545382716555232213e-07
2.728599698012526854e-07
2.907830806842391602e-07
3.076219481513642814e-07
3.225050229565144327e-07
3.344039476913774621e-07
3.421800899027975891e-07
3.446256394363823672e-07
3.405244724389491003e-07
3.288216578577489508e-07
3.089810734954176389e-07
2.815578210405038167e-07
2.488659982502935963e-07
2.150904791707209657e-07
1.850034115834923977e-07
1.616302487613204906e-07
1.435790958609611520e-07
1.252917293166038733e-07
1.025230666766903455e-07
7.969290359049582714e-08
6.448596528225899060e-08
5.405267396731986382e-08
4.228881805574999855e-08
3.338767612562230187e-08
2.671321273994780990e-08
2.099480958614108440e-08
1.666110017955750993e-08
1.323323417292869498e-08
1.055894115870714538e-08
8.479841530406194426e-09
6.860194152398782981e-09
5.594045017262388146e-09
4.597295037466198201e-09
3.803880464185082550e-09
3.163014756772009061e-09
2.635591872858784847e-09
2.192654009402304258e-09
1.813788636082200208e-09
1.485763063347583632e-09
1.201043867151812728e-09
9.559660898451177848e-10
7.487098163668867994e-10
5.775959765854455100e-10
4.400311803237789781e-10
3.321652967287987753e-10
2.492804442372724825e-10
1.864743445560028423e-10
1.392566528821229298e-10
1.039233135283041736e-10
7.757408113538458013e-11
5.803177865222707693e-11
4.363865688954811494e-11
3.293237385159156170e-11
2.485966295796675056e-11
1.876076443022924141e-11
1.415456709461805504e-11
1.067687091898140282e-11
8.052012147488956499e-12
6.071436272740394696e-12
4.577432230365379701e-12
3.450785486012135834e-12
2.601421250509189394e-12
1.961292676901762894e-12
1.478987638713054301e-12
1.115678429588068387e-12
8.420665259359242466e-13
6.360467555272559345e-13
4.809912185932945609e-13
3.644870836267633645e-13
2.771249739553587125e-13
2.116205185500312655e-13
