# bin_4_2
3.742238667129164802e-09
3.817785892862940342e-09
3.904803130942486782e-09
4.004804670149070752e-09
4.119430859634849614e-09
4.250436087389144408e-09
4.399671760917653440e-09
4.569055925363269065e-09
4.760534091661986301e-09
4.976036327455566485e-09
5.217386240595039521e-09
5.486057053194975465e-09
5.782938347432063055e-09
6.107966517069872077e-09
6.459896544409387056e-09
6.836361371746431244e-09
7.233919819370672099e-09
7.647454990524336755e-09
8.068853462009702728e-09
8.486775963783880352e-09
8.886780320565978040e-09
9.252945149993834286e-09
9.567458439337551211e-09
9.810196262333944882e-09
9.963806578347302041e-09
1.001459263444061260e-08
9.953864194003253946e-09
9.780848390373308113e-09
9.500440692865935042e-09
9.122430843881713688e-09
8.657627098783767312e-09
8.115895096720678190e-09
7.504951928739289826e-09
6.833150871713729293e-09
6.116462063878014479e-09
5.385067011675934524e-09
4.679649326413278462e-09
4.036992591238540316e-09
3.475651146395536949e-09
2.987160106086601207e-09
2.540719758805388713e-09
2.116887695150078983e-09
1.733986458997734694e-09
1.419154525997033880e-09
1.168131066939332459e-09
9.612264944027025971e-10
7.883434998029098139e-10
6.438559021628984485e-10
5.231574818108132603e-10
4.280443346626256283e-10
3.535059152511416530e-10
2.907764707192858562e-10
2.398071787597927765e-10
1.987205270508931534e-10
1.644609575011215731e-10
1.362225532245035547e-10
1.126012149365878054e-10
9.276884222161692139e-11
7.603962644723888319e-11
6.189523462374699469e-11
4.994848863489167958e-11
3.990843635913319665e-11
3.154867256900841798e-11
2.467771824377783938e-11
1.911553104424390986e-11
1.468246438075255621e-11
1.119934413706778418e-11
8.494713427511857339e-12
6.413459739772737972e-12
4.822609616918737808e-12
3.613029034775730184e-12
2.697841418976554949e-12
2.009089739403860915e-12
1.493838084555624892e-12
1.110384011879262599e-12
8.256756031216909322e-13
6.141510137585684712e-13
4.568575734706862770e-13
3.398730899867138974e-13
2.529282769366815199e-13
1.883968690001328437e-13
1.404395519652054132e-13
1.047075832515858825e-13
7.807123036294670615e-14
5.821925647243108625e-14
4.342762620753607884e-14
3.241308628509122996e-14
2.422026882669245496e-14
1.813835438468974514e-14
1.363795367353630724e-14
1.032565480067616265e-14
7.905527224574101297e-15
6.149347036451321213e-15
4.882198879130021847e-15
3.973798915402905384e-15
3.326439244047716115e-15
2.874921377758195290e-15
2.589531851432104553e-15
2.434026540225948364e-15
2.353708356709122806e-15
