# bin_6_2
1.555449394632163673e-09
1.584261921452663096e-09
1.617312513023311933e-09
1.655117073122647494e-09
1.698224180660633548e-09
1.747203164421684802e-09
1.802633420168390339e-09
1.865076294086942812e-09
1.935051856007313195e-09
2.013008188979124565e-09
2.099287595445360902e-09
2.194077508964570680e-09
2.297351530177988303e-09
2.408690111562040999e-09
2.527396776338218983e-09
2.652408306661032997e-09
2.782369402310808857e-09
2.915269221169558779e-09
3.047625784405256200e-09
3.175250355566070092e-09
3.293500421733508823e-09
3.397899549664011522e-09
3.482559901258900222e-09
3.540508339786539277e-09
3.566212486651196059e-09
3.555108768937320902e-09
3.502970464077899435e-09
3.408869911504003621e-09
3.273552286448677675e-09
3.100740003234642415e-09
2.896510749071800152e-09
2.668985398287165465e-09
2.427348886857362715e-09
2.180719226349668475e-09
1.936994320149259116e-09
1.702727428531115519e-09
1.483132658044977529e-09
1.282019694602002535e-09
1.101989349578849094e-09
9.421830784265473960e-10
7.974709802221699176e-10
6.662983650066544826e-10
5.526562555807737420e-10
4.570316395452086941e-10
3.756288325342221107e-10
3.092484486560840680e-10
2.569246962055114202e-10
2.135595647629345452e-10
1.762410525985222908e-10
1.439239115961667175e-10
1.180651767883505506e-10
9.831243639308958313e-11
8.133100126979074186e-11
6.686579830518213661e-11
5.537229567363006589e-11
4.547645341973800495e-11
3.730245108282226281e-11
3.039245639361342318e-11
2.460402342802904449e-11
1.976460335875220210e-11
1.574487531474278711e-11
1.243632351088207478e-11
9.742963540759133962e-12
7.576749425236410151e-12
5.855658100850066036e-12
4.503466459424243167e-12
3.450924418821583765e-12
2.637230581321776290e-12
2.010889728425036616e-12
1.529803379574486637e-12
1.160662527120270168e-12
8.777313785644747636e-13
6.613954194393994743e-13
4.967072717728410247e-13
3.719989047850526893e-13
2.780212275393566442e-13
2.075221688439928381e-13
1.548011986215000183e-13
1.154386554855187768e-13
8.609000516847239898e-14
6.423927039259830569e-14
4.801437959529967870e-14
3.596118986085505198e-14
2.695563236064141662e-14
2.021374404778955123e-14
1.516801375197840264e-14
1.139318421394917210e-14
8.572488738170598449e-15
6.468502012869119186e-15
4.902810507914215867e-15
3.743180530468930593e-15
2.889588780848658441e-15
2.266880666027580614e-15
1.818581153811568670e-15
1.501050849156110969e-15
1.277945199861943490e-15
1.123163670370243210e-15
1.021994447084798302e-15
9.555651518989467108e-16
9.103976598204144241e-16
