# bin_6_5
8.654744038732780025e-09
8.834985763455267880e-09
9.042944803078677815e-09
9.282438961701646147e-09
9.557657484373498080e-09
9.873175869079848036e-09
1.023399916920430462e-08
1.064545603879950068e-08
1.111315382449451138e-08
1.164286842331662650e-08
1.224040986689295531e-08
1.291148355838940149e-08
1.366154874107360393e-08
1.449526644012143342e-08
1.541695851775612008e-08
1.642980002161775782e-08
1.753570186274892524e-08
1.873529294363655109e-08
2.002357001545481732e-08
2.139170658290215989e-08
2.282985152646296092e-08
2.432697294621009058e-08
2.586552879690157679e-08
2.742161556424212250e-08
2.897385775642989201e-08
3.050138667280083782e-08
3.197949685308952132e-08
3.339041590732328319e-08
3.471566609052780831e-08
3.594121010337105200e-08
3.705340164808874375e-08
3.803507602188259379e-08
3.886105359036550009e-08
3.949236728547359024e-08
3.987060386388334027e-08
3.991656360874619674e-08
3.953422627428449614e-08
3.862193327762706094e-08
3.708447463301705856e-08
3.485577137810461636e-08
3.194077786288629349e-08
2.849535339920710921e-08
2.484828581621687624e-08
2.139344483657319644e-08
1.844170976353548716e-08
1.609216848932151375e-08
1.406001117673564960e-08
1.192165972180709801e-08
9.608953079478024697e-09
7.594698279133514696e-09
6.192856390554450378e-09
5.083754953902856374e-09
3.989032311999237202e-09
3.172486352958208126e-09
2.525149011464783471e-09
1.996397186286758878e-09
1.584978391092384130e-09
1.261492414533164759e-09
1.007753614867217901e-09
8.092482217956911369e-10
6.536174446830828661e-10
5.311421980806440897e-10
4.341511792046178944e-10
3.566231350476721883e-10
2.939002318146066645e-10
2.424051061138164836e-10
1.994778891336926095e-10
1.632195989543713611e-10
1.323529519054966427e-10
1.060692601852842320e-10
8.386745540480341352e-11
6.539862997393936379e-11
5.034279458316916385e-11
3.833857744992992042e-11
2.896513852117544831e-11
2.176989241931464026e-11
1.631400304653708460e-11
1.220856131042163458e-11
9.134354593442947341e-12
6.842235465549427117e-12
5.141250050354663945e-12
3.881091578502493220e-12
2.936992974179363010e-12
2.222764158333187213e-12
1.681850391148441417e-12
1.272319483990739648e-12
9.623564890867732816e-13
7.278311288998620291e-13
5.504433810745750640e-13
4.163186643765055390e-13
3.149496483511777506e-13
2.383736556677133299e-13
1.805608839405816662e-13
1.369471486022478388e-13
1.040734607202355983e-13
7.930584907362414969e-14
6.065846141492492936e-14
4.665943413798236933e-14
3.614749769483346139e-14
2.824794259476827208e-14
