# bin_1_5
6.193230687372200770e-07
6.351412688361727694e-07
6.535468732099089106e-07
6.749479472665087089e-07
6.998115506363532237e-07
7.286710726059237453e-07
7.621326255727243471e-07
8.008808555810263133e-07
8.456846108498332184e-07
8.973993588185624520e-07
9.569680383318982158e-07
1.025419566327554199e-06
1.103862768551347478e-06
1.193473032788018778e-06
1.295468025574552905e-06
1.411069062965551208e-06
1.541432453037229279e-06
1.687557440316245610e-06
1.850179523169372951e-06
2.029659408521726080e-06
2.225814001665405160e-06
2.437665562949062074e-06
2.663183156164552736e-06
2.899064053227902531e-06
3.140431661891792293e-06
3.380464996913343498e-06
3.610198436060971985e-06
3.818396457753481445e-06
3.991678964173832939e-06
4.115096162813681922e-06
4.173308860085158872e-06
4.152601920724421577e-06
4.043732544185364084e-06
3.845300827447879667e-06
3.566776727198718011e-06
3.229801074765893816e-06
2.865880112879691805e-06
2.509010836256627644e-06
2.183870627500446790e-06
1.896315086275042230e-06
1.635699382305334358e-06
1.389195829550907247e-06
1.155223342700912714e-06
9.419050213252257508e-07
7.597721220404296251e-07
6.156294381373982075e-07
4.999409469828583389e-07
4.014121554365881255e-07
3.225961944692644067e-07
2.604341200129170670e-07
2.107503696680952979e-07
1.716290942860878443e-07
1.407249726484363737e-07
1.162793752603291597e-07
9.680976549237037821e-08
8.112200681902953377e-08
6.827827789617334859e-08
5.755780164897334191e-08
4.842860129475545327e-08
4.052034165297185687e-08
3.359499047297832154e-08
2.751654113452207693e-08
2.221721952479271575e-08
1.766393055028703374e-08
1.382983865843049687e-08
1.067532964138825540e-08
8.140491046602796318e-09
6.147604461476317385e-09
4.609494532210136526e-09
3.439152934231526468e-09
2.557546624101230920e-09
1.897877172300352963e-09
1.406567687171661947e-09
1.042054894507829938e-09
7.724557769355540733e-10
5.734009731499627961e-10
4.263978012794123692e-10
3.174539913376898771e-10
2.364037353161992727e-10
1.760276657852680443e-10
1.310514870327309048e-10
9.755323102790800041e-11
7.260831288789052869e-11
5.403598257358845507e-11
4.021046867933785393e-11
2.992006292134568581e-11
2.226188034612227165e-11
1.656332110040683390e-11
1.232342391528572241e-11
9.169157329289373894e-12
6.822789088862624286e-12
5.077806482159545201e-12
3.781301602318972340e-12
2.819898831067826054e-12
2.110107026115387707e-12
1.592452206460173958e-12
1.226474955949802864e-12
9.900899966381890283e-13
8.546789922845755046e-13
7.937229983079294461e-13
