# bin_6_3
4.764819246142953854e-09
4.856158436078648551e-09
4.961104036879361016e-09
5.081372398772388429e-09
5.218809500253327309e-09
5.375360801958705149e-09
5.553044806487188321e-09
5.753877243808613850e-09
5.979807395244359419e-09
6.232631831157600284e-09
6.513896704215090508e-09
6.824754072861844501e-09
7.165785678107068423e-09
7.536489410505434605e-09
7.935569779914785074e-09
8.360653301267746819e-09
8.808445712033788801e-09
9.273668237017544370e-09
9.746733283271344680e-09
1.021576682525106337e-08
1.066721281871302460e-08
1.108743657908694231e-08
1.145826506394611132e-08
1.175783177499017048e-08
1.196748740210214593e-08
1.207049290063521831e-08
1.205037331078518970e-08
1.189929492859461394e-08
1.161378654815068513e-08
1.119874600401016167e-08
1.066612178609628518e-08
1.003449953675403456e-08
9.326821559123395116e-09
8.567591178817116904e-09
7.779958282703432494e-09
6.985668760447951170e-09
6.205142632507261643e-09
5.456683046152803196e-09
4.756376410461502677e-09
4.110131012248346702e-09
3.509710748492324473e-09
2.959194810990406629e-09
2.478856017616614218e-09
2.070771435509193109e-09
1.718032109732987341e-09
1.419809141582143783e-09
1.171745305195632024e-09
9.607647899572708853e-10
7.861385565576703369e-10
6.410614603223778726e-10
5.218750833105660954e-10
4.293202496923954143e-10
3.521172452488162391e-10
2.879726365395786361e-10
2.370829085101550305e-10
1.944358101552109303e-10
1.595824505191108278e-10
1.305978666111693387e-10
1.065318188330911108e-10
8.651038119983524310e-11
6.986918916502643921e-11
5.608228367403419163e-11
4.471972418115905921e-11
3.541749678450822046e-11
2.785978988120282739e-11
2.176805354445444744e-11
1.689665547233678239e-11
1.303145670077400195e-11
9.988225200947143407e-12
7.610420047726180892e-12
5.766721476892889672e-12
4.348013789755424196e-12
3.264508870942988832e-12
2.443064410582657152e-12
1.824217673329501429e-12
1.360188748457755845e-12
1.013597801212346264e-12
7.553783223372932901e-13
5.632298621951001716e-13
4.203766408313099231e-13
3.140816193533093961e-13
2.349373866429928853e-13
1.759330281238887232e-13
1.317937022452735053e-13
9.874503059504948822e-14
7.400729225319701184e-14
5.549621228504205550e-14
4.165505206420154292e-14
3.131719382434689148e-14
2.360719344795514503e-14
1.787358325214172327e-14
1.362588509493203916e-14
1.049642428074888567e-14
8.209793828125917085e-15
6.556151168175723297e-15
5.367001004371836824e-15
4.520076552192196835e-15
3.941880675432644400e-15
3.548010912547595996e-15
3.277126980797410004e-15
