# bin_1_3
3.631246350671159958e-07
3.723467030667478111e-07
3.830750129945839406e-07
3.955463414076338448e-07
4.100315505594006066e-07
4.268394574130737401e-07
4.463204743759670759e-07
4.688700276521810987e-07
4.949311431694058640e-07
5.249956305508205288e-07
5.596052964648895355e-07
5.993461024611088265e-07
6.448509687245821303e-07
6.967861166801913593e-07
7.558381608110105083e-07
8.226899758088099822e-07
8.979825133588869152e-07
9.822498690537377278e-07
1.075863758813727162e-06
1.178970855063946441e-06
1.291390266970477925e-06
1.412466505377594763e-06
1.540918858504455709e-06
1.674720006029353052e-06
1.810923288099250326e-06
1.945448410448418497e-06
2.072990578596800159e-06
2.186965335097393668e-06
2.279619743740021235e-06
2.342423113525397699e-06
2.366815446872713992e-06
2.345445444094227881e-06
2.273850491880061333e-06
2.152321032566585610e-06
1.987464497180879960e-06
1.792581210333082389e-06
1.585934529908101619e-06
1.386404483518620310e-06
1.206252868747180170e-06
1.046951916798300975e-06
9.012225117052816352e-07
7.623828949463248931e-07
6.314897012212360319e-07
5.140421312011876000e-07
4.148861061851305791e-07
3.362332504201748468e-07
2.727652960210524838e-07
2.189797502844592724e-07
1.761703067824900096e-07
1.423475896362136629e-07
1.153530924695794391e-07
9.409790760189680150e-08
7.729785617055475796e-08
6.399147813238924514e-08
5.336935758152282443e-08
4.478328482348313103e-08
3.772539863673897544e-08
3.180822552537567121e-08
2.674845107869064511e-08
2.235160333970268236e-08
1.849525826223601787e-08
1.511146207023061896e-08
1.216729486692583542e-08
9.646041009681130629e-09
7.531827991234812711e-09
5.800032072315502490e-09
4.414274173883744564e-09
3.328745412473214748e-09
2.493327250728072861e-09
1.858967069131518900e-09
1.381764648413274880e-09
1.025016366870771610e-09
7.594973247901068370e-10
5.626241045483889082e-10
4.170826881350452708e-10
3.096346072588958718e-10
2.302539733850918847e-10
1.713969383571498867e-10
1.276048551552336465e-10
9.498949696408739813e-11
7.069979957425956053e-11
5.261395554686233951e-11
3.914991322570175873e-11
2.912828427298125885e-11
2.167009300769056626e-11
1.612043132612435591e-11
1.199145291449281565e-11
8.919849240831124755e-12
6.635100618628692857e-12
4.935828461767625174e-12
3.672141687180198875e-12
2.732648059548751008e-12
2.034995336364028833e-12
1.518173664235542536e-12
1.137331396870481264e-12
8.607352001175146593e-13
6.669481431150184573e-13
5.444698500305165382e-13
4.767609718155480451e-13
4.479283764892277846e-13
