# bin_2_4
2.011552162606655417e-07
2.064566154222796865e-07
2.126336586191520208e-07
2.198274908920468764e-07
2.282007561396507535e-07
2.379404137582480533e-07
2.492607462055695522e-07
2.624064893033662275e-07
2.776559944224017647e-07
2.953242666512800234e-07
3.157656346201812376e-07
3.393756631436892955e-07
3.665918391013720061e-07
3.978925539776565661e-07
4.337936367755697068e-07
4.748409116436346657e-07
5.215974365842600621e-07
5.746249863350388804e-07
6.344571995536407276e-07
7.015615390014382762e-07
7.762922615951884207e-07
8.588268112139750221e-07
9.490783438307450830e-07
1.046599062611068891e-06
1.150470600767520175e-06
1.259190251125938604e-06
1.370552764914792640e-06
1.481480386142100285e-06
1.587921973334765266e-06
1.684821010888708801e-06
1.766176266133277469e-06
1.825297999514634309e-06
1.855339866716560895e-06
1.850155438258766885e-06
1.805496468838995253e-06
1.720409863684066949e-06
1.598493793477499640e-06
1.448546803138630105e-06
1.283800693622038729e-06
1.119834463854783331e-06
9.703422635811416245e-07
8.419800205418296049e-07
7.305017629831630755e-07
6.243550384650962227e-07
5.171598998804288202e-07
4.162552436147863057e-07
3.343734413831803254e-07
2.723870869681865414e-07
2.205156192966757333e-07
1.752868742194844671e-07
1.405768761831766210e-07
1.128539518845394009e-07
9.074606880214421711e-08
7.344101032810498725e-08
5.982114313047412892e-08
4.909414677116752445e-08
4.060408256674422986e-08
3.381572828016702887e-08
2.830998534104537400e-08
2.376416118759359975e-08
1.993741821754117495e-08
1.665793473614247900e-08
1.381009595021766189e-08
1.132303733593098561e-08
9.157783868167101210e-09
7.294405757920585373e-09
5.720080966747489373e-09
4.419899413871655322e-09
3.371887264553800313e-09
2.546467068910298083e-09
1.909143125897437662e-09
1.424485528268059833e-09
1.059750078202498200e-09
7.870530826920913113e-10
5.840132813767708512e-10
4.333509892864319445e-10
3.219214624824157033e-10
2.396999667107948042e-10
1.789390695423787381e-10
1.337249631258434135e-10
9.992942290632879499e-11
7.465994762496061380e-11
5.577015315946593627e-11
4.165273863096675072e-11
3.110431155520149633e-11
2.322419673364910072e-11
1.733850911082176211e-11
1.294320460758475937e-11
9.661384484026961374e-12
7.211298257427766032e-12
5.382378606960862919e-12
4.017305170680191035e-12
2.998608053785228534e-12
2.238572592881949784e-12
1.671904883731127001e-12
1.250515635731159192e-12
9.390089097404182750e-13
7.117605923127053543e-13
5.492677768645193936e-13
4.401659063791733516e-13
