# bin_4_1
4.745230759287831650e-09
4.836729193770519618e-09
4.941908045975306560e-09
5.062499478294667081e-09
5.200352948130653134e-09
5.357411672342331275e-09
5.535682885289006138e-09
5.737189810133050655e-09
5.963913789209093391e-09
6.217735372944730233e-09
6.500308835929016208e-09
6.812713475045939555e-09
7.155132057969964730e-09
7.526337218575161862e-09
7.923410018652022055e-09
8.341916250750623516e-09
8.776087936071723781e-09
9.218043414941475068e-09
9.655956631661884743e-09
1.007391213941693944e-08
1.045229427442153173e-08
1.077042278834336810e-08
1.100607770627770962e-08
1.113496854201412955e-08
1.113844218093425671e-08
1.100464326767689390e-08
1.073023601360381558e-08
1.032438920140350413e-08
9.804907451441984485e-09
9.196612541857934811e-09
8.525025859996056872e-09
7.812678694240422821e-09
7.075917848509910477e-09
6.326573248313184141e-09
5.578839998759964589e-09
4.856230673321692825e-09
4.187352026126805122e-09
3.592311726604670942e-09
3.074686768065935656e-09
2.621176561511169457e-09
2.208303161875610045e-09
1.827570909062683027e-09
1.497183201679757511e-09
1.231418887588282640e-09
1.018777263713895436e-09
8.444082810391908009e-10
6.997178753474552352e-10
5.758176435270401417e-10
4.701140710313435505e-10
3.872586762006160110e-10
3.225725605626486486e-10
2.664128742476667731e-10
2.200054208855499572e-10
1.823074065868372403e-10
1.502384473835101722e-10
1.235867345731190392e-10
1.011386037166441059e-10
8.229675694402012381e-11
6.651185722690129413e-11
5.334271852456448767e-11
4.242669635994502132e-11
3.345655396460147892e-11
2.616416883244213600e-11
2.030748221022939314e-11
1.566137855606356996e-11
1.201632728585493406e-11
9.181685813121753289e-12
6.990672646228047172e-12
5.303717009929541330e-12
4.008506404451699248e-12
3.017137338297235184e-12
2.261653134568867682e-12
1.689404047189825895e-12
1.259008724217388565e-12
9.372439972435125353e-13
6.974227307857860104e-13
5.187958831802028525e-13
3.858273803940941833e-13
2.869353349415929912e-13
2.135068055491626333e-13
1.591075236384994612e-13
1.187262197877833797e-13
8.862544572036464588e-14
6.616749088267844874e-14
4.941599204225795476e-14
3.692557549427491298e-14
2.762119674448681585e-14
2.070270609445463425e-14
1.557495347938880452e-14
1.179425867715926250e-14
9.030717297247783258e-15
7.033801263875357884e-15
5.605694715912567430e-15
4.592241577961438628e-15
3.878568538610808549e-15
3.378394813163598845e-15
3.034714396744076364e-15
2.819067465916397168e-15
2.693761300792206441e-15
2.615685159325151380e-15
