# bin_5_3
3.567377581339731203e-09
3.644480557757459412e-09
3.733393540538580729e-09
3.835707941718231260e-09
3.953156384053590764e-09
4.087600846748639310e-09
4.241009645974342237e-09
4.415422577085233437e-09
4.612900841205653465e-09
4.835460015146786439e-09
5.084984563002208603e-09
5.363123775992375145e-09
5.671166245530055778e-09
6.009896714928531229e-09
6.379384306715653236e-09
6.778748770392919566e-09
7.205897177860527077e-09
7.657024247064282036e-09
8.125980327999305818e-09
8.604191926164528890e-09
9.079990330508562856e-09
9.539020417003109563e-09
9.964228129837804951e-09
1.033594680236366062e-08
1.063262787196212964e-08
1.083226445295740701e-08
1.091418740331278838e-08
1.086215839273595542e-08
1.066697188820107570e-08
1.033078856663073051e-08
9.869694223264656725e-09
9.313933393707346079e-09
8.701386415833535977e-09
8.064814751815280376e-09
7.417255976863908041e-09
6.750217950401234761e-09
6.051607220462635887e-09
5.336384815815622186e-09
4.655166094894664587e-09
4.049913544457470951e-09
3.509987598389476302e-09
2.998854154103985388e-09
2.515984926013970144e-09
2.090875485269039428e-09
1.740494767318184506e-09
1.453921414729957869e-09
1.209912899844867556e-09
9.977050161703303727e-10
8.121554577494964861e-10
6.558305828776217618e-10
5.372800446355145713e-10
4.431762856160261230e-10
3.592819190742265370e-10
2.944891265009375887e-10
2.410810327427817565e-10
1.972122379595491065e-10
1.611815582095766131e-10
1.315616690361637772e-10
1.070804065223706139e-10
8.687208981859437792e-11
7.020385888333953746e-11
5.647849022165639877e-11
4.520597554353838480e-11
3.598339732823764672e-11
2.847702263277517551e-11
2.240415884492291390e-11
1.752210337962269053e-11
1.362152127162461906e-11
1.052369773703113923e-11
8.078515157928962603e-12
6.161406231382866029e-12
4.669425616893250057e-12
3.518003170723491550e-12
2.637771417116800330e-12
1.971306068014333069e-12
1.470760292544996013e-12
1.096667276672651341e-12
8.176465623469245220e-13
6.098349934802635840e-13
4.552450152159181455e-13
3.403276028734986272e-13
2.549790622158436222e-13
1.912551668492536822e-13
1.434657520495772962e-13
1.076194551863092718e-13
8.073731928886189455e-14
6.058400442194545794e-14
4.548172307228915410e-14
3.417214004161820058e-14
2.571174975058456229e-14
1.939245701181617328e-14
1.468637178236695676e-14
1.120670375593979186e-14
8.668948552195362871e-15
6.847408291033025270e-15
5.531280066475286850e-15
4.563317240467632672e-15
3.860656922651642007e-15
3.371281052732848502e-15
3.048524866533603182e-15
