# bin_6_1
2.055992018859767460e-09
2.092323958567119619e-09
2.133906902729141780e-09
2.181347937951257303e-09
2.235281701797541518e-09
2.296351564343060269e-09
2.365192591496045407e-09
2.442389343059259911e-09
2.528442221006812780e-09
2.623724134110876410e-09
2.728434828825267113e-09
2.842535012315934375e-09
2.965669457352629780e-09
3.096912276062894115e-09
3.234966314725723733e-09
3.378055703018460317e-09
3.524074295033057049e-09
3.670080749983429544e-09
3.811118220611235497e-09
3.941423279398912617e-09
4.054865559412444253e-09
4.145943229553574730e-09
4.207453832783560662e-09
4.230992703489952055e-09
4.210763237259631285e-09
4.142800554537126578e-09
4.023877887497896391e-09
3.855761127309994792e-09
3.642484787527421963e-09
3.391948370352058030e-09
3.114619713734830372e-09
2.822715725192776335e-09
2.528495349386233921e-09
2.242522903528017461e-09
1.972126727285301595e-09
1.721576368546174575e-09
1.492785147183449059e-09
1.286391307754262110e-09
1.102990288300487517e-09
9.409931142256158389e-10
7.954986688317189127e-10
6.648715186547152751e-10
5.525563828973456860e-10
4.586269869145638712e-10
3.794373849841005221e-10
3.150348799899657526e-10
2.641051200754986940e-10
2.220486470438312659e-10
1.846978598903787924e-10
1.511110404467440557e-10
1.241573849252635308e-10
1.039174539738560701e-10
8.599997116887739067e-11
7.039588623369456316e-11
5.809439888244418313e-11
4.733226072483862074e-11
3.847850564730058099e-11
3.100139704426642976e-11
2.479189392986695577e-11
1.966441578116125188e-11
1.547336882686526447e-11
1.208785902596427408e-11
9.386499172866329987e-12
7.256397082541002138e-12
5.594103390126929433e-12
4.307003407362122798e-12
3.314994876078323008e-12
2.551432037648670497e-12
1.962856195457455076e-12
1.507788675543759800e-12
1.154927301106511653e-12
8.809965271580000119e-13
6.687307660499854025e-13
5.051113425862813023e-13
3.798820840347324944e-13
2.847267359158771569e-13
2.129134324701405630e-13
1.590020333336666910e-13
1.186702603698918468e-13
8.857541567757018684e-14
6.616751182988531728e-14
4.954606294860755772e-14
3.720882591968813799e-14
2.797633412683792049e-14
2.104733575178501959e-14
1.584905359866548399e-14
1.195118637774358004e-14
9.033125976062950678e-15
6.853768460671702065e-15
5.231123067229060526e-15
4.030312587214599331e-15
3.148454648127557452e-15
2.507702728278907459e-15
2.048996992394119202e-15
1.725948480109610102e-15
1.499277876805495897e-15
1.340715649737996037e-15
1.233302472163187250e-15
1.158405214306891719e-15
1.103660289057541978e-15
