# bin_1_2
9.181469793845311197e-08
9.411500667903208966e-08
9.678969271549242596e-08
9.989713439089867162e-08
1.035039296196878273e-07
1.076858119320726777e-07
1.125284974681189024e-07
1.181284755625782003e-07
1.245934090285687643e-07
1.320421203348828110e-07
1.406044385136501564e-07
1.504192462939758976e-07
1.616357706872992541e-07
1.744093285241215767e-07
1.888977946534629122e-07
2.052561830404944454e-07
2.236235723476044019e-07
2.441060208148550080e-07
2.667641559453074821e-07
2.915976872085993509e-07
3.185228676911805196e-07
3.473293903554128919e-07
3.776435591481975512e-07
4.089075321362229828e-07
4.403303154016141115e-07
4.708417598350454469e-07
4.990834910062009734e-07
5.234037291776952461e-07
5.419052636161696527e-07
5.525732022199237394e-07
5.534960935135688758e-07
5.432062055713107027e-07
5.210959308513644956e-07
4.878455933649382349e-07
4.456840708902607955e-07
3.982732894637574721e-07
3.500995369445488355e-07
3.051186967789903701e-07
2.652981786669227547e-07
2.299133059576729435e-07
1.966977335833923176e-07
1.646882760618966620e-07
1.351351249631744507e-07
1.097256630647166601e-07
8.875282655560370943e-08
7.192818738932554930e-08
5.818970334263867240e-08
4.673792649404661843e-08
3.770605515458804048e-08
3.053288088379206716e-08
2.483401431401350382e-08
2.034152023513596925e-08
1.678558288542979248e-08
1.395848965628376659e-08
1.168801437545941714e-08
9.837522822245935891e-09
8.301032523420292036e-09
6.999106890894130790e-09
5.875184816053357038e-09
4.891938709821952068e-09
4.027249492921877920e-09
3.269836803303941517e-09
2.614604282399087737e-09
2.058380309123273352e-09
1.596809004468336075e-09
1.222806560602540711e-09
9.265374597206908283e-10
6.964202313774246209e-10
5.204692312797453381e-10
3.874667379244081755e-10
2.877058274574083728e-10
2.132698616073082973e-10
1.579522825304617958e-10
1.169941514026284830e-10
8.674875658288184344e-11
6.442113365538840542e-11
4.790837785079054379e-11
3.565190024767255703e-11
2.653121364048354765e-11
1.974103299950466710e-11
1.468664592962281669e-11
1.092501063596958549e-11
8.125957729216534331e-12
6.043493699090525262e-12
4.494386207840041297e-12
3.342186786006509736e-12
2.485306767436663765e-12
1.848130541503456047e-12
1.374381000147905203e-12
1.022185084140826703e-12
7.603889440365793590e-13
5.658700732380244492e-13
4.216054619869727934e-13
3.150094477268594850e-13
2.368702774337642173e-13
1.807925742001579512e-13
1.425243623408612358e-13
1.198513245180697741e-13
1.086255641989457004e-13
1.046060259301134913e-13
