# bin_5_2
1.135455073284428865e-09
1.159424738064838807e-09
1.187030201277414654e-09
1.218748647390392135e-09
1.255094799396005057e-09
1.296615377862075101e-09
1.343879649214119903e-09
1.397465929524345297e-09
1.457942985396857676e-09
1.525845915750169229e-09
1.601646252754703955e-09
1.685716633928813978e-09
1.778289428701953867e-09
1.879411203891834527e-09
1.988874983997163196e-09
2.106147504315451962e-09
2.230289086170014837e-09
2.359793416657736317e-09
2.492385431201221784e-09
2.625024229108483888e-09
2.753695394579115588e-09
2.873600044918046023e-09
2.979185327541026966e-09
3.064209140334718226e-09
3.122039645069644550e-09
3.146170667638778190e-09
3.130842498117496868e-09
3.072082190315186873e-09
2.968510749804184377e-09
2.822701105138899386e-09
2.641900962059288347e-09
2.437960746141170965e-09
2.225021564282050322e-09
2.015180343113489140e-09
1.813563360824670706e-09
1.617549188947115478e-09
1.422342573381784361e-09
1.230650900149608396e-09
1.055343072483453684e-09
9.061710080332381305e-10
7.774789909666572597e-10
6.573873194165337777e-10
5.455430858891517961e-10
4.489402562549624443e-10
3.705713743556264241e-10
3.081765880336615307e-10
2.573483250913457402e-10
2.141335737449505645e-10
1.753580302969866516e-10
1.420654990333507072e-10
1.173122893496225714e-10
9.783898189842290774e-11
8.002378231497396055e-11
6.602755122187168815e-11
5.443720765353918625e-11
4.465844458958239480e-11
3.652336802935214796e-11
2.972186262635560709e-11
2.403542570771644910e-11
1.931185200688147576e-11
1.541361109504501569e-11
1.222110640979707846e-11
9.628164057032750917e-12
7.540554101516885017e-12
5.874954051789732118e-12
4.557330561252088843e-12
3.522457907069652906e-12
2.713878857354797946e-12
2.084156065506110889e-12
1.594702999970165736e-12
1.214951355724022348e-12
9.210467211834626940e-13
6.945893011496328937e-13
5.213512549553268472e-13
3.899937300185586126e-13
2.911860420130236896e-13
2.172244736861192354e-13
1.619721968219102128e-13
1.207533652447917271e-13
9.004531181569998261e-14
6.721902188864192299e-14
5.030531933454141313e-14
3.770883752056553011e-14
2.827283217802478414e-14
2.120116391554200743e-14
1.590260936528464624e-14
1.193425980729351371e-14
8.964060822405913557e-15
6.743339393072231959e-15
5.085892313702647907e-15
3.852019756596202326e-15
2.938056889229449372e-15
2.269228418927482349e-15
1.791018235668441667e-15
1.458220755862105181e-15
1.223913373801725794e-15
1.053698533273933499e-15
9.321749461878886579e-16
8.498758979204170751e-16
7.969403863792038970e-16
