# bin_3_2
5.233852301654327294e-09
5.358494867882207685e-09
5.503111241228420054e-09
5.670716753159105986e-09
5.864720998581161391e-09
6.088958227691100069e-09
6.347714546809409690e-09
6.645748289199997815e-09
6.988297972482756764e-09
7.381066767499927160e-09
7.830195550549757405e-09
8.342102702544017964e-09
8.923495638657413140e-09
9.581134614965189307e-09
1.032166812433117010e-08
1.115129070723911423e-08
1.207475646973133460e-08
1.309486547761544469e-08
1.421181381387261496e-08
1.542241577065554700e-08
1.671943662583824299e-08
1.808875511425916148e-08
1.950863259223208074e-08
2.094928947604031236e-08
2.237076241911526315e-08
2.372122784294750620e-08
2.493809199678059742e-08
2.594657675151034635e-08
2.666267631506311742e-08
2.699755627368544295e-08
2.686735935088554933e-08
2.620853629053111734e-08
2.499881796473727984e-08
2.327999017767166643e-08
2.117336315959692253e-08
1.887308858594927994e-08
1.660624327647187292e-08
1.454839070626959174e-08
1.274564377404984307e-08
1.109834753927795615e-08
9.460553815070315424e-09
7.829212329188914186e-09
6.384907106569142448e-09
5.248605719139910104e-09
4.323743995387448001e-09
3.511348347727676302e-09
2.824934269876722255e-09
2.275857505119907676e-09
1.843705772016259993e-09
1.497938984750477687e-09
1.217790163010238958e-09
9.978576636608075600e-10
8.230462538261591924e-10
6.832042376647603001e-10
5.707179949607794709e-10
4.788004990280210025e-10
4.024594696647319523e-10
3.378679005186475124e-10
2.823037498588702213e-10
2.339656586654568590e-10
1.917759786338156678e-10
1.551561478459618414e-10
1.237908066907984398e-10
9.742096136387035727e-11
7.571047132203019801e-11
5.820075437461350316e-11
4.433646368759432928e-11
3.352594027040306267e-11
2.520015403038571008e-11
1.885078828666698360e-11
1.404717397227137560e-11
1.043795678499235699e-11
7.743222724195478559e-12
5.742880094285117714e-12
4.263279331663546083e-12
3.168199057875028858e-12
2.355578245994679337e-12
1.751850863706801125e-12
1.303476437573981348e-12
9.704793872915074408e-13
7.227639537595609259e-13
5.382523504826263611e-13
4.008052919830464326e-13
2.984334315494038219e-13
2.221979084510778856e-13
1.654340319397466667e-13
1.231757220564653373e-13
9.172234208211877371e-14
6.831688505832001201e-14
5.090637786601161854e-14
3.796173693935348392e-14
2.834521651055839851e-14
2.121450349273966388e-14
1.594398617880393349e-14
1.207557523406075199e-14
9.292040918070265626e-15
7.394307765703135836e-15
6.302466799750283536e-15
5.790219979104379834e-15
5.544226623874737626e-15
