# bin_5_4
5.018318722005314294e-09
5.130882624062884579e-09
5.260968495619466355e-09
5.411040293555171204e-09
5.583821173653071430e-09
5.782292584218718122e-09
6.009682026068520997e-09
6.269439070651975908e-09
6.565193104372039043e-09
6.900694459177902511e-09
7.279732287800987193e-09
7.706032538632107402e-09
8.183120551377458313e-09
8.714151288625549973e-09
9.301766953245124343e-09
9.947652283363246365e-09
1.065237143639439116e-08
1.141471386113916378e-08
1.223096061274628859e-08
1.309454500283477080e-08
1.399542191881093357e-08
1.492015068977683576e-08
1.585187584980228686e-08
1.677008123188799793e-08
1.765127588391210865e-08
1.847014343227251976e-08
1.920135772864822349e-08
1.982222838061728263e-08
2.031539398789348394e-08
2.067428346890635993e-08
2.090425739784904828e-08
2.102211235478488563e-08
2.104822694560812721e-08
2.099029378362719628e-08
2.082548875693894915e-08
2.049515123108556433e-08
1.993096122722659938e-08
1.909851191185442734e-08
1.801419124562176672e-08
1.670487823169811752e-08
1.516770357709997992e-08
1.342441177009336490e-08
1.160481313510933567e-08
9.912549001589888443e-09
8.516463525228411928e-09
7.421710687262238946e-09
6.458843463171135542e-09
5.425081143189071764e-09
4.323882929707552555e-09
3.422810805094138799e-09
2.830161671982511085e-09
2.307199914052606664e-09
1.802862772522599620e-09
1.454125571666075485e-09
1.152715040960561167e-09
9.196874087470022112e-10
7.322437131359961061e-10
5.857316956881274212e-10
4.699601946904833235e-10
3.786936466959362181e-10
3.066207308584076805e-10
2.494770314975493447e-10
2.038861175002241443e-10
1.672035527473658618e-10
1.373761215702587003e-10
1.128224136827461225e-10
9.235735790675590210e-11
7.512159465496185205e-11
6.052647188382389401e-11
4.818790245038446418e-11
3.785414496681345461e-11
2.933722928818000162e-11
2.245983438988097410e-11
1.702600791808256650e-11
1.281776343801429234e-11
9.609460940946311371e-12
7.188433103351897470e-12
5.372231195618944016e-12
4.014938305049332686e-12
3.004358699316855433e-12
2.256075234946438815e-12
1.701891522830589196e-12
1.285794841961545130e-12
9.712897713816111638e-13
7.335568329782892250e-13
5.539110567085926004e-13
4.182014934211353029e-13
3.157143832385201595e-13
2.383424128921146109e-13
1.799530768541219994e-13
1.359084407954220839e-13
1.027062766665298718e-13
7.771095329560091372e-14
5.893828051457825328e-14
4.487490776668127531e-14
3.432685777126069423e-14
2.639329438910507850e-14
2.043851379135210777e-14
1.599675932599598753e-14
1.270774020259399243e-14
