# bin_2_1
1.430134610599883585e-08
1.466962631935091601e-08
1.509807105939640540e-08
1.559613349876797804e-08
1.617461567840309755e-08
1.684581075414659271e-08
1.762364067283201624e-08
1.852377738535347634e-08
1.956373777481254042e-08
2.076292875735734306e-08
2.214261685623973068e-08
2.372578612251865857e-08
2.553684515809185968e-08
2.760113860023634995e-08
2.994418332717655633e-08
3.259049819103184609e-08
3.556194131568596547e-08
3.887559336056870677e-08
4.254101484802015892e-08
4.655670332615628243e-08
5.090616349217360436e-08
5.555313981458324990e-08
6.043595449440628016e-08
6.546227223936488169e-08
7.050336300108867489e-08
7.538861341162603688e-08
7.990219997418114599e-08
8.378291948721697815e-08
8.673040057317254920e-08
8.842312200920317469e-08
8.855403029179998136e-08
8.688730632606436758e-08
8.333237164425201940e-08
7.801733936352127747e-08
7.132798948648678392e-08
6.387314499025319403e-08
5.634192922803080818e-08
4.927642448229729792e-08
4.287778856121187052e-08
3.704068108405955780e-08
3.160054388101808900e-08
2.651500448473748138e-08
2.186887239509812223e-08
1.780000942793795596e-08
1.440394775630424143e-08
1.167646848039868343e-08
9.440112334176133223e-09
7.593249799440469343e-09
6.130748172573120725e-09
4.959820720744307707e-09
4.034316508895942749e-09
3.302343820422357232e-09
2.722918785126877726e-09
2.262132179382465952e-09
1.892075799002844783e-09
1.590619026748156200e-09
1.340573458359556668e-09
1.129037476096806836e-09
9.468254549293563413e-10
7.878532107612466181e-10
6.484655583783314409e-10
5.267105010923625037e-10
4.215947609199046088e-10
3.324377703534837794e-10
2.584118722976732840e-10
1.983190715072543516e-10
1.505837443924229626e-10
1.133871772956976830e-10
8.485592504555393315e-11
6.323093560707081243e-11
4.697948692591878685e-11
3.483999933259276657e-11
2.581329685048059282e-11
1.912532274483659554e-11
1.418157948960232552e-11
1.052963387326465025e-11
7.828582426613175402e-12
5.824736894920358080e-12
4.334675789003419601e-12
3.225605291542117958e-12
2.399975386452754409e-12
1.785440082340287015e-12
1.328106400089720646e-12
9.878154533747790868e-13
7.346498700040753090e-13
5.463277985884427377e-13
4.062588256580875135e-13
3.020932047094401886e-13
2.246397349392295320e-13
1.670584802185842621e-13
1.242606101800719499e-13
9.246441324383903759e-14
6.887429588703247778e-14
5.141398401497121147e-14
3.859252718858659840e-14
2.945248223084773486e-14
2.329771385942217257e-14
1.958017786091209969e-14
1.759727947247811932e-14
1.679440118705234697e-14
