# bin_5_1
1.453866555021267148e-09
1.483606720273044128e-09
1.517799554528373517e-09
1.557008645586226462e-09
1.601834018333674599e-09
1.652902419971112967e-09
1.710852138489411410e-09
1.776312389269861050e-09
1.849876011607444198e-09
1.932065286047331336e-09
2.023291036097182403e-09
2.123806227354398766e-09
2.233653977996955658e-09
2.352613755798544947e-09
2.480119176136662441e-09
2.615173294717328472e-09
2.756258666071767064e-09
2.901136855605750074e-09
3.046594322863176227e-09
3.188504326047651165e-09
3.321573643703524403e-09
3.439691128076922130e-09
3.536023429009624236e-09
3.603150320176673464e-09
3.633534664762743882e-09
3.620242851508380370e-09
3.557750728499210840e-09
3.443266002980167767e-09
3.277558363030540097e-09
3.066498317821040903e-09
2.821620395379181065e-09
2.559687278339895411e-09
2.299399928067358714e-09
2.055711988292470605e-09
1.833635191206892046e-09
1.627457680238158003e-09
1.427955449366455437e-09
1.234577789222152201e-09
1.058676435494797366e-09
9.087233142288025816e-10
7.781513500555772959e-10
6.565657336485059552e-10
5.460689667720830864e-10
4.524462974689910900e-10
3.761526701000866744e-10
3.151664652626774369e-10
2.663859589973897256e-10
2.242547345309315956e-10
1.844357485228137801e-10
1.494369382183473310e-10
1.239186763990861936e-10
1.040101379348511388e-10
8.485580157695076540e-11
6.987684269515419351e-11
5.739596758364209189e-11
4.675236470622846807e-11
3.789751463014383111e-11
3.050949169208001752e-11
2.437113645983196637e-11
1.933080445364562420e-11
1.523726028526785413e-11
1.195002226028120201e-11
9.337540289349680034e-12
7.279390875009495861e-12
5.668775981928044862e-12
4.413212325803701752e-12
3.435192168073864937e-12
2.671834424473128425e-12
2.073890982442173777e-12
1.603939986732151747e-12
1.234044079797665516e-12
9.433324243697481162e-13
7.160949336448160604e-13
5.401422936909176453e-13
4.054377771852615498e-13
3.033666726536937590e-13
2.265803057223199140e-13
1.690628988929759634e-13
1.261035394512776507e-13
9.409126513607080600e-14
7.031017620157758815e-14
5.272040136020869343e-14
3.962030944443810028e-14
2.978505018251478430e-14
2.239609031759742764e-14
1.684654767774195706e-14
1.268083475828404505e-14
9.556520576780048878e-15
7.216581093166618638e-15
5.468078553058869459e-15
4.165741989001049026e-15
3.201665164838208080e-15
2.498299335062496825e-15
1.998596782729224009e-15
1.653450568673301394e-15
1.410713458452976484e-15
1.233401392930463677e-15
1.104749301800900010e-15
1.013201312769625101e-15
9.478089292891463037e-16
