# bin_4_3
1.203953660098568840e-08
1.229179825416745292e-08
1.258282088567260650e-08
1.291788862348068089e-08
1.330282357067891568e-08
1.374391804088984801e-08
1.424791805940628180e-08
1.482200171799178301e-08
1.547359848357435646e-08
1.621023111042400115e-08
1.703929767971019778e-08
1.796764710038371998e-08
1.900082808329748537e-08
2.014179932159422141e-08
2.138967631617485448e-08
2.274106020680415043e-08
2.418974975179663532e-08
2.572353208957393498e-08
2.732178106541804965e-08
2.895441907782347173e-08
3.058047669071922340e-08
3.215426269231731253e-08
3.362205874165416082e-08
3.492147277375098894e-08
3.599500674890195782e-08
3.679225507141470574e-08
3.727360499920684953e-08
3.741795778808388200e-08
3.721729704921723359e-08
3.667372667872959841e-08
3.578939797939555782e-08
3.456124718958371189e-08
3.298121711162934286e-08
3.104749946491301550e-08
2.879049271866813130e-08
2.629905593212926240e-08
2.371327354928417676e-08
2.117382181433800561e-08
1.877094000696486790e-08
1.650708701176617912e-08
1.430951297251896467e-08
1.214787329383060241e-08
1.014790735627475095e-08
8.474620060642964286e-09
7.132017795317542795e-09
5.995733785946631430e-09
4.949009959403337132e-09
3.992986988411301110e-09
3.209170744097712115e-09
2.629792908953851249e-09
2.148826600853110723e-09
1.730731257680241566e-09
1.411460574476558435e-09
1.149166435227549543e-09
9.385441023375981541e-10
7.681773916573119684e-10
6.299544868913488881e-10
5.171190281577118079e-10
4.243990706326161994e-10
3.477065911267707381e-10
2.839386376721379229e-10
2.307702495269523363e-10
1.864604023890895083e-10
1.496639601627018398e-10
1.192804489119137900e-10
9.436176609374745108e-11
7.406825995250848463e-11
5.766033473094185447e-11
4.449989302938529181e-11
3.404340216751858733e-11
2.582761463157896958e-11
1.945285166238737016e-11
1.456943589890021675e-11
1.087219931482995258e-11
8.098710234120187341e-12
6.029313517843726396e-12
4.488191636599858482e-12
3.341569999317537895e-12
2.489607510506910040e-12
1.858094369656976995e-12
1.390082702200452106e-12
1.041054741719046024e-12
7.796865673621636194e-13
5.838881336584617439e-13
4.372410372007025436e-13
3.274319226975693210e-13
2.452353849003052126e-13
1.837404038840254922e-13
1.377720739326987247e-13
1.034548624777256562e-13
7.788966183868798634e-14
5.889796880528704032e-14
4.482635103414185954e-14
3.442265510388301163e-14
2.674978362505475317e-14
2.110430490290974905e-14
1.698674276217307661e-14
1.409755276389053101e-14
1.217458680054170080e-14
1.090846350135304310e-14
