# bin_6_6
1.196109563223413931e-08
1.223102785657739802e-08
1.254367753337072192e-08
1.290534909749502499e-08
1.332312330461892114e-08
1.380493498154835272e-08
1.435968758893813407e-08
1.499723126980995359e-08
1.572841108319904257e-08
1.656506114024110039e-08
1.751998271466929393e-08
1.860692935926023958e-08
1.984060528229964220e-08
2.123626486529549424e-08
2.281028328642215425e-08
2.457947923702562511e-08
2.656113856442784876e-08
2.877305538657748918e-08
3.122922089984670741e-08
3.394159650055111326e-08
3.692263787819379309e-08
4.018470257773488534e-08
4.373438943240691952e-08
4.757154107387524244e-08
5.169680975617800126e-08
5.610829099362058328e-08
6.079496571772013448e-08
6.574401489433827568e-08
7.092606026864012747e-08
7.630001038740770875e-08
8.180894021703757705e-08
8.736038918841961145e-08
9.282030402716377517e-08
9.800165001643416694e-08
1.026519715924132144e-07
1.064480589385163436e-07
1.090005393737109294e-07
1.098748808833331639e-07
1.086318805831138568e-07
1.049069416917319168e-07
9.854641238544218393e-08
8.981321709009798599e-08
7.952429855997827275e-08
6.894723398748611099e-08
5.941957702352008615e-08
5.189220467987819281e-08
4.592377659957484214e-08
4.004143710499521109e-08
3.294961492117750971e-08
2.573680930614063272e-08
2.062097465455365824e-08
1.723867049605750060e-08
1.358011438095358232e-08
1.060116078991068458e-08
8.491868269393741862e-09
6.618710548385865351e-09
5.229973777493192519e-09
4.120739078593773123e-09
3.260526319290247865e-09
2.594804777374014196e-09
2.078892353710340525e-09
1.678400176454727976e-09
1.366005317348093241e-09
1.120230146603293464e-09
9.245058558857264788e-10
7.660574214614943709e-10
6.353122184117699165e-10
5.253532916506454520e-10
4.314486664024175641e-10
3.506259340484264105e-10
2.811932914173472639e-10
2.222176912626440368e-10
1.730599547409364684e-10
1.330344742548636681e-10
1.012169103752867778e-10
7.645678708233680863e-11
5.750405652506759299e-11
4.315207505721443828e-11
3.235671392772132810e-11
2.427417899139517542e-11
1.825270477972699136e-11
1.379710367520287367e-11
1.047267460826587518e-11
7.953364299327848713e-12
6.038476061555239867e-12
4.583432600166994635e-12
3.478190960294137403e-12
2.638939047428799861e-12
2.001867230225926217e-12
1.518415959072081953e-12
1.151655661006761161e-12
8.735051747039810408e-13
6.626226711649326781e-13
5.027948804213761752e-13
3.817038603942321050e-13
2.899809499105989469e-13
2.205221479240561920e-13
1.679674451837758784e-13
1.282019194932122090e-13
9.810806099675138241e-14
