# bin_1_1
7.704291290643419869e-08
7.890967278872612194e-08
8.107771730839426594e-08
8.359316599588271129e-08
8.650833820398417306e-08
8.988257811961692348e-08
9.378264119954205779e-08
9.828286797517248986e-08
1.034654351545773422e-07
1.094196362898912421e-07
1.162411161621373120e-07
1.240311351416028859e-07
1.328954775576745378e-07
1.429424106696643164e-07
1.542789532173733667e-07
1.670052684469812698e-07
1.812022396701111940e-07
1.969157508650635863e-07
2.141439055418530259e-07
2.328337697668669845e-07
2.528614045401386829e-07
2.739896442410520898e-07
2.958441486597489792e-07
3.179033608487219510e-07
3.394633860286825979e-07
3.596044550629049859e-07
3.772063551351052361e-07
3.909621808399621494e-07
3.994500454675510675e-07
4.012822054012006582e-07
3.953245508078275608e-07
3.809952430212964061e-07
3.585706057028715776e-07
3.293876810524266464e-07
2.958008849998675677e-07
2.608169387214245113e-07
2.274054499553771214e-07
1.975697410639053289e-07
1.714651665314770436e-07
1.475647613443879707e-07
1.243759946046779278e-07
1.022424205855782136e-07
8.299285251638795842e-08
6.746799572307233639e-08
5.474064031649727999e-08
4.423177894733130041e-08
3.568774691667289932e-08
2.877876697822491473e-08
2.332362023683835852e-08
1.898072277995185247e-08
1.554936053650237854e-08
1.283301305515897314e-08
1.067304051437182013e-08
8.939617775153990739e-09
7.528898143495975370e-09
6.359728360945847585e-09
5.370854913663299697e-09
4.518184052616186423e-09
3.772181288878840073e-09
3.115069441263526311e-09
2.537661524604798925e-09
2.035977231644586536e-09
1.607978769146753235e-09
1.251011479256933710e-09
9.603881203132916894e-10
7.291915670778504888e-10
5.489624881149113865e-10
4.107436112678344830e-10
3.060248134930972522e-10
2.273481523327476847e-10
1.685662284455409971e-10
1.248284585134150558e-10
9.240493895389345681e-11
6.845122495151810063e-11
5.077826615260369363e-11
3.771615730387713929e-11
2.803351198900296062e-11
2.083903761764709972e-11
1.548916833878834489e-11
1.151120731496530786e-11
8.553852532522138750e-12
6.355617857539161498e-12
4.721901893669380977e-12
3.507909827330608481e-12
2.605930327736125422e-12
1.935859646747749583e-12
1.438135286783475469e-12
1.068481836986411270e-12
7.939859525191565604e-13
5.901898109240886824e-13
4.389167124198256629e-13
3.267295314774825891e-13
2.438677198906188000e-13
1.831488588038699856e-13
1.393597934341787980e-13
1.090255364566748338e-13
8.977419616340746964e-14
8.012475878329899915e-14
7.652188165561045350e-14
7.566540193138992921e-14
