# bin_2_3
1.324858468045975063e-07
1.359699004380585475e-07
1.400288121335955410e-07
1.447550132568798100e-07
1.502549280181525460e-07
1.566507710286776842e-07
1.640824605704936315e-07
1.727095877837885706e-07
1.827133672323271986e-07
1.942984542964777737e-07
2.076944731083872115e-07
2.231570220904852920e-07
2.409678096315209379e-07
2.614335023031377695e-07
2.848827835476128663e-07
3.116608071176832524e-07
3.421200881919581507e-07
3.766073374280561569e-07
4.154444593206038185e-07
4.589027833515429163e-07
5.071708974497270406e-07
5.603098409308275555e-07
6.181962310082151109e-07
6.804636215036223376e-07
7.464303064586789214e-07
8.150262907912547706e-07
8.847042176342330967e-07
9.533495319219931823e-07
1.018235119169035662e-06
1.076004183882907949e-06
1.122745633056116892e-06
1.154208865102890120e-06
1.166202917943399085e-06
1.155219693524626097e-06
1.119242808527259458e-06
1.058590316602761708e-06
9.765875582077501507e-07
8.796059652576459826e-07
7.763127704920762045e-07
6.759363201393987478e-07
5.856140981213641018e-07
5.078248749839617018e-07
4.389060059969431853e-07
3.725551856699295275e-07
3.063722423477696952e-07
2.462838573585552084e-07
1.985210685909304080e-07
1.616501023688454411e-07
1.303757954593062095e-07
1.038177068756099621e-07
8.341073630471532512e-08
6.701682695094949160e-08
5.404101189212449557e-08
4.384749546931793840e-08
3.582567245703806786e-08
2.949389406822121005e-08
2.446399849159482034e-08
2.042215718170656622e-08
1.712322310145722474e-08
1.438029628541016904e-08
1.205579330351928708e-08
1.005324195458632867e-08
8.309430246816328228e-09
6.786775122138096223e-09
5.465104870417054186e-09
4.333645334948698903e-09
3.384006821532307087e-09
2.605249771565100872e-09
1.981716209307950848e-09
1.493413531825975687e-09
1.118017124358585692e-09
8.333950512976181936e-10
6.196059681508904023e-10
4.599589626820554342e-10
3.412036469323486850e-10
2.531582914750148874e-10
1.880868095492625120e-10
1.400708155090791309e-10
1.045561390405557731e-10
7.811357999979859531e-11
5.835270064753823690e-11
4.358265372509619127e-11
3.254555707702046139e-11
2.429978671169913439e-11
1.814066987002393146e-11
1.354103041594061327e-11
1.010660304303857551e-11
7.542610339727497729e-12
5.628718580792733164e-12
4.200278422938716654e-12
3.134282504617932143e-12
2.338862830547142261e-12
1.745456862292926282e-12
1.302888675940609529e-12
9.731194225219539585e-13
7.282792697096252186e-13
5.479358308370749142e-13
4.173962578038674931e-13
3.252916260850492706e-13
2.652115147773469241e-13
