# bin_2_6
2.869517555167537036e-07
2.945241785808586484e-07
3.033481612165755507e-07
3.136257373553434811e-07
3.255898253456547629e-07
3.395083161292061212e-07
3.556884739213245100e-07
3.744815466300804384e-07
3.962874426482556447e-07
4.215592511807479970e-07
4.508073050451260667e-07
4.846023585537659630e-07
5.235771627883281733e-07
5.684254967479965667e-07
6.198976871220462901e-07
6.787911511420984044e-07
7.459335936913219478e-07
8.221575263285978791e-07
9.082631864315960277e-07
1.004966503001099924e-06
1.112832738599502523e-06
1.232184479546926376e-06
1.362980243018889603e-06
1.504682109577906835e-06
1.656089637786843959e-06
1.815185630661453713e-06
1.978941676258732357e-06
2.143064316139500834e-06
2.301872654184544812e-06
2.448191703574552392e-06
2.573399657776602715e-06
2.667743782287741849e-06
2.721010698861662399e-06
2.723695375054045489e-06
2.668689229197765423e-06
2.553334256857094787e-06
2.381531911642404413e-06
2.165011489681345769e-06
1.923018060901811760e-06
1.679282723205766184e-06
1.455574254369541923e-06
1.263545999457975839e-06
1.097895938239349263e-06
9.421270814566959509e-07
7.834578861332110817e-07
6.312075489810214345e-07
5.060428584268092495e-07
4.123397275010896178e-07
3.344542391928646955e-07
2.656396984353221588e-07
2.128298377615818531e-07
1.707855266875038002e-07
1.371260547022936154e-07
1.108232633680247382e-07
9.012024222890367262e-08
7.383426878990331855e-08
6.096835504698259923e-08
5.070907996362282675e-08
4.241625438225869223e-08
3.559514214203785084e-08
2.987424008932562344e-08
2.498588941855338719e-08
2.074775782448120477e-08
1.704643014587756994e-08
1.381889464193701714e-08
1.103349077105378678e-08
8.671752108969528227e-09
6.713801795032505252e-09
5.129868860051177331e-09
3.878551001605189804e-09
2.910119626620228197e-09
2.172483388298856266e-09
1.616802329845686850e-09
1.201063505147804548e-09
8.913629415750614644e-10
6.614508381730900829e-10
4.913526931045473434e-10
3.658326611805080477e-10
2.731460208963791157e-10
2.042224162833258960e-10
1.526901182696383601e-10
1.141389360359648042e-10
8.530550156086877526e-11
6.374526700169697490e-11
4.762710137284394008e-11
3.557978548383449050e-11
2.657683209820223962e-11
1.985005539231534762e-11
1.482473958345986073e-11
1.107102792482738254e-11
8.267493905809265384e-12
6.173859769420644130e-12
4.610600615205362567e-12
3.443589008513730706e-12
2.572871189213498177e-12
1.924613218947377750e-12
1.444340627972909780e-12
1.092469008597093606e-12
8.390996453854472693e-13
6.665243902111075602e-13
