# bin_1_4
4.828808314346805700e-07
4.951922571907622064e-07
5.095166277498957573e-07
5.261710776875757608e-07
5.455184979113617953e-07
5.679728559661376413e-07
5.940043936985313420e-07
6.241446495914284259e-07
6.589900986985287337e-07
6.992041410194880054e-07
7.455180416543402663e-07
7.987251186659729099e-07
8.596838003496285187e-07
9.293007368950739690e-07
1.008513268663178535e-06
1.098261765132203035e-06
1.199431941966272569e-06
1.312777357292392889e-06
1.438847045258268999e-06
1.577892750407197033e-06
1.729746381596669637e-06
1.893612870080009312e-06
2.067865522722702284e-06
2.249901248121486254e-06
2.435875427854946094e-06
2.620424285103229005e-06
2.796537674834966440e-06
2.955451577787130686e-06
3.086759510407384423e-06
3.178887514002433090e-06
3.220041364183202002e-06
3.199810874332443178e-06
3.111378513575172493e-06
2.954147214253512062e-06
2.736032133898004986e-06
2.474254543811021056e-06
2.193495397667160815e-06
1.919532407230171813e-06
1.670634390829654546e-06
1.450677446986213236e-06
1.250412904947889303e-06
1.060754991424969524e-06
8.811330921753109342e-07
7.181168180720278427e-07
5.793549043287499093e-07
4.694394180659313042e-07
3.810920017277264367e-07
3.059750111962613972e-07
2.459803444315025783e-07
1.986336408141733048e-07
1.608102483416986181e-07
1.310275975801709500e-07
1.074953778273816655e-07
8.887465247316378946e-08
7.403363344522352448e-08
6.206400009177501969e-08
5.225218895645207179e-08
4.405112969483585701e-08
3.705830562846235663e-08
3.099464491112787043e-08
2.568191643482679966e-08
2.101914463089470048e-08
1.695649980078190101e-08
1.346938978254352435e-08
1.053685464578279284e-08
8.127419536316632210e-09
6.193813658469450244e-09
4.675343057452952583e-09
3.504437696232621657e-09
2.614083091018446325e-09
1.943678307300630252e-09
1.442191844384168800e-09
1.068772997094637024e-09
7.917756677975186828e-10
5.869451608852495938e-10
4.357246919182863070e-10
3.240441703580412666e-10
2.412766487514564634e-10
1.796956016995019997e-10
1.338177390438165098e-10
9.963814354253447586e-11
7.417848168975028402e-11
5.521754567571998666e-11
4.109888865785140653e-11
3.058751207485357002e-11
2.276287971914515573e-11
1.693900721039661394e-11
1.260482543830248910e-11
9.379643610728221004e-12
6.979957198667571246e-12
5.194664626325705409e-12
3.866792390226927400e-12
2.880143291894041336e-12
2.148566164516228316e-12
1.608639670452766145e-12
1.215274551327237679e-12
9.378662701747065118e-13
7.598155516290203810e-13
6.588714255067309374e-13
6.141485993626050970e-13
