# bin_3_4
5.470904545042020692e-08
5.611824236102877956e-08
5.775911176607265826e-08
5.966867910459851384e-08
6.188953414516410680e-08
6.447054507105481390e-08
6.746762708815097285e-08
7.094455406952339338e-08
7.497379305461601979e-08
7.963731996733688401e-08
8.502742331455390066e-08
9.124702559876563937e-08
9.841047547207465728e-08
1.066434776400705918e-07
1.160829900097806610e-07
1.268759335993509041e-07
1.391754254340049190e-07
1.531378160196452869e-07
1.689174538399875441e-07
1.866600570375109337e-07
2.064945097470626143e-07
2.285146089373301659e-07
2.527665109997241344e-07
2.792323087834874246e-07
3.078032139395950651e-07
3.382354870622143357e-07
3.701349679997323526e-07
4.029535633917713192e-07
4.359147691844391795e-07
4.680155139039554742e-07
4.980343953855453381e-07
5.245531926851259416e-07
5.460369426843107274e-07
5.609350839116921568e-07
5.678009197477898429e-07
5.653824340309447996e-07
5.526726687563011885e-07
5.289128521042394333e-07
4.938211638281979464e-07
4.482487345131303034e-07
3.952219979754074667e-07
3.407444025152815874e-07
2.924211925769134026e-07
2.543987899636941625e-07
2.247146259129412166e-07
1.946883244402007596e-07
1.588659118323113916e-07
1.242439435702234427e-07
1.008114024780431386e-07
8.393804714756083421e-08
6.605414382725989583e-08
5.246353545108144680e-08
4.207559734712418639e-08
3.337299417744236640e-08
2.669321924154729686e-08
2.140299907425800155e-08
1.726271576856773149e-08
1.401727934396318585e-08
1.146313834862165578e-08
9.439516182419980195e-09
7.820027648769335168e-09
6.506841489965353602e-09
5.425558232928053314e-09
4.519824064363458074e-09
3.748593300914944884e-09
3.083582086510001146e-09
2.507006017773129354e-09
2.009028043634162595e-09
1.584603985448365968e-09
1.230286473257425558e-09
9.418565871391966798e-10
7.130332909203681354e-10
5.355936465548235959e-10
4.003963539277192879e-10
2.985485621139773744e-10
2.222922985771701425e-10
1.653986062372644046e-10
1.230825213874627253e-10
9.175650453553740781e-11
6.870998213457677041e-11
5.162058015865142936e-11
3.879418772214337923e-11
2.914793863691096048e-11
2.189535262722229978e-11
1.644401662947104825e-11
1.234766354325907410e-11
9.270262529053809795e-12
6.958883916042217773e-12
5.223218840425851491e-12
3.920127778991683342e-12
2.941982732249786824e-12
2.207885759038032419e-12
1.657063468801905778e-12
1.243866842588458712e-12
9.340441920965357529e-13
7.019828258852682591e-13
5.286518912375461813e-13
4.001809390564829014e-13
3.054597536803833227e-13
2.352815717530825258e-13
