# bin_3_1
5.024477045373187468e-09
5.138010947309130612e-09
5.269464154106440336e-09
5.421453806498796698e-09
5.596911565249382654e-09
5.799097729684766000e-09
6.031607514222042644e-09
6.298367082485712747e-09
6.603614338846602935e-09
6.951864311749520485e-09
7.347865891363623239e-09
7.796390582153428961e-09
8.302324429160880704e-09
8.870303224752058050e-09
9.504529014037827557e-09
1.020852810309796750e-08
1.098429293816546497e-08
1.183122767367794492e-08
1.274611354410451941e-08
1.372294153752469883e-08
1.475177942324416184e-08
1.581640588790967620e-08
1.689389411899077639e-08
1.795551379633033495e-08
1.896482182342362167e-08
1.987651074658441107e-08
2.063931291471193580e-08
2.119463851407670930e-08
2.148068391340741228e-08
2.143683836338383450e-08
2.101286758866536089e-08
2.018157858053090106e-08
1.895442942571825632e-08
1.739429056703931438e-08
1.561939451285235595e-08
1.378798099853980918e-08
1.205877849782883570e-08
1.053434173813551105e-08
9.203654286341019541e-09
7.961163616675330992e-09
6.712693509855153261e-09
5.499051251218352602e-09
4.466208563636951257e-09
3.670340083162685687e-09
3.017554130780852481e-09
2.453863228395768152e-09
1.983299378338077615e-09
1.598517226597812596e-09
1.296559428813261410e-09
1.060796960270451251e-09
8.668767854251913672e-10
7.133276436797366217e-10
5.917988865003883367e-10
4.931341670921357863e-10
4.131766785957131142e-10
3.470048542273937739e-10
2.913908596707208210e-10
2.438513899239629516e-10
2.026801338410100747e-10
1.667980103109383135e-10
1.355870610939749265e-10
1.087148241904498685e-10
8.596404251786787382e-11
6.709588530534915012e-11
5.178017200363977264e-11
3.959121756413319745e-11
3.004866893872661840e-11
2.267200962137705578e-11
1.702340457418076622e-11
1.272924988290516159e-11
9.484803579840881249e-12
7.048220999789417711e-12
5.229721310234889894e-12
3.880368008422001214e-12
2.881858288602959945e-12
2.141804954271182284e-12
1.591993514377110072e-12
1.183268785322838790e-12
8.796606927844676811e-13
6.543865192529321852e-13
4.870421064536226619e-13
3.624995448661090444e-13
2.697857323437018148e-13
2.007762915960424451e-13
1.494192494208814875e-13
1.112050009839285156e-13
8.277672218256911979e-14
6.163464367228787661e-14
4.591769563454437036e-14
3.424140233278322058e-14
2.557502187381055952e-14
1.915245037956034235e-14
1.440946975510387747e-14
1.092703157518518914e-14
8.400321821555682282e-15
6.624437485522564023e-15
5.469324073204799051e-15
4.867371696712455838e-15
4.610842814172374552e-15
4.481717052452500239e-15
