# bin_5_5
9.560918275860479981e-09
9.790767193253233712e-09
1.005743234684449787e-08
1.036646806028318458e-08
1.072415580876214620e-08
1.113756705751964286e-08
1.161462023234241600e-08
1.216413302053127956e-08
1.279586162203438070e-08
1.352052687195803180e-08
1.434982504981571650e-08
1.529642602426284875e-08
1.637394522491671556e-08
1.759685819521277804e-08
1.898034034945392880e-08
2.054011887985732538e-08
2.229200336176369840e-08
2.425138909067756517e-08
2.643226166137847440e-08
2.884656617172737779e-08
3.150335323418738235e-08
3.440836669478074401e-08
3.756315847428395680e-08
4.096382980643012232e-08
4.460081487371199404e-08
4.845829193649076993e-08
5.251435555751623250e-08
5.673880867166125505e-08
6.109124635892680332e-08
6.553280474400156583e-08
7.001522442086651836e-08
7.447363615896701307e-08
7.881446307265194045e-08
8.288838784313248801e-08
8.646318016417736789e-08
8.921666055234591822e-08
9.077037552134885375e-08
9.076074121416827192e-08
8.889682064708364748e-08
8.497853630324333437e-08
7.895427610532104488e-08
7.110931696823115927e-08
6.225085972345159208e-08
5.359067984614801636e-08
4.626901184742415981e-08
4.073956099584421337e-08
3.616905383827582914e-08
3.098194766598836208e-08
2.469895958097608209e-08
1.920847362656316939e-08
1.592142615927441862e-08
1.313219580102367003e-08
1.007470939302652587e-08
8.106115402708439450e-09
6.364154813661372203e-09
5.032733835666066584e-09
3.962540011725744525e-09
3.141460563130928290e-09
2.499461940666967234e-09
2.000938642031827789e-09
1.613753274282954914e-09
1.311970467021634869e-09
1.075101773874935608e-09
8.871459274041538448e-10
7.357852185042021701e-10
6.115924316904016122e-10
5.076231881485133571e-10
4.189843240425179353e-10
3.425192503459415018e-10
2.764074768745412477e-10
2.197161580544623829e-10
1.719418045449011804e-10
1.326180612546808862e-10
1.010728837034178847e-10
7.637009192895609879e-11
5.739585049215918963e-11
4.301073407142067314e-11
3.218721428386566624e-11
2.408052640793528834e-11
1.803182476918783696e-11
1.355060480922675341e-11
1.024190630207970514e-11
7.757731834350146870e-12
5.875024476307469929e-12
4.447992394332514765e-12
3.366734192534512546e-12
2.547745213467703156e-12
1.927607658127860098e-12
1.458183046023959583e-12
1.102947863206151971e-12
8.342020587673825228e-13
6.309511993252965205e-13
4.772993483334625230e-13
3.612137622718776666e-13
2.735645555211840591e-13
2.073766852438868685e-13
1.573716626171973568e-13
1.196110589427242046e-13
9.113399498791916232e-14
6.969071511374139357e-14
