# bin_6_4
6.137328562201387487e-09
6.258944706866529401e-09
6.398909945269676022e-09
6.559629546574144518e-09
6.743695658388678936e-09
6.953881610250186480e-09
7.193157743491397294e-09
7.464580532329702049e-09
7.771230358472579779e-09
8.116093066545596225e-09
8.501919232807676844e-09
8.931077902074941920e-09
9.405406844729610786e-09
9.925723496876412364e-09
1.049218385592765117e-08
1.110358703061734300e-08
1.175726264816266891e-08
1.244906746986576017e-08
1.316978896302617678e-08
1.390669473192357694e-08
1.464597555594787419e-08
1.537275311195629071e-08
1.606685000521394377e-08
1.670325089554413321e-08
1.725981450580677726e-08
1.771608127506757765e-08
1.805037099846415917e-08
1.824989267086661794e-08
1.830559308910633534e-08
1.821609121636790759e-08
1.798635715472557059e-08
1.762672925067613429e-08
1.714983016820580456e-08
1.656737134420931267e-08
1.588674873541564483e-08
1.511024248595803059e-08
1.423697602093181797e-08
1.326721268972721147e-08
1.220192142306063951e-08
1.104274950423834234e-08
9.798864404958850546e-09
8.521621843102360443e-09
7.307632702248064687e-09
6.237796655146006266e-09
5.333052824909721068e-09
4.576980257112982051e-09
3.889777018907733793e-09
3.210783219656936171e-09
2.591093705527911481e-09
2.095024342863735229e-09
1.702400910734600237e-09
1.380146295626858947e-09
1.107459497927008318e-09
8.864033511995868291e-10
7.140738501383952606e-10
5.726449728199760766e-10
4.610363846492300988e-10
3.716138705207038832e-10
3.002254192673313116e-10
2.430959144580761049e-10
1.972409818293463779e-10
1.603115047953125254e-10
1.304483311138805128e-10
1.061767446891994899e-10
8.633258772744645218e-11
7.000297914971012467e-11
5.648602387992965706e-11
4.525656718091359869e-11
3.593047138643534915e-11
2.822596524603989344e-11
2.192657160168901280e-11
1.684964777000054918e-11
1.282541323916474766e-11
9.688799411504687393e-12
7.279963450445021133e-12
5.451100643002155454e-12
4.073950891219758645e-12
3.042465037861286504e-12
2.272748924877707091e-12
1.700681122599471398e-12
1.276251301768865845e-12
9.604692411849220218e-13
7.239277891303967781e-13
5.457268920216571649e-13
4.113499122413496083e-13
3.100443677861979251e-13
2.336919240277132958e-13
1.761685954702517515e-13
1.328512972807383264e-13
1.002495315760230062e-13
7.573515320337765257e-14
5.732301643258475345e-14
4.351596944118626405e-14
3.318548268842747769e-14
2.547679452870561528e-14
1.973191800598398026e-14
1.546012800314847975e-14
1.231520783603568798e-14
9.998189432431068316e-15
8.286303209220193623e-15
