# bin_3_3
2.598049706621998163e-08
2.662988421897606626e-08
2.738496323828533490e-08
2.826225543792479567e-08
2.928063861920223349e-08
3.046160460647627636e-08
3.182952320454823740e-08
3.341190159013461727e-08
3.523962109296461040e-08
3.734711428846714868e-08
3.977250016470665604e-08
4.255731975208643111e-08
4.574670872794491799e-08
4.938883759091373291e-08
5.353440984640826987e-08
5.823547222580670499e-08
6.354231668497372901e-08
6.950133007302013032e-08
7.615188563968015425e-08
8.352257046805221011e-08
9.162703456972948260e-08
1.004532371867772821e-07
1.099578422752485379e-07
1.200599077749083676e-07
1.306285350807698113e-07
1.414673253927824322e-07
1.523153037603563685e-07
1.628376947128989211e-07
1.726150755946369763e-07
1.811577733395381436e-07
1.879286772468037033e-07
1.923907356114494838e-07
1.940823505211060275e-07
1.927084856270022359e-07
1.882230639979175674e-07
1.808522124452132343e-07
1.710194949984787817e-07
1.591343468193647602e-07
1.454235103634637584e-07
1.299943826846519156e-07
1.132687802518396136e-07
9.661545294873176655e-08
8.210651655232961775e-08
7.076510226869385738e-08
6.161099261677346512e-08
5.218525689748902172e-08
4.191687809650316998e-08
3.299444443281657123e-08
2.708900975160716316e-08
2.227379564016177519e-08
1.750153846417737221e-08
1.411755240917508307e-08
1.131912385697479280e-08
9.101529265776250725e-09
7.347124097724063232e-09
5.965549098951032065e-09
4.869680732302007482e-09
3.997024188556869031e-09
3.296183040167038354e-09
2.727394708069343204e-09
2.260491468664959909e-09
1.873015617380240976e-09
1.548385869935372454e-09
1.274226240061041229e-09
1.041371344781018603e-09
8.431020259674050336e-10
6.746425443368056934e-10
5.326697819721793546e-10
4.147103711704639810e-10
3.185626622862905009e-10
2.418925154724447905e-10
1.820558695849908946e-10
1.362110763502093897e-10
1.015678456301119349e-10
7.561113634086923424e-11
5.624208250193323865e-11
4.182099396453588108e-11
3.110863475987086097e-11
2.318782083678926659e-11
1.735345657272113629e-11
1.301265299740497812e-11
9.757442646344492567e-12
7.315041014711037700e-12
5.482973192591894673e-12
4.109064744666564560e-12
3.078977780417641435e-12
2.306839599448660761e-12
1.728175205257632139e-12
1.294591367483964754e-12
9.697783771836701859e-13
7.264989501060926626e-13
5.443298124762841470e-13
4.079735721891368014e-13
3.059694292369854314e-13
2.297551773061068100e-13
1.729990820308538229e-13
1.311066162720844493e-13
1.009399364264351034e-13
7.959107533570146893e-14
6.424312390888953650e-14
