# bin_4_6
4.430401857732521273e-08
4.539286729577353119e-08
4.665856888591457431e-08
4.812868554158126201e-08
4.983471294616947503e-08
5.181254279505927864e-08
5.410296483045084785e-08
5.675217840581792672e-08
5.981233358139709875e-08
6.334212662054538269e-08
6.740727629169498398e-08
7.208043820586402064e-08
7.744109574614444001e-08
8.357491413510498240e-08
9.057365476468798068e-08
9.853588018248090480e-08
1.075669991596644096e-07
1.177767853388566529e-07
1.292736151115989497e-07
1.421609824274294870e-07
1.565350769804018875e-07
1.724863592261592581e-07
1.900897302853389336e-07
2.093956793932056160e-07
2.304381773005408641e-07
2.532237782140652703e-07
2.777092389526367851e-07
3.037681193011828193e-07
3.311967835845840548e-07
3.596795871617717912e-07
3.886892359948125086e-07
4.174693398734661222e-07
4.449933017450572476e-07
4.699416979777198604e-07
4.907218720480642004e-07
5.055145562688442751e-07
5.123354343468866213e-07
5.091575154420776917e-07
4.942057238876023044e-07
4.665301219935153293e-07
4.268772080163106831e-07
3.786437564287908161e-07
3.280406386033856698e-07
2.823387040564925807e-07
2.465154146201428908e-07
2.191376916065819498e-07
1.920613227572734930e-07
1.581740523592745046e-07
1.231077406057956108e-07
9.901705716959968730e-08
8.308626128667290197e-08
6.535394852282256415e-08
5.131862935649022911e-08
4.112540538881686836e-08
3.224771556034561058e-08
2.557037669557011626e-08
2.026618885011948700e-08
1.614127046247397605e-08
1.293855181312609436e-08
1.044873777470801203e-08
8.507577207380176601e-09
6.984275902486887217e-09
5.775930224493537575e-09
4.803295591542405791e-09
4.005326306061940925e-09
3.336705920479223956e-09
2.765413308960982494e-09
2.270575943687719173e-09
1.840264171015889025e-09
1.468726507962272116e-09
1.153304294279790531e-09
8.917829380465049972e-10
6.806694687616773335e-10
5.145355086644700819e-10
3.865183503329272371e-10
2.893271201817153108e-10
2.161719105621760286e-10
1.613864361952494005e-10
1.205048403409248673e-10
9.015826141121955469e-11
6.779816356930774855e-11
5.118498378649112524e-11
3.866115677024979112e-11
2.919384986619672869e-11
2.203917468532547098e-11
1.663401475484646498e-11
1.255184985300911948e-11
9.469773005632247408e-12
7.143432620664045131e-12
5.387999565707628108e-12
4.063728993239603023e-12
3.064989320744090583e-12
2.311939516684855821e-12
1.744255888544384923e-12
1.316391294013020764e-12
9.939621394437134458e-13
7.510651033511203521e-13
5.682838710767163761e-13
4.309224756692384521e-13
3.277026303750013520e-13
