# bin_3_6
9.879813622335724064e-08
1.013764842404330444e-07
1.043805550512504304e-07
1.078790306572222331e-07
1.119511306520605769e-07
1.166880422507467920e-07
1.221944857409768267e-07
1.285904106243350619e-07
1.360127878545152756e-07
1.446174360478284008e-07
1.545808359941589802e-07
1.661015164615202267e-07
1.794021448542972873e-07
1.947301165706749697e-07
2.123576412462928250e-07
2.325809012170570580e-07
2.557169328046385290e-07
2.820973042613595125e-07
3.120609860214705711e-07
3.459448657461764746e-07
3.840658801278618544e-07
4.266951066090526459e-07
4.740346815735130419e-07
5.261858578374422926e-07
5.831023632963208933e-07
6.445107542648056613e-07
7.098278998932162005e-07
7.781806301603485842e-07
8.483158917345677631e-07
9.184639734836911164e-07
9.863578428120083000e-07
1.049231356105647112e-06
1.103863577040201075e-06
1.146693462846557939e-06
1.173979011521497109e-06
1.181989511783373800e-06
1.167249108772361348e-06
1.126963199435076976e-06
1.059817802576134649e-06
9.675682773524968617e-07
8.571878744735726057e-07
7.416565587784593766e-07
6.372850159203277473e-07
5.556388914644114013e-07
4.921299622280823299e-07
4.293336810818861219e-07
3.529181825213009044e-07
2.761169032239377259e-07
2.226198938372363494e-07
1.858725117602239145e-07
1.469137860886968755e-07
1.159603089107644801e-07
9.310178722126691328e-08
7.356703110991698357e-08
5.870966280461136582e-08
4.690050431533015488e-08
3.769467091018003606e-08
3.050450341554572609e-08
2.487305493528837833e-08
2.043923582865421567e-08
1.691633094707868876e-08
1.408016413320392683e-08
1.175926935931049379e-08
9.823163261859926636e-09
8.176719577324335063e-09
6.754654088454345876e-09
5.516379458212732775e-09
4.440319946666251005e-09
3.516741546140773627e-09
2.740245901029032802e-09
2.103918154393825153e-09
1.596238183592798213e-09
1.200827365121185709e-09
8.985911792238974591e-10
6.704464424415081141e-10
4.994151399577023052e-10
3.717153053555192878e-10
2.766637300460391399e-10
2.062675240977391129e-10
1.544729557156167121e-10
1.160882841848606381e-10
8.728229889970385678e-11
6.560833705833347130e-11
4.930464828434602552e-11
3.704432921628075651e-11
2.782722746237749095e-11
2.089979303456964875e-11
1.569450604213448625e-11
1.178411959072547189e-11
8.847111010097017330e-12
6.641602285627522800e-12
4.985695432954404076e-12
3.742659830011240721e-12
2.809739052877110227e-12
2.109765144558295237e-12
1.584903366074743174e-12
1.191973434472056884e-12
8.990983499536361153e-13
6.814765308455774006e-13
5.193447306450391480e-13
