# bin_3_5
8.728743758766644579e-08
8.955678977263755520e-08
9.220037271536856225e-08
9.527839464461972164e-08
9.886024930145489974e-08
1.030257441660665764e-07
1.078664377884601606e-07
1.134870735205707817e-07
1.200070850224683309e-07
1.275621261742354927e-07
1.363056285067978683e-07
1.464097780996651929e-07
1.580670238200456695e-07
1.714905316721704362e-07
1.869145513533659616e-07
2.045930558423343219e-07
2.247951220292155309e-07
2.478010731399342468e-07
2.738949809866175038e-07
3.033547744811909268e-07
3.364396737518042015e-07
3.733633730485067803e-07
4.142736049500231148e-07
4.592248440111733714e-07
5.081353302969125728e-07
5.607125286483580952e-07
6.164158319478107845e-07
6.744599873677949123e-07
7.336762538819415069e-07
7.924911787141558277e-07
8.489240631114411361e-07
9.005781104615649897e-07
9.447249825263552980e-07
9.784163379074957433e-07
9.986405133118774871e-07
1.002481639246658671e-06
9.872989174103868760e-07
9.509559904914332683e-07
8.924847443228785423e-07
8.134132155227590806e-07
7.195326109569437074e-07
6.219666873933785148e-07
5.346385993578995594e-07
4.655817199985249547e-07
4.120797178504508316e-07
3.589023675379516583e-07
2.944880203102358252e-07
2.303253201088511078e-07
1.860149466301979964e-07
1.552140671363550802e-07
1.225295839648551463e-07
9.686741729068521057e-08
7.775185909854361296e-08
6.149686574895862668e-08
4.910729833682658882e-08
3.926661138061400528e-08
3.158920135736779333e-08
2.558640524175304164e-08
2.087951152667414994e-08
1.716763318545010559e-08
1.421269580587766610e-08
1.182925223484916940e-08
9.875557870820088768e-09
8.243908417349692962e-09
6.855761911292821611e-09
5.657194565246142016e-09
4.614649381969850095e-09
3.710122721717850774e-09
2.935197412095815729e-09
2.284873506488134722e-09
1.752900920272987365e-09
1.329121878622878652e-09
9.994519857426629672e-10
7.476948538050894702e-10
5.577610941713410738e-10
4.154266558548621294e-10
3.091714980923868227e-10
2.301083961276905001e-10
1.715496037659846293e-10
1.284629373551636935e-10
9.654654995844692203e-11
7.259470823304511779e-11
5.457205348473977614e-11
4.101429953428670056e-11
3.081831856783510964e-11
2.315262767939864715e-11
1.739076423671396812e-11
1.306091863470462922e-11
9.807890920639906205e-12
7.364369021478618113e-12
5.529248090760494144e-12
4.151284929930309949e-12
3.116788209295936363e-12
2.340311154562233090e-12
1.757686670728289324e-12
1.320841606561150341e-12
9.939204440600476534e-13
7.505335863552681479e-13
5.699937434076912338e-13
4.356437724043175955e-13
