# bin_1_6
6.296654656712288899e-07
6.457628094228146065e-07
6.644939646195231495e-07
6.862745734217540980e-07
7.115806215173174309e-07
7.409554244685002322e-07
7.750163713942765576e-07
8.144613710629758927e-07
8.600740785759786134e-07
9.127269878909786281e-07
9.733841611753308483e-07
1.043093598750088419e-06
1.122990380365802747e-06
1.214275779957027461e-06
1.318195419510065391e-06
1.435999187775543800e-06
1.568878037220600814e-06
1.717859460650168096e-06
1.883709452654463866e-06
2.066815870436292299e-06
2.267011460987468599e-06
2.483327334732627443e-06
2.713724499472219166e-06
2.954866692305158608e-06
3.201820022654989813e-06
3.447666682800574555e-06
3.683297382569326829e-06
3.897278587638713113e-06
4.075973870292110216e-06
4.204116669698740688e-06
4.265995954407275296e-06
4.247498098035546664e-06
4.139005272742441482e-06
3.938806960517295019e-06
3.656255681040665735e-06
3.313121802292971950e-06
2.941345841544180405e-06
2.575977936775383693e-06
2.242382495392943710e-06
1.947424022799094994e-06
1.680537388501655197e-06
1.428283641043790122e-06
1.188646853223480285e-06
9.694546404450027206e-07
7.819626976120559342e-07
6.335496916406025438e-07
5.145724955543227981e-07
4.131774957942846754e-07
3.319964252047229501e-07
2.679848965435577385e-07
2.168132028843575753e-07
1.765179295001718701e-07
1.446891765671645622e-07
1.195172667066448425e-07
9.947661847981478513e-08
8.333701791906565729e-08
7.013212217142307193e-08
5.911826206320511331e-08
4.974576104102778861e-08
4.163110265302998027e-08
3.452696554098353959e-08
2.829140371487171777e-08
2.285336301982774375e-08
1.817832213430753841e-08
1.423900567413201859e-08
1.099554522672696356e-08
8.387404942034846410e-09
6.335645528403569001e-09
4.751337288592667143e-09
3.545422736904440494e-09
2.636804522677892292e-09
1.956814748301856779e-09
1.450309503499252932e-09
1.074481540552826341e-09
7.964897838215269282e-10
5.912337199546406839e-10
4.396594048636541613e-10
3.273364936415009398e-10
2.437736503606929872e-10
1.815238735540841838e-10
1.351498202313394043e-10
1.006087785021962079e-10
7.488606850031518302e-11
5.573369844605138086e-11
4.147569673030503723e-11
3.086287437992074221e-11
2.296436865594626604e-11
1.708670069874450249e-11
1.271333207971880599e-11
9.459612225734098954e-12
7.039144220160139022e-12
5.238952913615887318e-12
3.901307083807244005e-12
2.909238447481070795e-12
2.176585827902912944e-12
1.641905731003669792e-12
1.263347037521990332e-12
1.017991690392491216e-12
8.766584346513102602e-13
8.124988506591924317e-13
