# bin_1
0.000000000000000000e+00
1.254638264793322688e-01
2.509276529586645377e-01
3.763904345539376139e-01
4.734326981308027982e-01
5.420494879534364374e-01
6.106670838294872006e-01
6.792769177096694699e-01
7.478933791401701781e-01
8.361175377492202632e-01
9.439379296659988761e-01
1.051770143699561677e+00
1.159595610767484963e+00
1.267418211867703093e+00
1.350466791047008508e+00
1.408711852721101332e+00
1.466960855100788885e+00
1.525205797359560522e+00
1.583470443146305806e+00
1.692546546871614099e+00
1.852459902244832257e+00
2.012370272235024515e+00
2.172303450551537285e+00
2.332198415965313298e+00
2.369935329232458976e+00
2.285512757369121406e+00
2.201096872763762313e+00
2.116660926384466901e+00
2.032261759924055333e+00
2.089688110157010836e+00
2.289016164058164993e+00
2.488333470580424756e+00
2.687667256416989225e+00
2.886995071487501452e+00
2.940494329472318036e+00
2.848255308354155080e+00
2.755965416309224203e+00
2.663678867893282121e+00
2.571409754114214241e+00
2.401271103629896153e+00
2.153286321843253859e+00
1.905297479935696092e+00
1.657289770407411877e+00
1.409290300536280682e+00
1.260079304481767748e+00
1.209645915449657938e+00
1.159194255873426949e+00
1.108751552446274991e+00
1.058316133353707222e+00
1.022389914599683536e+00
1.000984837716309528e+00
9.795749245124327764e-01
9.581852522054745691e-01
9.367802350297610436e-01
8.972437925820119231e-01
8.395915682692851600e-01
7.819320596219743180e-01
7.242661025473265957e-01
6.666067730229972010e-01
6.164481586446295402e-01
5.737851842610789399e-01
5.311167764804203273e-01
4.884608177469815238e-01
4.457961416951058409e-01
4.127805818302509033e-01
3.894093615395745056e-01
3.660383502257100186e-01
3.426678762807902068e-01
3.192986561967414705e-01
2.945788189777565069e-01
2.685022744424616636e-01
2.424321783345036729e-01
2.163584848399989213e-01
1.902884633666165892e-01
1.685085119366278861e-01
1.510256611270597848e-01
1.335400339112771950e-01
1.160563770482919699e-01
9.857205593758339157e-02
8.800565842535401639e-02
8.435755022102452150e-02
8.070821054619667367e-02
7.706038595325469254e-02
7.341147169550808760e-02
6.979571011626875543e-02
6.621398190352942303e-02
6.263117148944306878e-02
5.904893949331804781e-02
5.546611415231655212e-02
5.157874988880042921e-02
4.738521593729155129e-02
4.319252162475883255e-02
3.899879735508202105e-02
3.480583062634814290e-02
3.145265214291732836e-02
2.893968918773520693e-02
2.642662547587594848e-02
2.391354683710156248e-02
2.140065665063071304e-02
1.968051999988329123e-02
1.875301933540263893e-02
1.782552240265076679e-02
1.689805159200037654e-02
1.597068340389151686e-02
1.580917791389653548e-02
1.641334107211871521e-02
1.701746131545989540e-02
1.762182038944317894e-02
1.822619998793477067e-02
1.925720574780223626e-02
2.071504291412863685e-02
2.217285395835355555e-02
2.363051386756276698e-02
2.508841447327847529e-02
2.636820899350848443e-02
2.746977614706735266e-02
2.857132837371108985e-02
2.967289925899873823e-02
3.077475748740267011e-02
3.195565559729274252e-02
3.321556560070309388e-02
3.447576667895850544e-02
3.573586326880799635e-02
3.699600463940287687e-02
3.783548315121695871e-02
3.825522427298838624e-02
3.867451385557708898e-02
3.909435200229687685e-02
3.951338036387077451e-02
3.969478343173615809e-02
3.963668041458646291e-02
3.957923791343133380e-02
3.952132148272077816e-02
3.946361776055084397e-02
3.929242097090667601e-02
3.900719001311475642e-02
3.872241805796313580e-02
3.843760878552367893e-02
3.815270995159343592e-02
3.886199217790103216e-02
4.056593312573068127e-02
4.226995990332234332e-02
4.397312465156515138e-02
4.567674093899068422e-02
4.659791818904872318e-02
4.673697733041458358e-02
4.687553642012352861e-02
4.701415148576422454e-02
4.715283745425179196e-02
4.679192703674273784e-02
4.593087913256351656e-02
4.507023052336406321e-02
4.420913037498187814e-02
4.334856386381565063e-02
4.146554471515236096e-02
3.856083046993492858e-02
3.565620951793706250e-02
3.275168932261634386e-02
2.984644330604734747e-02
2.783330250645322732e-02
2.671182284810882587e-02
2.558982074773481774e-02
2.446790447712281560e-02
2.334588185224050275e-02
2.259201479629924930e-02
2.220599544167446357e-02
2.181979323233931498e-02
2.143393993964536753e-02
2.104784968217370683e-02
2.091297194290908310e-02
2.102905483015864857e-02
2.114529258415270493e-02
2.126133815411444111e-02
2.137732588228004327e-02
2.160286970405392651e-02
2.193728671306881609e-02
2.227172797832079401e-02
2.260643792804514426e-02
2.294084187600929289e-02
2.325654239931356643e-02
2.355402089097095170e-02
2.385113927080078841e-02
2.414859350622108880e-02
2.444582756964319703e-02
2.435171336973854586e-02
2.386581989183270483e-02
2.338009620758649265e-02
2.289440051130614551e-02
2.240863391217892339e-02
2.207440348960317683e-02
2.189192754971270791e-02
2.170911388836738523e-02
2.152640284956358965e-02
2.134378323811497724e-02
2.107395499087446125e-02
2.071726329275445921e-02
2.036017416551908280e-02
2.000329214923115412e-02
1.964654634104380168e-02
1.941091565636975103e-02
1.929678073154485543e-02
1.918235100014611255e-02
1.906810785518651616e-02
1.895386284436252622e-02
1.890084990527269790e-02
1.890901865957845748e-02
1.891727697537500669e-02
1.892538229029145855e-02
1.893354731286843798e-02
1.880050371830060615e-02
1.852614888404643598e-02
1.825180711084300675e-02
1.797728621465799828e-02
1.770291831935309063e-02
1.763511653909664162e-02
1.777402827717557837e-02
1.791301091810138663e-02
1.805206073014528970e-02
1.819096500476666267e-02
1.840453370887622578e-02
1.869206154573401987e-02
1.897966401716747256e-02
1.926724782995701060e-02
1.955515443728627137e-02
1.932336929912299370e-02
1.857223013692203481e-02
1.782129621980413706e-02
1.707012720377291612e-02
1.631911678621496622e-02
1.594335781987875691e-02
1.594263759622365634e-02
1.594231293581954700e-02
1.594183340867094331e-02
1.594119901477785220e-02
1.584302842568618974e-02
1.564713692082120300e-02
1.545127806858307036e-02
1.525555635737770727e-02
1.505973668829179400e-02
1.491166822071182500e-02
1.481136214982415114e-02
1.471112045125798178e-02
1.461072855060830018e-02
1.451060813322757430e-02
1.440809381183262051e-02
1.430339083150649823e-02
1.419878860785751470e-02
1.409401938934549611e-02
1.398926136601982492e-02
1.384646303241350226e-02
1.366524095339408454e-02
1.348403753301858146e-02
1.330294419864217446e-02
1.312169413165688477e-02
1.334383928144174288e-02
1.396933206845476713e-02
1.459490788643321053e-02
1.522050609478435047e-02
1.584593730827245708e-02
1.636877676699336620e-02
1.678923997828428785e-02
1.720969759198203233e-02
1.762997981442698467e-02
1.805042996466716537e-02
1.836239875918854042e-02
1.856648887218954880e-02
1.877021327576983492e-02
1.897421009555127006e-02
1.917784120591198294e-02
1.924131044905148802e-02
1.916411217571970665e-02
1.908691203652353174e-02
1.900944881044816515e-02
1.893215910976120062e-02
1.878336015627198041e-02
1.856293253465944940e-02
1.834257954762257697e-02
1.812211647458661021e-02
1.790163847463550895e-02
1.746172176119934957e-02
1.680217228438141489e-02
1.614261720997030650e-02
1.548298376925475589e-02
1.482348000611441105e-02
1.436193139385599435e-02
1.409808604078665803e-02
1.383425001703927730e-02
1.357055020139247455e-02
1.330669365313678909e-02
1.324418066549790107e-02
1.338279199940981337e-02
1.352140146745733386e-02
1.365999507565752828e-02
1.379868477587388106e-02
1.354489549894225507e-02
1.289884555099645065e-02
1.225276948094916434e-02
1.160674285630825323e-02
1.096071343287075180e-02
3.454541342592521991e-01
