# bin_3
0.000000000000000000e+00
1.194755362254260912e-02
2.389510724508521824e-02
3.584272051759863909e-02
4.050045493533915852e-02
3.786915305414450400e-02
3.523762375743613035e-02
3.260606090761916653e-02
2.997461176555906923e-02
3.010446229577027830e-02
3.299546710144894007e-02
3.588673846793466460e-02
3.877803965940579412e-02
4.166925510404388688e-02
4.542976075769367128e-02
5.005932174859508560e-02
5.468853602404116082e-02
5.931834307107217152e-02
6.394763190898175576e-02
6.778849352956156649e-02
7.084029787999487904e-02
7.389316101741011389e-02
7.694442106185976626e-02
7.999686664947931736e-02
8.190591177159048386e-02
8.267344285852021302e-02
8.343981822726546926e-02
8.420669316451627473e-02
8.497342643308639087e-02
8.754811303573417636e-02
9.193400389586889321e-02
9.631902983142681673e-02
1.007048759540834226e-01
1.050897825896997262e-01
1.057967167625308985e-01
1.028253056602593529e-01
9.985437921400064365e-02
9.688355715519086919e-02
9.391207894670215717e-02
8.913707641446856622e-02
8.255867631467807277e-02
7.597922488415201348e-02
6.940114540295463930e-02
6.282253652826630397e-02
6.464152510694416709e-02
7.485893132608692491e-02
8.507656868886656620e-02
9.529354244572092736e-02
1.055111574397615132e-01
1.186040948893419822e-01
1.345702148517594621e-01
1.505396603000497269e-01
1.665068539619418142e-01
1.824727204119833412e-01
2.175932512767156657e-01
2.718623175216378640e-01
3.261325767659762898e-01
3.804023588105481801e-01
4.346722601550617737e-01
5.010328526833274232e-01
5.794881329433897443e-01
6.579449044527223567e-01
7.364044198607122560e-01
8.148574334218837700e-01
9.886288932915900940e-01
1.257720827568838962e+00
1.526790631706916423e+00
1.795888590631217419e+00
2.064951475372680978e+00
2.232706519886354712e+00
2.299108628794305886e+00
2.365521236097119395e+00
2.431911653610791202e+00
2.498309229120960318e+00
2.481326166631155683e+00
2.380899714372083142e+00
2.280524799687792203e+00
2.180110038822999030e+00
2.079708400951784331e+00
2.093499951403267723e+00
2.221457728390642039e+00
2.349411210580118148e+00
2.477374952564573629e+00
2.605316266160004002e+00
2.649445314566665655e+00
2.609799319366345127e+00
2.570107035788674388e+00
2.530446485995475836e+00
2.490778062406129756e+00
2.414492669134292946e+00
2.301631583959766747e+00
2.188735424602403334e+00
2.075845946041770862e+00
1.962972811573140408e+00
1.863276236356922855e+00
1.776761588890490629e+00
1.690272590911507500e+00
1.603772617337895001e+00
1.517271331464924877e+00
1.397600963522334316e+00
1.244763303009247757e+00
1.091923256497328909e+00
9.390870275835421221e-01
7.862557496173325777e-01
6.746927074576446470e-01
6.043996906036028793e-01
5.341153229953288228e-01
4.638226342161264060e-01
3.935368946585236505e-01
3.519656966502481832e-01
3.391145876385856517e-01
3.262609733281489621e-01
3.134120117154355900e-01
3.005578605552615690e-01
2.889918206897856834e-01
2.787179184920376973e-01
2.684410934457199249e-01
2.581632841748837670e-01
2.478866231659857255e-01
2.352099903189480146e-01
2.201301197978687008e-01
2.050520536884064549e-01
1.899739428414660702e-01
1.748960705944089533e-01
1.624928732135731135e-01
1.527679147847145480e-01
1.430427326684654554e-01
1.333168944025374392e-01
1.235919732549106281e-01
1.153060032656725853e-01
1.084589173286061303e-01
1.016118612165250734e-01
9.476487221066118294e-02
8.791731653007459069e-02
8.273219062352361874e-02
7.921090372156869286e-02
7.568925891978890708e-02
7.216804658029750408e-02
6.864547720397012887e-02
6.745745110404809119e-02
6.860287966856405684e-02
6.974864376416585465e-02
7.089315521038060119e-02
7.203892676222874158e-02
7.228987418943449983e-02
7.164634047933006455e-02
7.100297826289170278e-02
7.036000377126361283e-02
6.971681304849133842e-02
6.790432631663197161e-02
6.492324446284253314e-02
6.194199484351019941e-02
5.896190467048552375e-02
5.598058421681284536e-02
5.239507666503254169e-02
4.820346203170909616e-02
4.401276824481006184e-02
3.982117970834885001e-02
3.562978503429277410e-02
3.227677442812146996e-02
2.976141344956931278e-02
2.724579895864120971e-02
2.473012481774228971e-02
2.221451778306053615e-02
2.051139368050006531e-02
1.962056423984049475e-02
1.872962668360883196e-02
1.783891654289088829e-02
1.694799576321351364e-02
1.620657645100670452e-02
1.561450482118945104e-02
1.502230457112263724e-02
1.443035130921621612e-02
1.383826103878308712e-02
1.337856387856702252e-02
1.305143598238807899e-02
1.272426241670023168e-02
1.239718951033813056e-02
1.206995536264867698e-02
1.173673291710818425e-02
1.139744761125313470e-02
1.105798055939326806e-02
1.071875397147823566e-02
1.037933072506568369e-02
1.011225636903243831e-02
9.917321196449864831e-03
9.722490411316210557e-03
9.527687587106375630e-03
9.332835365264460434e-03
9.272448158094533099e-03
9.346576295259464984e-03
9.420648510576758172e-03
9.494823249281386657e-03
9.568897328660268958e-03
9.464250775178687305e-03
9.180785725603277450e-03
8.897319743997074773e-03
8.613868674883574592e-03
8.330370072199583253e-03
8.243206552350659452e-03
8.352612055066079011e-03
8.461961635933863343e-03
8.571278595723860749e-03
8.680589031298299729e-03
8.762306695218253713e-03
8.816291782864632900e-03
8.870430655592011562e-03
8.924490305701906698e-03
8.978587237043558072e-03
9.011854212171526574e-03
9.024234377207382418e-03
9.036588445381009763e-03
9.048981658847980725e-03
9.061252776280946317e-03
9.066442323741583098e-03
9.064280012299650094e-03
9.062195991444409529e-03
9.059951661292611064e-03
9.057859252160222960e-03
9.104374112993203483e-03
9.199392788373422780e-03
9.294430104369521065e-03
9.389502837535789945e-03
9.484576502732851647e-03
9.406112558314527750e-03
9.154176246436397310e-03
8.902279079851610488e-03
8.650326923449981262e-03
8.398452125604249918e-03
8.188165473814750309e-03
8.019609568792954168e-03
7.850993081769553489e-03
7.682311352590578089e-03
7.513713972198452808e-03
7.287625204313159973e-03
7.004182057461408317e-03
6.720696969223929375e-03
6.437200230601525415e-03
6.153794364981530866e-03
5.962590577682481095e-03
5.863828866633813072e-03
5.765042456769105782e-03
5.666283541812819693e-03
5.567480821409218940e-03
5.484469498747280951e-03
5.417395902661653953e-03
5.350231433573618411e-03
5.283091663301621270e-03
5.215925796167394761e-03
5.138563978162901877e-03
5.050864074592067293e-03
4.963147394466941968e-03
4.875445160819121861e-03
4.787808169326878208e-03
4.716145719627305374e-03
4.660599480401083142e-03
4.605051377113272663e-03
4.549525176549119518e-03
4.493992917784806092e-03
4.463326774587316262e-03
4.457519756725696058e-03
4.451749554080436551e-03
4.445970497142633961e-03
4.440161615219426379e-03
4.450077024820717729e-03
4.475766589593984691e-03
4.501403960642790317e-03
4.527075816830972849e-03
4.552720644126130589e-03
4.527679772785443008e-03
4.451868854022059986e-03
4.376107798906152778e-03
4.300317384820236122e-03
4.224513456287807937e-03
4.132495920064063050e-03
4.024263844118208637e-03
3.916015923648857172e-03
3.807777556495142973e-03
3.699537791295238239e-03
3.579125936934224057e-03
3.446494692849307474e-03
3.313911215342579819e-03
3.181323077681882851e-03
3.048713503312925396e-03
2.980092037086268675e-03
2.975450057717068681e-03
2.970773127193096236e-03
2.966121827515957182e-03
2.961466566707943865e-03
2.975742948394063340e-03
3.008932797973833898e-03
3.042103540922329059e-03
3.075275914924713392e-03
3.108493492420603792e-03
3.094411206147321472e-03
3.033055618982493512e-03
2.971720536495132785e-03
2.910388949123248609e-03
2.849066216043907515e-03
1.522420406420366412e-01
