# bin_2
0.000000000000000000e+00
2.625373881968815284e-02
5.250747763937630569e-02
7.876023931708492354e-02
9.044324718838105126e-02
8.755408450516263819e-02
8.466592880032007551e-02
8.177714653115475407e-02
7.888891623532139075e-02
8.152241829755814406e-02
8.967769747245950274e-02
9.783250672411880622e-02
1.059869057253286784e-01
1.141430725330206120e-01
1.330353891747391715e-01
1.626661978075956139e-01
1.922969467676594046e-01
2.219282477010551535e-01
2.515591010885060430e-01
2.841536037225925737e-01
3.197140828422277425e-01
3.552736967063695461e-01
3.908343846807789679e-01
4.263952815099626426e-01
4.565348454546986900e-01
4.812507194396778432e-01
5.059683537720399693e-01
5.306898966723201383e-01
5.554042788374832229e-01
6.445526264255019289e-01
7.981240789881154374e-01
9.516976797712640712e-01
1.105264716547221804e+00
1.258853295201324052e+00
1.399156084610123862e+00
1.526217720022519098e+00
1.653269091714579586e+00
1.780325953303563136e+00
1.907380427980841064e+00
1.964719179012808681e+00
1.952352828156556308e+00
1.939972991249166778e+00
1.927591244812412397e+00
1.915207111463952394e+00
1.977660417553387617e+00
2.114970377719949557e+00
2.252277712283635047e+00
2.389537785995546670e+00
2.526875673029065794e+00
2.624075014127742467e+00
2.681242981627164568e+00
2.738410233053074627e+00
2.795577007096643918e+00
2.852732323964025873e+00
2.816247185085984484e+00
2.686044015832083520e+00
2.555892403871026897e+00
2.425689473308296762e+00
2.295501580289312837e+00
2.191651825796111730e+00
2.114108702594178268e+00
2.036574888347897350e+00
1.959048592873489536e+00
1.881500099120218206e+00
1.847026410736601454e+00
1.855584682657521078e+00
1.864157634085430892e+00
1.872728675983976299e+00
1.881294227985598422e+00
1.767607055588373610e+00
1.531653434049993656e+00
1.295715327437701125e+00
1.059764928230124026e+00
8.238145290225469264e-01
6.593675906550844346e-01
5.664262016754791906e-01
4.734866625524458139e-01
3.805525238171467151e-01
2.876091954717804877e-01
2.321334290261405919e-01
2.141169150438513857e-01
1.961054732489368735e-01
1.780935391534830547e-01
1.600779351812816609e-01
1.476605640873192571e-01
1.408436039285273222e-01
1.340238242302829730e-01
1.272051335605043909e-01
1.203873827372099470e-01
1.132839931737295858e-01
1.058971280087966510e-01
9.851115793575336566e-02
9.112424055712686766e-02
8.373813622030014392e-02
7.796542009637177917e-02
7.380628612191789117e-02
6.964762952980513289e-02
6.548777948183952258e-02
6.132912288972677123e-02
5.718235983109776210e-02
5.304883294378697628e-02
4.891491445377446623e-02
4.478074608394275874e-02
4.064728632852369905e-02
3.790391173683223952e-02
3.655152858940665522e-02
3.519916781927831528e-02
3.384647884879043306e-02
3.249421877649968232e-02
3.212365073418402966e-02
3.273492390382508332e-02
3.334634998499728942e-02
3.395749262040444194e-02
3.456924690193619032e-02
3.533308848416831516e-02
3.624931946061358407e-02
3.716543855057264506e-02
3.808168444521607687e-02
3.899807206274202853e-02
3.889885858587326106e-02
3.778396569406942268e-02
3.666943829812051997e-02
3.555469831784782708e-02
3.444014481505214276e-02
3.330483636906517164e-02
3.214822100655495563e-02
3.099220796629548538e-02
2.983571008459579010e-02
2.867939308604879056e-02
2.758466400383411538e-02
2.655137925029446566e-02
2.551842829143866065e-02
2.448518642771872408e-02
2.345222800976384109e-02
2.242204251189210823e-02
2.139532176554323137e-02
2.036880614441907017e-02
1.934212269356559710e-02
1.831526022433419346e-02
1.789767934528937315e-02
1.808917679598119610e-02
1.828058473748405549e-02
1.847211202457220078e-02
1.866346029328241202e-02
1.860702661441466718e-02
1.830283150049143159e-02
1.799845550341549333e-02
1.769405899381708627e-02
1.738978555935350584e-02
1.691608614837708871e-02
1.627350527512070461e-02
1.563068477830636266e-02
1.498792768383420265e-02
1.434527128719963011e-02
1.357167506814507298e-02
1.266739916275095960e-02
1.176296941343831469e-02
1.085860772840477675e-02
9.954252570082934223e-03
9.353252444650395764e-03
9.055899189358682447e-03
8.758342673617027299e-03
8.460873802289565343e-03
8.163386283214404959e-03
7.992695057020049454e-03
7.948749774787709430e-03
7.904847382375082554e-03
7.860969232034465196e-03
7.817046327099366060e-03
7.762498867911582501e-03
7.697290957556790665e-03
7.632002395693190597e-03
7.566822923153642896e-03
7.501503126312644015e-03
7.428318641878719174e-03
7.346946863816639778e-03
7.265580680078870604e-03
7.184252724223888671e-03
7.102872088481651351e-03
7.019885415468659490e-03
6.935235829554424816e-03
6.850560602987100685e-03
6.765982344707822428e-03
6.681318306789119608e-03
6.546460592577139741e-03
6.361479131125763638e-03
6.176447320755593801e-03
5.991403855543111362e-03
5.806397219632337958e-03
5.617218616367143300e-03
5.423820027797196172e-03
5.230406987222780898e-03
5.037014459170837018e-03
4.843637315510746465e-03
4.611683576181453345e-03
4.341105223232627312e-03
4.070585610689059913e-03
3.800044786332482886e-03
3.529472960095352257e-03
3.327819246714988372e-03
3.195068028702690958e-03
3.062349211152024051e-03
2.929612678241041296e-03
2.796838150544117812e-03
2.680962678007595655e-03
2.581910504156439880e-03
2.482876278762446466e-03
2.383821074652289068e-03
2.284770765575903223e-03
2.199509300440227050e-03
2.127986796520160272e-03
2.056482940347794091e-03
1.984954842103416658e-03
1.913430123763310399e-03
1.866247592530064425e-03
1.843345361190995872e-03
1.820447325595160202e-03
1.797558147679482240e-03
1.774670018699612715e-03
1.789419338195350623e-03
1.841836292208286771e-03
1.894211172240472564e-03
1.946619268573250789e-03
1.999015943160562057e-03
2.044335331301625012e-03
2.082588621645060315e-03
2.120811376301634608e-03
2.159045086509983700e-03
2.197282992461565675e-03
2.271784474076878665e-03
2.382589624013479838e-03
2.493394074659541909e-03
2.604213443503765150e-03
2.715019525827751506e-03
2.843311368074184255e-03
2.989087804758832571e-03
3.134884054675413177e-03
3.280667251168602975e-03
3.426446718112252481e-03
3.635448110280530259e-03
3.907685413484212299e-03
4.179885654289339225e-03
4.452154425567267024e-03
4.724336018624692053e-03
5.023146129205551674e-03
5.348523219742432576e-03
5.673851826135290974e-03
5.999191621176770683e-03
6.324603210046898100e-03
6.636966503656895923e-03
6.936406441916359404e-03
7.235789504545334615e-03
7.535170236205847305e-03
7.834591992911301914e-03
7.875438951863109396e-03
7.657600625156141781e-03
7.439774419485178925e-03
7.221983644534847764e-03
7.004109887107247585e-03
6.667787501057223162e-03
6.213039796069402300e-03
5.758286030563579058e-03
5.303453478323717947e-03
4.848731880182678700e-03
4.457019156748782789e-03
4.128437916963165547e-03
3.799902830353108288e-03
3.471312965984179200e-03
3.142769254790810096e-03
2.861147472556564708e-03
2.626548550215874848e-03
2.391947296906722469e-03
2.157332990174179281e-03
1.922725093604908458e-03
1.801554826205514076e-03
1.793829996720346055e-03
1.786094328231826707e-03
1.778357144613806765e-03
1.770623690545326898e-03
1.751559981522100547e-03
1.721146437409041283e-03
1.690745363977256980e-03
1.660341959577010156e-03
1.629939254467302218e-03
1.602712377339509308e-03
1.578663659162094380e-03
1.554629742634417366e-03
1.530587084975005251e-03
1.506549555446210983e-03
1.541809649186778224e-03
1.636382284394867926e-03
1.730951423150263631e-03
1.825525340391007632e-03
1.920091215790555635e-03
1.944301003888738348e-03
1.898139203745279622e-03
1.851997916124292071e-03
1.805855579567496299e-03
1.759696110392500309e-03
2.285491976542116110e-01
