# bin_4_4
3.632750169348024291e-08
3.695580824445515964e-08
3.767494641145387828e-08
3.849527300239049831e-08
3.942744729704953767e-08
4.048323900987953357e-08
4.167552684642917477e-08
4.301855233632278862e-08
4.452658707389908142e-08
4.621200670221759608e-08
4.808429216999137578e-08
5.015230180098722181e-08
5.242760416666324579e-08
5.491438840620097863e-08
5.760442045532341352e-08
6.048226893634194850e-08
6.351912863239546246e-08
6.665335746603815557e-08
6.983874452903894353e-08
7.304333706786309444e-08
7.625519627860022704e-08
7.942654010062945906e-08
8.238934184255996837e-08
8.500534887538437507e-08
8.723977281601493072e-08
8.900562428550536780e-08
9.015088456409031349e-08
9.054125484095111651e-08
9.012609959711198275e-08
8.881824009112632443e-08
8.654117572096889477e-08
8.332024364772678530e-08
7.916175156511476075e-08
7.416775940280932924e-08
6.846633674112354776e-08
6.225539096042128655e-08
5.575810892964422619e-08
4.922531130282329386e-08
4.289767967626726528e-08
3.697617778353032459e-08
3.159406429573593410e-08
2.680199781073500111e-08
2.257602306036729751e-08
1.885175102478952005e-08
1.557268235714784672e-08
1.272214591115317387e-08
1.031792453732233223e-08
8.360315544957517494e-09
6.787582225239022659e-09
5.507904532437436662e-09
4.465346958080886586e-09
3.632189202913743087e-09
2.966248052109210853e-09
2.430567551783396291e-09
1.999706996501432764e-09
1.650487587316412858e-09
1.365340313143065365e-09
1.130364951463615174e-09
9.349607064042970635e-10
7.711407937836594590e-10
6.329760729911930301e-10
5.161036814306974407e-10
4.173039427944146543e-10
3.341481416039475297e-10
2.647172700669955087e-10
2.073886121058125763e-10
1.606906708646619517e-10
1.232216092457610795e-10
9.362249780126366996e-11
7.058962884581532815e-11
5.290791781823528197e-11
3.948750951337318825e-11
2.939071296587524483e-11
2.184229759787287978e-11
1.622305229157243607e-11
1.205140065429402431e-11
8.959464457726818520e-12
6.669151787808103709e-12
4.971315664670222020e-12
3.709950848824968983e-12
2.770158400103429754e-12
2.068635112113316858e-12
1.544697951964771554e-12
1.153600273286480628e-12
8.616387675160247940e-13
6.437868024692789223e-13
4.813230767133047815e-13
3.602059682776499135e-13
2.699814218127575262e-13
2.028651409734792870e-13
1.529824667456475524e-13
1.160164367396858962e-13
8.871203914087286229e-14
6.864105451660454482e-14
5.399670860341780891e-14
4.343113246216575658e-14
3.593021163799816551e-14
3.073344467056669741e-14
2.726267853377529991e-14
2.507650777916647350e-14
