# bin_1_1
1.070740195681466571e-08
1.084335479991884580e-08
1.099709997621154910e-08
1.117006352139710656e-08
1.136351354544427597e-08
1.157878813066613561e-08
1.181727412604324282e-08
1.208052583067271258e-08
1.236978060250980044e-08
1.268478633278927451e-08
1.302301224306770698e-08
1.338037387498465847e-08
1.375234941931019576e-08
1.413205083410832113e-08
1.450395787777435196e-08
1.485337387407246952e-08
1.516766750254301669e-08
1.543973290314799514e-08
1.566884253776839242e-08
1.583952111287398703e-08
1.591195506267910735e-08
1.586226374762288531e-08
1.569481349748209301e-08
1.540782131608018829e-08
1.497598027554616865e-08
1.439486094390150708e-08
1.368199650868952761e-08
1.284502666084148035e-08
1.189681609099597843e-08
1.087548995592387674e-08
9.803632872681404134e-09
8.722646132029165643e-09
7.663146936985850182e-09
6.657546651799931155e-09
5.727022714606663352e-09
4.884861232670350282e-09
4.134772707640863995e-09
3.473434144888737824e-09
2.894861087774558415e-09
2.393548421703517120e-09
1.965666127409295367e-09
1.607379788031273933e-09
1.312772427413459036e-09
1.073217501234983313e-09
8.789475036664808349e-10
7.213348584809706602e-10
5.937617340405062649e-10
4.906588855503357060e-10
4.069729852740299464e-10
3.386231367449710770e-10
2.823743213525209411e-10
2.356564778806086145e-10
1.964888214327823661e-10
1.633706239042308627e-10
1.351871498023379515e-10
1.111220442567091737e-10
9.057883426609442380e-11
7.311492274954950968e-11
5.838510793479917960e-11
4.609840251158606012e-11
3.598769370194165121e-11
2.779256414524467805e-11
2.125358187731507645e-11
1.611528209759515531e-11
1.213393516323071949e-11
9.086298746117464875e-12
6.776475028492222226e-12
5.039225950539704866e-12
3.740043051778196412e-12
2.772459366460523121e-12
2.053959359653773193e-12
1.521508364409856142e-12
1.127405489889842687e-12
8.357993621431261610e-13
6.199282187149597797e-13
4.600216340794122054e-13
3.414234902810509593e-13
2.534158072664456830e-13
1.881213483495059421e-13
1.397062426895567721e-13
1.037820940928109266e-13
7.718237012791328609e-14
5.746620753924221852e-14
4.287445247776502245e-14
3.209835232108475021e-14
2.414784144508955117e-14
1.830280122333393337e-14
1.402499998055399386e-14
1.091016514326449854e-14
8.665737180229803062e-15
7.070900658912747388e-15
5.957271881404591615e-15
5.203310621979881941e-15
4.712137353800857044e-15
4.410283585452770359e-15
4.239955809508020130e-15
4.154943316364287426e-15
4.119288651594978314e-15
4.107808761411594224e-15
4.105230202741609374e-15
