# bin_4_1
2.693732719439278418e-08
2.734004019354473367e-08
2.779753131448799860e-08
2.831475850918770008e-08
2.889630664219860036e-08
2.954712210913039382e-08
3.027249247903088662e-08
3.107829193098690787e-08
3.196963551349418347e-08
3.294904462627193496e-08
3.401553808012252396e-08
3.516707701064809211e-08
3.640414391876662125e-08
3.772018533152121025e-08
3.909710803708619011e-08
4.051111354156820743e-08
4.192739990361313377e-08
4.328216255220026875e-08
4.453077291678638538e-08
4.564816531120205799e-08
4.663583790644396969e-08
4.746897820492776911e-08
4.801667045449388443e-08
4.818773863038083561e-08
4.800413743539620161e-08
4.745071427783617768e-08
4.646223189173061144e-08
4.500189489356278401e-08
4.312043949976986293e-08
4.083716339115125141e-08
3.817603341513336650e-08
3.524365432509317416e-08
3.210248566223613074e-08
2.886789240288766396e-08
2.563112262145898321e-08
2.249360299601988346e-08
1.952720492606494837e-08
1.678790119145237823e-08
1.430524550701075130e-08
1.208823063264966532e-08
1.013301359752542949e-08
8.429620030673147198e-09
6.965303085046738102e-09
5.723811989116563951e-09
4.684199334601234477e-09
3.822626025209974873e-09
3.116704850533833929e-09
2.544564384663984906e-09
2.082565026385998028e-09
1.708593826922282306e-09
1.405359689908620591e-09
1.159604193926073045e-09
9.594141374095988519e-10
7.950199623829355378e-10
6.591021140729097635e-10
5.458023955749987163e-10
4.507164420775522375e-10
3.705171688124757685e-10
3.027195703616040339e-10
2.454562477128615731e-10
1.972890976329785736e-10
1.570620001344494353e-10
1.237908319493464145e-10
9.659140968940754727e-11
7.463994700963792270e-11
5.715919162277050333e-11
4.342142197264059787e-11
3.275897836944636197e-11
2.457627498606571517e-11
1.835766714326347425e-11
1.366975471520673680e-11
1.015816940148255825e-11
7.540155680667630703e-12
5.594695921366175426e-12
4.151872549243519112e-12
3.082751761220907126e-12
2.290560229527699113e-12
1.703284266298519421e-12
1.267377615069129514e-12
9.434349213228438787e-13
7.025101496669476092e-13
5.232617960472647979e-13
3.898289585493028206e-13
2.906609265496619137e-13
2.169019375332778611e-13
1.621115857333395510e-13
1.214750912923979814e-13
9.135995355238771037e-14
6.909263450530469309e-14
5.270038579374267207e-14
4.066260546868815578e-14
3.190052761073402535e-14
2.558161704232476272e-14
2.108406525043172338e-14
1.794398671522408355e-14
1.581044092391957889e-14
1.441136283060635737e-14
1.353692411433670911e-14
1.302322653501397215e-14
1.274424191130451506e-14
