# bin_3_2
2.616456902669016827e-08
2.657254778985797216e-08
2.703770093299794120e-08
2.756594504323427801e-08
2.816326293672760822e-08
2.883610448845988035e-08
2.959143660924603657e-08
3.043699784106871584e-08
3.138007711754627775e-08
3.242608320114392663e-08
3.357799055543508694e-08
3.483592939689448180e-08
3.619812750536269485e-08
3.765762328366170007e-08
3.919883898719278651e-08
4.079498578509667478e-08
4.240514530299293454e-08
4.399721768180147570e-08
4.554898373641767487e-08
4.705159472176310031e-08
4.846817122472215470e-08
4.968698422261745234e-08
5.062609678571209332e-08
5.127110351010966370e-08
5.158147150985336242e-08
5.146787385961917914e-08
5.087027064758277905e-08
4.978565501709245565e-08
4.818965204421983640e-08
4.607081235997078049e-08
4.348805275181178178e-08
4.048166347180396235e-08
3.715273728480569720e-08
3.360418203656093255e-08
2.996759994795335145e-08
2.636816189585418592e-08
2.292416970421247368e-08
1.972657186684367886e-08
1.682982042257716506e-08
1.425067607389391749e-08
1.197623476799583078e-08
9.980344134435371275e-09
8.240580548002671766e-09
6.746549972479543477e-09
5.493431733636716702e-09
4.467466607401408875e-09
3.637738938330158634e-09
2.965469820260335371e-09
2.419900305574976038e-09
1.980425966249025841e-09
1.627518348452909079e-09
1.342545774327447339e-09
1.111383264503680992e-09
9.225669162244518435e-10
7.669402479781540867e-10
6.374631071355808528e-10
5.287692405177381881e-10
4.368529150767914721e-10
3.587673646674881697e-10
2.923577001490792489e-10
2.360325048295131158e-10
1.885724817308516615e-10
1.489801544209120023e-10
1.163709610252061062e-10
8.990568071000981020e-11
6.876065607462591576e-11
5.212793945338726241e-11
3.923390215519618896e-11
2.936508920585596696e-11
2.189049369496718321e-11
1.627462950437690929e-11
1.207973855719419452e-11
8.958854341605876183e-12
6.643273904990339897e-12
4.928106760303962136e-12
3.658608739844846582e-12
2.718788052602534022e-12
2.022045257547040345e-12
1.504563734013360552e-12
1.119696445117186100e-12
8.333438376035920077e-13
6.202401540402088847e-13
4.617894602186847290e-13
3.439391652056186919e-13
2.563469507509178514e-13
1.913005897912961165e-13
1.430200481403240893e-13
1.072318599708027754e-13
8.076226975065592010e-14
6.121938089454876710e-14
4.685838585242298993e-14
3.637027164366514454e-14
2.876820686183107661e-14
2.333210518377735600e-14
1.951858665304363572e-14
1.691158203040281270e-14
1.520157057175845351e-14
1.414470339720713484e-14
1.354823942194111644e-14
1.325705139271754464e-14
