# bin_6_1
3.223930373168520719e-08
3.274422200997391540e-08
3.331832977633027661e-08
3.396787478958699049e-08
3.469861491880686101e-08
3.551649889734336098e-08
3.642794991749512400e-08
3.744009513469284026e-08
3.855844471317104606e-08
3.978458457712965895e-08
4.111475116827716823e-08
4.254409079574367547e-08
4.407211980316955194e-08
4.569651869719006012e-08
4.740765848592650993e-08
4.918595655557384710e-08
5.099776421457229401e-08
5.279692233945859270e-08
5.450226758531199858e-08
5.602366977062365651e-08
5.731492377403795667e-08
5.837720956825393425e-08
5.922133996297077736e-08
5.971625786532980789e-08
5.968495822321213522e-08
5.914386250617137709e-08
5.812802716815656216e-08
5.658495856489230760e-08
5.445372531578025612e-08
5.179836661440542257e-08
4.871413219294453429e-08
4.520765944690879464e-08
4.143779580342857891e-08
3.749179392149530197e-08
3.350667248617490032e-08
2.959530137385628981e-08
2.585951694739306948e-08
2.236841901074101643e-08
1.917103651324240404e-08
1.628574010609255505e-08
1.371643646246324563e-08
1.145956360649080477e-08
9.506455958954914850e-09
7.841927781296635869e-09
6.441200921959682287e-09
5.272618114393894072e-09
4.305404245362823988e-09
3.512347730314478140e-09
2.868155811265842243e-09
2.348149886882584706e-09
1.927530606362381739e-09
1.585472524400072666e-09
1.307347929382061879e-09
1.080308626426196834e-09
8.933510865733647293e-10
7.384803656758526656e-10
6.092626757302090381e-10
5.008796637620256629e-10
4.096738356424831915e-10
3.328869783914525497e-10
2.684039092002426158e-10
2.145489354257614781e-10
1.699303193113542059e-10
1.333337156423111730e-10
1.036572227869757505e-10
7.988161890167376163e-11
6.106433768392788088e-11
4.634538157267109305e-11
3.495766275535780178e-11
2.623397569178960921e-11
1.960867110675760932e-11
1.461369235713501343e-11
1.087014241851786310e-11
8.077180899026229731e-12
5.999970870940919347e-12
4.457912205492593967e-12
3.313940439156848587e-12
2.465240095327275059e-12
1.835414160095850169e-12
1.367412182907262793e-12
1.019277088328738856e-12
7.600709477263739823e-13
5.670805576670048795e-13
4.232190205516324705e-13
3.161613298410993699e-13
2.364177366461141086e-13
1.771979893110766271e-13
1.331993541129045804e-13
1.005807632814738829e-13
7.646484675548168382e-14
5.869393312520803348e-14
4.569961674926722223e-14
3.624581730602017844e-14
2.945449736231234829e-14
2.464537554334509895e-14
2.131608347718798778e-14
1.907035476723484243e-14
1.761171654998846249e-14
1.670554771230575590e-14
1.616759234186137101e-14
