# bin_2_4
9.656529778082677438e-09
9.806285488679138586e-09
9.977189165123161670e-09
1.017152381411709655e-08
1.039162007001752283e-08
1.063999366248738168e-08
1.091937075698820869e-08
1.123270364577608598e-08
1.158285141049950195e-08
1.197194090382634126e-08
1.240052341148694958e-08
1.286803038902213495e-08
1.337343964800392589e-08
1.391385061090014447e-08
1.448106782509175051e-08
1.506440060321722676e-08
1.565443912229593717e-08
1.624374296775003170e-08
1.682851169368014444e-08
1.739738015964547002e-08
1.791623787177429908e-08
1.835536531726499007e-08
1.870450945884684326e-08
1.894977170044343098e-08
1.905867122794476162e-08
1.900425546144900571e-08
1.877683933139229177e-08
1.836428939180179753e-08
1.775213037493569054e-08
1.695175304413655013e-08
1.597028510910305973e-08
1.483446919064848134e-08
1.357707668300563656e-08
1.224325222941823859e-08
1.088128700372487086e-08
9.542040419875267443e-09
8.270155384446950273e-09
7.098836763555871925e-09
6.045684415127524030e-09
5.112556862743446291e-09
4.290198426541268106e-09
3.566650103590702442e-09
2.934943250263156761e-09
2.394799633232459963e-09
1.946954775100841645e-09
1.584313921123566426e-09
1.291171476021215319e-09
1.052300532614542408e-09
8.589589572833677647e-10
7.041490629907891127e-10
5.795655098085616112e-10
4.788892317297972745e-10
3.971736133814267017e-10
3.302630637071277247e-10
2.749672846195016597e-10
2.288100266493354479e-10
1.899236057874250024e-10
1.569243592910392352e-10
1.288035774098834262e-10
1.048309483731250243e-10
8.447099509058675192e-11
6.731313956759859976e-11
5.301664745651857422e-11
4.127116352105944285e-11
3.177349235997242352e-11
2.421929158245052603e-11
1.830640867590554122e-11
1.374490499132175273e-11
1.026880305410951666e-11
7.645253403047201612e-12
5.679156989672409018e-12
4.213061230342567042e-12
3.123541424697298194e-12
2.315775744656045317e-12
1.717789004732237804e-12
1.275350993987636289e-12
9.477621236576488456e-13
7.047924495022204076e-13
5.242457688139754266e-13
3.899815451260289873e-13
2.901010582289745842e-13
2.158404988292905097e-13
1.606216346962458807e-13
1.195899790190317258e-13
8.911008830100518383e-14
6.648077618864739877e-14
4.969448333065767003e-14
3.726310184672237016e-14
2.806969838254694593e-14
2.129401875737745310e-14
1.631843176331932639e-14
1.269152441161328917e-14
1.006952003568987816e-14
8.200793960703248752e-15
6.897289120466192997e-15
6.015070545117281568e-15
5.446127335389189748e-15
5.104493747349026969e-15
4.922003801830136804e-15
4.842005719567333406e-15
