# bin_1_3
1.276399438837531243e-08
1.294480777696192084e-08
1.315033032891249659e-08
1.338293738796041400e-08
1.364493502805473364e-08
1.393878876905377911e-08
1.426708573901982059e-08
1.463264264193640729e-08
1.503798237982046217e-08
1.548411423607583953e-08
1.596967342044118987e-08
1.649157225109697037e-08
1.704602728443237452e-08
1.762649709665349834e-08
1.821716839728034034e-08
1.880241307654444956e-08
1.936785886533545934e-08
1.990371518142588695e-08
2.040547695504404356e-08
2.085208707054020072e-08
2.119600792968132575e-08
2.140456640732184827e-08
2.147225271151598346e-08
2.138597121533593962e-08
2.110731835613225028e-08
2.061917812870014282e-08
1.992767368676598210e-08
1.903031587483607930e-08
1.793338670419920060e-08
1.667413527475295157e-08
1.527947762711417058e-08
1.380305840190243104e-08
1.229377556910113181e-08
1.080765012430315621e-08
9.391083697862067066e-09
8.080198596094647727e-09
6.895003813001188369e-09
5.839570559860907864e-09
4.907312611314145901e-09
4.088176274426621035e-09
3.375085328198960064e-09
2.765060686370271022e-09
2.255568727746701102e-09
1.839069186824326707e-09
1.501515671207185676e-09
1.227295197267381561e-09
1.004832517037192684e-09
8.256427941021903602e-10
6.812670342243406334e-10
5.643633236294235860e-10
4.692063013975556992e-10
3.911217417657213831e-10
3.264324641564471037e-10
2.722961420138246584e-10
2.265645428076135927e-10
1.876472051523642923e-10
1.543867262246621055e-10
1.259496463821385515e-10
1.017282522007421229e-10
8.125858402677132164e-11
6.415509947412595165e-11
5.006422781796122268e-11
3.863726580372399964e-11
2.952122278890021209e-11
2.236337307403483251e-11
1.682365698681984721e-11
1.258881354204430327e-11
9.383303662089464271e-12
6.975064349426689170e-12
5.175663414536496587e-12
3.836437882233834350e-12
2.842501046675526237e-12
2.106254059224236900e-12
1.561454089686537962e-12
1.158329675967904499e-12
8.598251303648941255e-13
6.384583053749231051e-13
4.741295390649094530e-13
3.521196772940860524e-13
2.615559186893655154e-13
1.943091424163997593e-13
1.444367786874490877e-13
1.074299363388894589e-13
7.999468148180864169e-14
5.968174507449232386e-14
4.465168115521033756e-14
3.355466561815753864e-14
2.538455195970683633e-14
1.938906179324303561e-14
1.501887336057145677e-14
1.186278674033862429e-14
9.610638255452596940e-15
8.037754903368634866e-15
6.969514691684513724e-15
6.274782680164008209e-15
5.851544953895373376e-15
5.617629047533870835e-15
5.505682769620607064e-15
5.462990071417400856e-15
5.451293771934600500e-15
