# bin_2_2
8.792257050071311535e-09
8.921541116978303651e-09
9.068719926061853888e-09
9.235595934272088942e-09
9.423960792586428130e-09
9.635730100643992583e-09
9.872966399000148090e-09
1.013789698343281454e-08
1.043259820301096305e-08
1.075836654316580532e-08
1.111489466518402769e-08
1.150074686611572769e-08
1.191405510181257709e-08
1.235113911685026851e-08
1.280316024853327265e-08
1.325897570624369195e-08
1.370897454977708792e-08
1.414586635327845359e-08
1.456645071606264902e-08
1.496062188470017060e-08
1.529645802221509394e-08
1.554722922755866076e-08
1.570654991323299398e-08
1.576551998312408238e-08
1.569794566775128542e-08
1.548422596911751371e-08
1.512276489010320616e-08
1.461020825867312191e-08
1.394097300578046408e-08
1.313442340467516823e-08
1.220414396807808029e-08
1.118039925141380774e-08
1.009552896332946411e-08
8.989185034085014129e-09
7.898846523683048645e-09
6.859720288714197592e-09
5.897968657188036607e-09
5.028726393229884395e-09
4.255825602034449909e-09
3.574680507009201836e-09
2.977273624026407091e-09
2.457216220725704198e-09
2.011743856337099650e-09
1.639276593141350578e-09
1.334930951948696441e-09
1.088675358637281377e-09
8.889358054494617792e-10
7.268888283917806865e-10
5.963215657129174054e-10
4.912913036077035398e-10
4.063094189547334435e-10
3.372070841768965174e-10
2.805878170088634831e-10
2.337588585986297069e-10
1.946508163484143682e-10
1.616938306058150480e-10
1.337211122850029606e-10
1.098792575078190159e-10
8.954799792018814551e-11
7.227084633374974473e-11
5.769719063747467972e-11
4.553665848319870675e-11
3.552651228360666195e-11
2.741216242539481313e-11
2.093970568417859618e-11
1.585782001303776795e-11
1.192528207831119171e-11
8.919963170721848232e-12
6.646304337813497154e-12
4.939277305615789752e-12
3.664690349730283391e-12
2.716633689713366910e-12
2.013317937617428314e-12
1.492468013444708987e-12
1.107067327334246051e-12
8.218713276636185766e-13
6.105716160629050099e-13
4.537680556395575029e-13
3.372695665585614590e-13
2.507095769748881650e-13
1.863728900380571641e-13
1.385925071081568210e-13
1.030992409776215954e-13
7.675919486238616137e-14
5.721989842583172432e-14
4.273643612807040738e-14
3.201386352470229816e-14
2.409475197223965750e-14
1.825790043105104381e-14
1.397709745190764191e-14
1.085394666481978413e-14
8.599334143819933596e-15
6.990607547131125740e-15
5.865427261462466114e-15
5.101535952614549705e-15
4.603817041552160818e-15
4.299932951188017326e-15
4.131127893679429610e-15
4.050629111764305040e-15
4.020771055933750852e-15
