# bin_5_2
3.847600566473192711e-08
3.911039801700361596e-08
3.983421226030115831e-08
4.065670291688667147e-08
4.158702027707307991e-08
4.263506065274479497e-08
4.381137368916279846e-08
4.512777766050877209e-08
4.659512772119702334e-08
4.822112518997724344e-08
5.000900837394521099e-08
5.196100760915907345e-08
5.408270133729228088e-08
5.637650300311301771e-08
5.882815654368927883e-08
6.141341277877943708e-08
6.409555329543422629e-08
6.680885626771854710e-08
6.946385046162228000e-08
7.200130587177090706e-08
7.439326760360417394e-08
7.662988387637209502e-08
7.859984749901350283e-08
8.008490626575711190e-08
8.100747212148215048e-08
8.136162634348932103e-08
8.105283630642112220e-08
7.994484774843099964e-08
7.800407650694720652e-08
7.527404084694014662e-08
7.171257856962427652e-08
6.741544898247879197e-08
6.249782413664506733e-08
5.709853905908507035e-08
5.142053407687203641e-08
4.566055839583353681e-08
4.002549047668330907e-08
3.468966330767872604e-08
2.977586228535186106e-08
2.534906020765064332e-08
2.141628302857835451e-08
1.794779577731511506e-08
1.490632255642718742e-08
1.226730418311909091e-08
1.002077273318883987e-08
8.153324637217958869e-09
6.629678462210055750e-09
5.394323953890697838e-09
4.392415987518226697e-09
3.583041328155995621e-09
2.932370105312516104e-09
2.408808716706360944e-09
1.986145930356430138e-09
1.643104738503706852e-09
1.362522221182968913e-09
1.131033730152073476e-09
9.382615130326194155e-10
7.763797019100712577e-10
6.395546577917931774e-10
5.234946634840372758e-10
4.250483579418327536e-10
3.418579474988540483e-10
2.720805493597094471e-10
2.141720751997189957e-10
1.667385671047895058e-10
1.284508650411300905e-10
9.801422214618632457e-11
7.417726810480739838e-11
5.576367122168924708e-11
4.170764420564044866e-11
3.108123289219075756e-11
2.310688964247370424e-11
1.715482589805905056e-11
1.272879555195431951e-11
9.445669592038252359e-12
7.013686060741572269e-12
5.212715414447812235e-12
3.878165294990332825e-12
2.887541358646899822e-12
2.150819036033108848e-12
1.602252953385939892e-12
1.193804352506574461e-12
8.895532802577951963e-13
6.630373286955496880e-13
4.944396191290897899e-13
3.690463042142139663e-13
2.758071720881087629e-13
2.065590766467346204e-13
1.552061251872825075e-13
1.171944665000857816e-13
8.913117361566186581e-14
6.852745273468314098e-14
5.348469410644418602e-14
4.261229841619035769e-14
3.486032032329217054e-14
2.945512504071831342e-14
2.579246398706768993e-14
2.342625781121273259e-14
2.199281060104068266e-14
2.120783180213136115e-14
