# bin_6_2
3.797910289645155418e-08
3.861836705703668732e-08
3.934804767001306797e-08
4.017748590235159251e-08
4.111589555074419587e-08
4.217304400267580088e-08
4.335956409160565286e-08
4.468716290604401918e-08
4.616624524978082446e-08
4.780356441924175883e-08
4.960067029713313200e-08
5.155806459158197639e-08
5.368045666279536811e-08
5.597027232166258641e-08
5.842179573747175293e-08
6.101788582603938513e-08
6.372532237408622481e-08
6.649578827886765195e-08
6.924221715083746856e-08
7.186463192308893569e-08
7.430327674377885905e-08
7.654113696788316187e-08
7.856500998499450590e-08
8.020945171272938368e-08
8.125542039199155860e-08
8.167659554701226005e-08
8.145985219325641210e-08
8.049952129500201010e-08
7.867986561940266339e-08
7.602045741535499872e-08
7.258200233203427001e-08
6.834916267311251010e-08
6.348833998530759975e-08
5.811722063985246116e-08
5.243724299525577145e-08
4.665005852765265908e-08
4.096432192715186325e-08
3.555549501525028430e-08
3.056047612931362481e-08
2.604844172764272459e-08
2.203187272051453825e-08
1.848488353663465871e-08
1.537022604980026376e-08
1.266256203066803055e-08
1.035183356865934144e-08
8.426135761699283495e-09
6.852071616200857133e-09
5.574298533186137944e-09
4.537005070007309785e-09
3.698662790875174403e-09
3.024952873250501495e-09
2.482908808649863328e-09
2.045438542444578476e-09
1.690891469840731618e-09
1.401259628648891650e-09
1.162694813734768201e-09
9.643548059671777111e-10
7.980515425396295461e-10
6.576635327591975109e-10
5.386789424482690953e-10
4.377834331452254866e-10
3.525055046739941515e-10
2.809255332489710304e-10
2.214517524736774799e-10
1.726616862589790365e-10
1.332087722289561619e-10
1.017854714649584625e-10
7.712768412261744472e-11
5.804421099593686468e-11
4.345186163170119727e-11
3.240360142434203578e-11
2.410254474373191605e-11
1.790066992067673958e-11
1.328555638281209214e-11
9.860425138762775863e-12
7.322416270286453536e-12
5.442610839043461315e-12
4.049430423056378284e-12
3.015488628384684249e-12
2.246568495731033678e-12
1.674001611242232557e-12
1.247467628367266862e-12
9.298412819334680146e-13
6.931835742164827751e-13
5.170611650775264791e-13
3.859181802661576658e-13
2.884653235244631256e-13
2.160312952004652976e-13
1.622754581261657820e-13
1.224599406327562887e-13
9.304175345837634463e-14
7.143141167802488451e-14
5.562269569219193479e-14
4.417670654861215599e-14
3.599339621849396728e-14
3.026457627695649722e-14
2.636168470387698351e-14
2.381786558158913094e-14
2.226237113907550263e-14
2.139242458743028066e-14
