# bin_1_4
1.285954430604928696e-08
1.304276066763313852e-08
1.325107401503690882e-08
1.348691885738471617e-08
1.375266815662150807e-08
1.405086266622021237e-08
1.438417336395697361e-08
1.475550969757263266e-08
1.516749576959219414e-08
1.562124999959002779e-08
1.611552309706004661e-08
1.664734666966138727e-08
1.721305651931505094e-08
1.780622505959789629e-08
1.841114060055436358e-08
1.901225355351367700e-08
1.959523435929631120e-08
2.015028334099562149e-08
2.067281612473943208e-08
2.114160763771457440e-08
2.150884214917321912e-08
2.174143099884654396e-08
2.183328869498734048e-08
2.177057357553159044e-08
2.151396213537963921e-08
2.104525446804746968e-08
2.036936148449099188e-08
1.948252791170227952e-08
1.838982251836917594e-08
1.712748264349598234e-08
1.572179596987659465e-08
1.422635880038964147e-08
1.269075259017517038e-08
1.117247062390201264e-08
9.720057712284691432e-09
8.372108046835535523e-09
7.150912389240015578e-09
6.062089204469156197e-09
5.099558650031608329e-09
4.252898047352289018e-09
3.514417715208099828e-09
2.880976810064676186e-09
2.350580680789234626e-09
1.916408698850147813e-09
1.564477370584234180e-09
1.278510294574338786e-09
1.046326090003663582e-09
8.592280752382918602e-10
7.085247793154302296e-10
5.865689093751231318e-10
4.873936011685184698e-10
4.061076279285679987e-10
3.388547209710247449e-10
2.826514810625217452e-10
2.352341197656273417e-10
1.949216023742084874e-10
1.604881897631804736e-10
1.310503783736012686e-10
1.059657087860084740e-10
8.474730712447393924e-11
6.699531577290435984e-11
5.234723492077196778e-11
4.044798933081180492e-11
3.093861016504587822e-11
2.345950708158056710e-11
1.766249506802145552e-11
1.322525887681644328e-11
9.862968572207115855e-12
7.334753222285506923e-12
5.444379094122230420e-12
4.036636988546565159e-12
2.991362721858630412e-12
2.216813779255834033e-12
1.643539476644578625e-12
1.219299589768783783e-12
9.051480585076413772e-13
6.721730258988683353e-13
4.992169790406108242e-13
3.707893945785936270e-13
2.754510258413741904e-13
2.046520691425537200e-13
1.521365337621123439e-13
1.131623128299807353e-13
8.426232574945056613e-14
6.285881594355805776e-14
4.701680892225665798e-14
3.531537650126923046e-14
2.669542752800612294e-14
2.036526063829223033e-14
1.574625183381827640e-14
1.240543917351698176e-14
1.001649738032159713e-14
8.342875356731735504e-15
7.201173816903546143e-15
6.453858241896408834e-15
5.994231163960126875e-15
5.736561338067863526e-15
5.610502114109054546e-15
5.560556256771341861e-15
5.545697446285749236e-15
