# bin_4_2
3.151637640130228998e-08
3.202539120288532793e-08
3.260594540916083345e-08
3.326542705990358704e-08
3.401112509319902469e-08
3.485099003504472656e-08
3.579360323181616753e-08
3.684840439412532691e-08
3.802433077282620677e-08
3.932790241055368162e-08
4.076223782952041940e-08
4.232937774640740425e-08
4.403370694855580964e-08
4.587206481461182414e-08
4.782893043878867141e-08
4.988193363949344215e-08
5.199609129805506893e-08
5.410500079367149988e-08
5.615932927956169145e-08
5.812647305027359817e-08
5.999713198291997127e-08
6.173093050854399291e-08
6.317413710931713358e-08
6.420904569106889696e-08
6.482837458848403802e-08
6.498215980252656739e-08
6.456561818143497470e-08
6.350118894315756908e-08
6.180263986513009899e-08
5.945505546050310663e-08
5.645741793241925939e-08
5.290740189220885127e-08
4.887495553008934655e-08
4.450606203460611492e-08
3.994360965902936693e-08
3.536014870998833137e-08
3.090767317875623793e-08
2.671976624409687136e-08
2.288592165970923718e-08
1.944659410611735468e-08
1.639950698829406385e-08
1.371747349639545136e-08
1.137059992376482742e-08
9.340891370019770954e-09
7.620871222388800855e-09
6.197871649529539300e-09
5.040827506126657843e-09
4.103987853352636795e-09
3.344365466079089021e-09
2.730838437589367115e-09
2.237779484215876808e-09
1.840936322386003717e-09
1.520014052809575876e-09
1.259004216403269056e-09
1.045008956521183586e-09
8.679492751043564472e-10
7.200978307378859237e-10
5.956304914105696444e-10
4.902281404971360220e-10
4.007227534715678281e-10
3.247844535173638304e-10
2.606598398926124848e-10
2.069591440489207269e-10
1.624965339166726269e-10
1.261826577396336257e-10
9.696712393785668283e-11
7.382283757889004697e-11
5.575903994909720329e-11
4.184948444702085173e-11
3.126115629064245706e-11
2.327463111907180132e-11
1.729190900264183979e-11
1.283215670457292285e-11
9.518815277186130240e-12
7.062522919743601788e-12
5.243652647247134533e-12
3.896932807803987867e-12
2.898935797169306522e-12
2.157986662888737193e-12
1.606903674372722900e-12
1.196683834082952533e-12
8.912830813232541300e-13
6.638709821062301198e-13
4.947110025330869342e-13
3.688301295423699687e-13
2.752346600288858131e-13
2.057168744489502335e-13
1.541122156214631550e-13
1.158636817451342927e-13
8.759943700563230982e-14
6.675072818775081498e-14
5.146817203949131874e-14
4.034330513734281009e-14
3.232705566904869799e-14
2.664023693036502856e-14
2.269885296415169162e-14
2.005605526481724105e-14
1.836975413119823555e-14
1.737020899296815668e-14
1.684196495931025822e-14
