# bin_3_3
2.901159141193007601e-08
2.948834294530357128e-08
3.003328527424744054e-08
3.065399181476951342e-08
3.135831785799254154e-08
3.215481442797496324e-08
3.305279001613928385e-08
3.406257490745378125e-08
3.519429279556129396e-08
3.645641355825219299e-08
3.785517162724000281e-08
3.939408896376150902e-08
4.107483062352211600e-08
4.289380233934305416e-08
4.483856357721666186e-08
4.688499591513681921e-08
4.899412316420611620e-08
5.113491572559679524e-08
5.328495188146664109e-08
5.543353106046970658e-08
5.753945033168224785e-08
5.948317557755807421e-08
6.117207745092945237e-08
6.257773704835404555e-08
6.364116799628251255e-08
6.424962345686379535e-08
6.431558160412628524e-08
6.380532547028314354e-08
6.266040982167821500e-08
6.083442418293344438e-08
5.835365234170483278e-08
5.523022744565395942e-08
5.154716032546030303e-08
4.740303592025124178e-08
4.294395068864983107e-08
3.833057051940916904e-08
3.373747854639314094e-08
2.932698257430414339e-08
2.522864678041940111e-08
2.152244508412981239e-08
1.823166000696262229e-08
1.533259321371655219e-08
1.278030604861799468e-08
1.054037328143750652e-08
8.605691850791944018e-09
6.986135370521664227e-09
5.672168020144551194e-09
4.614372185105430553e-09
3.752465277694928082e-09
3.052241402769052272e-09
2.492468799327415108e-09
2.043528540389015581e-09
1.681639003959781925e-09
1.389313399951427625e-09
1.151218915956383439e-09
9.556750532561230961e-10
7.935147375462267232e-10
6.577829184259215724e-10
5.432779669126575140e-10
4.461695989005496810e-10
3.636615380964652960e-10
2.936993844745755258e-10
2.347270432616539321e-10
1.854926879817394433e-10
1.449041206260982906e-10
1.119351540728833337e-10
8.558004331390723175e-11
6.484734178231721591e-11
4.878120464789416057e-11
3.649396511184741655e-11
2.719650237408217045e-11
2.021752145895837381e-11
1.500830488861191590e-11
1.113475584443281612e-11
8.261586942299409743e-12
6.133708858909943117e-12
4.558745963126142836e-12
3.392182324796912135e-12
2.526466385854807406e-12
1.882458030193613125e-12
1.402704785939513281e-12
1.045177250301904387e-12
7.788945659254887422e-13
5.805473561702616607e-13
4.328757367416798333e-13
3.229978306411842620e-13
2.412697935204044422e-13
1.805331031910680860e-13
1.354602888434944166e-13
1.020501464899002960e-13
7.735925363320711231e-14
5.918458043154546421e-14
4.587196015194835390e-14
3.620654174986612450e-14
2.927744310323376069e-14
2.439519231396453554e-14
2.104986277986896580e-14
1.884904415976817108e-14
1.748969953309529956e-14
1.673285912808502404e-14
