# bin_5_1
3.274964712874080441e-08
3.325044021517038125e-08
3.381956233194014886e-08
3.446319882638818598e-08
3.518707559075828189e-08
3.599728733229323229e-08
3.690022197116419020e-08
3.790315653326396711e-08
3.901209240171796334e-08
4.022962215665369666e-08
4.155373002756199155e-08
4.298137608594626954e-08
4.451305518606800938e-08
4.614658597266231928e-08
4.786413407141375874e-08
4.963930636034806872e-08
5.143517310825605421e-08
5.318862640387728740e-08
5.481622451152060073e-08
5.626793980033713433e-08
5.752914117135259516e-08
5.860822425108202234e-08
5.942034055867656270e-08
5.978251796934453951e-08
5.965495160434204138e-08
5.907451261695892779e-08
5.799575798168027970e-08
5.633663119289540367e-08
5.411286642873111271e-08
5.141119658645308714e-08
4.822594089747978635e-08
4.466785726278314828e-08
4.084562012551629209e-08
3.686432783633042798e-08
3.286278820311359700e-08
2.894931479099731143e-08
2.522651067973713825e-08
2.176581560208483455e-08
1.860755329525634929e-08
1.577015840618778988e-08
1.325453287413294413e-08
1.105292134027426052e-08
9.153659954787222173e-09
7.538888052196224505e-09
6.182585509902122101e-09
5.053482048858233955e-09
4.122119488948005585e-09
3.362392811528288471e-09
2.747960361685913659e-09
2.252070069823054653e-09
1.850015837935941454e-09
1.523353505380158476e-09
1.258053029291793258e-09
1.040853719268053111e-09
8.617258658696272474e-10
7.129851758121380728e-10
5.885727211670593902e-10
4.839677237893765402e-10
3.957578490610468382e-10
3.213737275120830996e-10
2.588458788094902195e-10
2.066053693555598705e-10
1.633383935188848386e-10
1.278850790635940009e-10
9.918150856262928404e-11
7.623498327094340271e-11
5.812192520298856010e-11
4.399681972041626444e-11
3.310453067173387704e-11
2.478861440013457583e-11
1.849377972325745258e-11
1.376223933528943429e-11
1.022526389783229023e-11
7.591846436310200624e-12
5.636280205790577718e-12
4.186052884428180352e-12
3.110931667223252697e-12
2.313772212351974060e-12
1.722150906299074879e-12
1.282554186263855938e-12
9.555371728541868327e-13
7.122202231131827435e-13
5.309845927882667797e-13
3.960815978038815475e-13
2.956988028460615687e-13
2.210848168511944416e-13
1.656393626799516171e-13
1.245095374886386381e-13
9.406506715532784351e-14
7.158884642434494838e-14
5.505500077718342745e-14
4.298497325429356424e-14
3.423658819617510059e-14
2.797588387382872912e-14
2.356734341838214987e-14
2.053980877884332144e-14
1.851967295530352459e-14
1.722921561581025752e-14
1.644373356108829715e-14
1.599362281847867625e-14
