# bin_2_3
9.539339456574873319e-09
9.686091385929334383e-09
9.853501665130596738e-09
1.004377681841862933e-08
1.025916028498519542e-08
1.050206887560247241e-08
1.077511710652240662e-08
1.108113219763947722e-08
1.142283422053982522e-08
1.180219706427674481e-08
1.221960584168102852e-08
1.267431427982874330e-08
1.316511399101564796e-08
1.368891445714970689e-08
1.423733314908445650e-08
1.479950505736005496e-08
1.536587232190583778e-08
1.592888967365698696e-08
1.648471628821298624e-08
1.702203547264568463e-08
1.750690253856245827e-08
1.790991780190124139e-08
1.822134007004401053e-08
1.842800585944318058e-08
1.849842035961047099e-08
1.840689164743402290e-08
1.814527309736847118e-08
1.770321492664796468e-08
1.706820073740486625e-08
1.625363661392899471e-08
1.526852753101623477e-08
1.414110809529514764e-08
1.290494418889315061e-08
1.160496236795398077e-08
1.028798510020404834e-08
9.002101214001832779e-09
7.788156182937318830e-09
6.675190317148735893e-09
5.677228164533267313e-09
4.794070077762651097e-09
4.016325180247786874e-09
3.333283942128268783e-09
2.739239832743694410e-09
2.233893203817681938e-09
1.816526006616559920e-09
1.478789157885923843e-09
1.205526123171278902e-09
9.830535921542230557e-10
8.032714241790732840e-10
6.592184542350590086e-10
5.431627246407392825e-10
4.492817910599812750e-10
3.729377942381035902e-10
3.102951598211496979e-10
2.584064535450478949e-10
2.149966509528373342e-10
1.783554936538218522e-10
1.472205665499602717e-10
1.206735143194731609e-10
9.804875170062399144e-11
7.885485261893211654e-11
6.270950990101648924e-11
4.928919872341389462e-11
3.829422771076974817e-11
2.942940736466124401e-11
2.239859035452157964e-11
1.690954952122679353e-11
1.268425368090939839e-11
9.469921951341109398e-12
7.047071270371263809e-12
5.233061929983588929e-12
3.881267951330269305e-12
2.877168071786915509e-12
2.132978778445663013e-12
1.582157864577430154e-12
1.174627167653963066e-12
8.728509639048103783e-13
6.489976209259337403e-13
4.826578568795273194e-13
3.589799434649682415e-13
2.669923421348504845e-13
1.986163451065569948e-13
1.477845969385778273e-13
1.100235001203887526e-13
8.198153858658797820e-14
6.116926623225401619e-14
4.573706601027882036e-14
3.431461902778328590e-14
2.587284107648276975e-14
1.965692579153430732e-14
1.509802181300665934e-14
1.178096530184662820e-14
9.388966030173743382e-15
7.690356824038398645e-15
6.511772011277879071e-15
5.720078343156468307e-15
5.215068781858073489e-15
4.916548384344572633e-15
4.760737756432341586e-15
4.694812141669844068e-15
