# bin_5_4
4.491450713878880400e-08
4.570966374672463100e-08
4.662030815626652314e-08
4.765973096401725447e-08
4.884167685178057767e-08
5.018125549154273820e-08
5.169489156494773767e-08
5.340100583078364038e-08
5.531780131027870241e-08
5.746109415191932726e-08
5.984298826842800808e-08
6.247528986238908357e-08
6.537375893953854955e-08
6.855140836000251596e-08
7.200465296243725238e-08
7.571962262733799619e-08
7.966920114046955982e-08
8.379571111860564476e-08
8.801539945457886831e-08
9.227189080541382987e-08
9.653592638449870284e-08
1.007907621966701077e-07
1.049097494709152798e-07
1.086490290619458703e-07
1.118964848865229934e-07
1.145996893388619137e-07
1.166033167600149068e-07
1.176949623334629388e-07
1.177532914601800755e-07
1.167227353460637517e-07
1.144525058145542798e-07
1.109309329652443433e-07
1.061733719650920583e-07
1.002394930750238424e-07
9.328934657930300511e-08
8.552718587916846892e-08
7.723108161670330249e-08
6.871425938568131405e-08
6.029710295372335114e-08
5.227375476045726942e-08
4.486777991276996414e-08
3.820348671459561117e-08
3.230071718191993123e-08
2.710020182802726733e-08
2.251818133277455363e-08
1.850173280101812371e-08
1.505015364711862481e-08
1.218366626243366985e-08
9.871106785027750146e-09
8.008101429137593121e-09
6.487100544702862985e-09
5.256951294706156296e-09
4.278205229136665705e-09
3.493194355727263061e-09
2.862623650969656384e-09
2.354600181191100886e-09
1.942147587981160845e-09
1.604623797116854694e-09
1.325934822372545238e-09
1.093842174207385290e-09
8.991788734627816573e-10
7.351484092194825479e-10
5.967288879420920789e-10
4.801674039379076697e-10
3.825703623240422591e-10
3.015857333173081128e-10
2.351725856684350500e-10
1.814543171388968938e-10
1.386464198962009650e-10
1.050417269275402337e-10
7.903378685266804928e-11
5.915623454362684970e-11
4.411958676331465534e-11
3.283342113279810417e-11
2.440876417303477505e-11
1.814288640443403098e-11
1.349296466910801488e-11
1.004618552102885721e-11
7.490870795429399011e-12
5.593458025635507707e-12
4.180582459667925991e-12
3.125707954662257357e-12
2.336983115493627003e-12
1.747320493195271146e-12
1.306573018198736104e-12
9.772683871253370770e-13
7.312750967615283157e-13
5.476185109570315819e-13
4.105946694648426691e-13
3.084457780647149212e-13
2.323795701061996908e-13
1.758660206984331072e-13
1.339769269839684075e-13
1.030577868034086987e-13
8.036538637133732589e-14
6.386685244549968776e-14
5.201670845957794503e-14
4.367758328120315433e-14
3.797033793090533030e-14
3.423432226432219818e-14
