# bin_3_1
2.253676862708719475e-08
2.286134879753882075e-08
2.322999287933568788e-08
2.364673306820432790e-08
2.411545045956222115e-08
2.464027552906014971e-08
2.522564138734395320e-08
2.587654567301530690e-08
2.659736768420535971e-08
2.739049116149806130e-08
2.825581723608198525e-08
2.919048897369583754e-08
3.018998797061315522e-08
3.124503576609566104e-08
3.233841227973106293e-08
3.344272062664376285e-08
3.451781993191381151e-08
3.553380625724052799e-08
3.647255473128538070e-08
3.733153926599471761e-08
3.808356860434928610e-08
3.863136049778698190e-08
3.891013381977643457e-08
3.892530941051987343e-08
3.866023703819711242e-08
3.805368875703373549e-08
3.707520100248501005e-08
3.575046077312777435e-08
3.408321446342500360e-08
3.208531301998575856e-08
2.982953944581840616e-08
2.735993549591813741e-08
2.476549802495407072e-08
2.212155242785826257e-08
1.951578987106945242e-08
1.701810576573182750e-08
1.468687985571257880e-08
1.255886127185636314e-08
1.065008631607711096e-08
8.960803279299330504e-09
7.481831206776208541e-09
6.200589899335995195e-09
5.104237382147019717e-09
4.179626935820382496e-09
3.411208371910931380e-09
2.781083265637206221e-09
2.269960624985463210e-09
1.857071312435891314e-09
1.522602882050862913e-09
1.251721739504194964e-09
1.032754700033425774e-09
8.547699727963781598e-10
7.090471969984744213e-10
5.888954139118115921e-10
4.889540082743731619e-10
4.051694217321666183e-10
3.344736834195548693e-10
2.745834371316261330e-10
2.238027022626907855e-10
1.808546667784895755e-10
1.447448811802947445e-10
1.146541051786651808e-10
8.986255060902051380e-11
6.970306782134070012e-11
5.353927879376428013e-11
4.076253292126448230e-11
3.080040176787668540e-11
2.312920090239818981e-11
1.728569880053275385e-11
1.287385689642725513e-11
9.565876866008943613e-12
7.098171071272878499e-12
5.263828315295561927e-12
3.903420158219961155e-12
2.895757158495746034e-12
2.149625465584316797e-12
1.596992964878589696e-12
1.187183080318382340e-12
8.829060050151888185e-13
6.567758219553846141e-13
4.886681966099087540e-13
3.636367331215546350e-13
2.707688675027237375e-13
2.017488763624758295e-13
1.505061193185141951e-13
1.125112225968384908e-13
8.435800862958712297e-14
6.353913139606779823e-14
4.819465990373812596e-14
3.691357051798248342e-14
2.867650375480198937e-14
2.271402292560956161e-14
1.844191659859926104e-14
1.543548496339391352e-14
1.337052646908850968e-14
1.199556182648656980e-14
1.112219947811762253e-14
1.060081191447628948e-14
1.031507476967986025e-14
1.017586757783481492e-14
