# bin_3_4
2.958262939813120900e-08
3.007421510095159775e-08
3.063642738172127824e-08
3.127722680114944580e-08
3.200491278915288918e-08
3.282854391142024832e-08
3.375800623101732968e-08
3.480428417065660796e-08
3.597823752127253853e-08
3.728915835248423243e-08
3.874419113951198173e-08
4.034785374835829522e-08
4.210288588296771416e-08
4.400683250844896783e-08
4.604843346324151701e-08
4.820475759697731265e-08
5.043797317941027296e-08
5.271808167773447890e-08
5.502348980810582379e-08
5.734400958984987541e-08
5.963849954166424685e-08
6.178687193873403567e-08
6.369512259879026983e-08
6.533241233147209451e-08
6.663608426009175219e-08
6.748827321228155715e-08
6.779471866646581399e-08
6.751322465657677748e-08
6.657518774562198287e-08
6.492261914772781288e-08
6.256931545095101098e-08
5.951491373667679910e-08
5.583122646922252833e-08
5.160867142500499518e-08
4.699022889350801631e-08
4.214045885495098401e-08
3.724615740250704085e-08
3.248997745112046116e-08
2.802747143190252467e-08
2.396515425185361602e-08
2.034663539266007874e-08
1.715649261324349555e-08
1.434495687608530346e-08
1.186614096472575674e-08
9.705769234991596341e-09
7.879510996301182198e-09
6.391660981696229854e-09
5.196791942327010602e-09
4.223902480429789964e-09
3.430197532250620682e-09
2.795416916437976835e-09
2.287594340832816044e-09
1.878602382440061170e-09
1.549214531191247807e-09
1.281819735335893214e-09
1.063078955923523798e-09
8.824163943942282448e-10
7.317724047630245506e-10
6.050802798736543131e-10
4.978514983558361073e-10
4.068039555910231540e-10
3.295383203067037268e-10
2.642647726926630172e-10
2.095813947381972835e-10
1.643029005492267926e-10
1.273424530339865869e-10
9.764570662202198099e-11
7.417031812207611957e-11
5.590017758228294283e-11
4.187770953804022792e-11
3.123856119830954980e-11
2.323712761217818090e-11
1.725694550980696743e-11
1.280619270627065258e-11
9.502921892457511456e-12
7.055651945307993312e-12
5.244135921727029664e-12
3.902634377748341920e-12
2.907437416062239272e-12
2.167184610426792456e-12
1.615563168157471752e-12
1.204289708234340801e-12
8.978137145134511239e-13
6.694134855629289655e-13
4.992750468145399205e-13
3.726046196796215477e-13
2.783273729269844469e-13
2.082140650714658476e-13
1.561363259784157273e-13
1.174939462293538953e-13
8.889586076869088604e-14
6.780460594463153440e-14
5.231619155858561256e-14
4.102967410858131258e-14
3.289574422588705751e-14
2.712212056906067544e-14
2.312335875730615492e-14
2.045170928697110279e-14
1.876395672634529529e-14
1.779203806777924911e-14
