# bin_6_3
4.324167624750777882e-08
4.401114155593155744e-08
4.489205770792611355e-08
4.589699618995607464e-08
4.703884006276003652e-08
4.833149852370541434e-08
4.979026961495347108e-08
5.143207612700836650e-08
5.327309777289418937e-08
5.532643714194353690e-08
5.760053175517364701e-08
6.010327658219856806e-08
6.284717767729773588e-08
6.584269761239103216e-08
6.909215058103578522e-08
7.258600469545130613e-08
7.629780429950091380e-08
8.018463693800250185e-08
8.416260089258287408e-08
8.813210856324921525e-08
9.203056341847046180e-08
9.583370072042296883e-08
9.951520585020921880e-08
1.028873953140717736e-07
1.056999940297636045e-07
1.078885584819228684e-07
1.093913702051727894e-07
1.100427612794316774e-07
1.096562644840819143e-07
1.081756696341515372e-07
1.055814598435427695e-07
1.017773045131791625e-07
9.686072238641351255e-08
9.089653110077979740e-08
8.406521889620420448e-08
7.658704313310059340e-08
6.873881062744740135e-08
6.081371062916300841e-08
5.310686282396608549e-08
4.586131650726675471e-08
3.924384673066630474e-08
3.332673189898781894e-08
2.809482834272341638e-08
2.348324283530303677e-08
1.942885864045163606e-08
1.590615026689274141e-08
1.292282261277596736e-08
1.047289454468115340e-08
8.494795504903894231e-09
6.892061237016801682e-09
5.589560391755231517e-09
4.542422947154844687e-09
3.705609351027547938e-09
3.033825043027695579e-09
2.493082528655504497e-09
2.055587927079836144e-09
1.698819170554281483e-09
1.405360333418882865e-09
1.161789551676007547e-09
9.579757475888840346e-10
7.863777641796514843e-10
6.414311958852505271e-10
5.190218159779900644e-10
4.160468597722964067e-10
3.300626188059083136e-10
2.590182705428653986e-10
2.010735107282474400e-10
1.544936369196003454e-10
1.176112895991980383e-10
8.883507533821391957e-11
6.668429666934794173e-11
4.982909085219100208e-11
3.712074386513585244e-11
2.760409196484049471e-11
2.051125637779376164e-11
1.524136790224230419e-11
1.133317185666972865e-11
8.436952603183899561e-12
6.289743954544756542e-12
4.694640371845233806e-12
3.506473688022854292e-12
2.619560635028878055e-12
1.957127104982118628e-12
1.462197594513725393e-12
1.092662785596452741e-12
8.167038074833987116e-13
6.108473532304767908e-13
4.572798409669599743e-13
3.428138057515921834e-13
2.575819705291327413e-13
1.941991824127065335e-13
1.472046133263362217e-13
1.124369973451933675e-13
8.685221978820434736e-14
6.814903608944813206e-14
5.462748844043913757e-14
4.499280282949798276e-14
3.828872574252501678e-14
3.378328113158194061e-14
3.090330143311118538e-14
