# bin_6_4
4.472506410956860105e-08
4.553348324140673910e-08
4.645978705129808418e-08
4.751758457946447267e-08
4.872095485683976423e-08
5.008518190052726964e-08
5.162714044885208401e-08
5.336555511697673561e-08
5.531865537863477172e-08
5.750186521438913535e-08
5.992623331011383807e-08
6.260257047098688342e-08
6.554660652274585206e-08
6.877232752706047805e-08
7.228584264541233046e-08
7.608163442133590814e-08
8.013739559274236882e-08
8.441436648528805355e-08
8.883263135368058932e-08
9.329617986559149662e-08
9.774526698263634919e-08
1.021573594589190344e-07
1.065062776401885735e-07
1.106023076308371729e-07
1.141903002215217161e-07
1.171973288391211955e-07
1.195488253760678927e-07
1.210612748777279018e-07
1.215247736312726601e-07
1.208537322209296303e-07
1.189934556655419058e-07
1.158075586960037420e-07
1.113504442820275446e-07
1.056437064740844416e-07
9.882912781215201322e-08
9.109843606466162786e-08
8.271703198211226135e-08
7.399043479440184256e-08
6.525454489705366854e-08
5.682144005824194345e-08
4.894732261088578463e-08
4.179730200052259018e-08
3.542893411150754442e-08
2.980837944247233944e-08
2.485655525235637304e-08
2.050638740458413192e-08
1.673797659701474475e-08
1.356562049014376280e-08
1.097896106382767578e-08
8.897376696877541585e-09
7.207130039832671993e-09
5.832872717719332004e-09
4.733794855006853464e-09
3.856427574064519258e-09
3.151631131048564411e-09
2.585511840168551311e-09
2.127527171126550512e-09
1.754431926706153385e-09
1.447846628698354793e-09
1.193754575431958833e-09
9.815704844631034745e-10
8.034024790242018335e-10
6.533988793817465081e-10
5.271956064978701968e-10
4.214612893608073673e-10
3.335409910135573637e-10
2.611916136975033776e-10
2.024038454936537996e-10
1.553030764604501279e-10
1.181126413902411035e-10
8.916134005755132722e-11
6.691408474805319719e-11
5.000631209202594416e-11
3.726858010527842889e-11
2.773415641466347533e-11
2.062905089130611098e-11
1.534924147714593893e-11
1.143192786215732641e-11
8.526652656447819700e-12
6.369404025116056310e-12
4.763626630677979810e-12
3.564793399658078496e-12
2.668103639919558616e-12
1.996911732552556433e-12
1.494745063442754712e-12
1.119005477054683631e-12
8.380990919194927387e-13
6.280939982511050054e-13
4.711946757234564928e-13
3.540643546633202621e-13
2.667064188460597152e-13
2.016955972581525655e-13
1.533925015466513637e-13
1.176424740367873612e-13
9.130979301371730396e-14
7.206905813034489630e-14
5.815668377003574240e-14
4.826743969397581883e-14
4.141053571300156859e-14
3.682123629161621608e-14
