# bin_5_3
4.357996718612256286e-08
4.434014341230631145e-08
4.521003557028160150e-08
4.620200569159227409e-08
4.732872908666663385e-08
4.860408692060423450e-08
5.004309754907464364e-08
5.166257664119735800e-08
5.347890463751629162e-08
5.550583881704837350e-08
5.775317351658378191e-08
6.023014525394906760e-08
6.294968490015135918e-08
6.592172968109711096e-08
6.913940228564649278e-08
7.258537952213136751e-08
7.622901654258260363e-08
8.000915347031280505e-08
8.383877003580605467e-08
8.765867138697052441e-08
9.143751836429552966e-08
9.515758598800857231e-08
9.869277577440382939e-08
1.018018380616465370e-07
1.043779444613730548e-07
1.063772925746759756e-07
1.076571030130345389e-07
1.080219921983595224e-07
1.073725241924935430e-07
1.056801523691065441e-07
1.028257840145161936e-07
9.883307288015375407e-08
9.375443763169151355e-08
8.768525080807476630e-08
8.081560067271823074e-08
7.336871122467850409e-08
6.562462093881855409e-08
5.787632968041468825e-08
5.039920457659844097e-08
4.342018106766902126e-08
3.708332467602167305e-08
3.143840675576931325e-08
2.645614314926526900e-08
2.206791385640182470e-08
1.821630428011895073e-08
1.488384385335954458e-08
1.208009522622132785e-08
9.791701442757414236e-09
7.947548420891638574e-09
6.450955225646116103e-09
5.235003445923734674e-09
4.260090245963262240e-09
3.480815327036081234e-09
2.854061713606869707e-09
2.349094096401760474e-09
1.939523835395679944e-09
1.604662076278390430e-09
1.328398096850010095e-09
1.098423058775131009e-09
9.054750244236649338e-10
7.426878442676646012e-10
6.050054980742117354e-10
4.886868125920071053e-10
3.908916913945600411e-10
3.093541128511446734e-10
2.421382870198982465e-10
1.874769262226772837e-10
1.436844173185719389e-10
1.091327400949694145e-10
8.226974556058925031e-11
6.165863078856574813e-11
4.601853682197606447e-11
3.425246214299986054e-11
2.545599062711888778e-11
1.890758326678276595e-11
1.404609840874146779e-11
1.044265766282858994e-11
7.773163990676059169e-12
5.793945529404134760e-12
4.323395138031217930e-12
3.227826430991786110e-12
2.410279723526602656e-12
1.799762737744117399e-12
1.343988351835809501e-12
1.003811885650758597e-12
7.500350019214539719e-13
5.607504056585414676e-13
4.196643138844967476e-13
3.145918302260205508e-13
2.364199757817415701e-13
1.783436015358661721e-13
1.353247920214855858e-13
1.035557737632024153e-13
8.022240123411700462e-14
6.321152107488299408e-14
5.096121144657444347e-14
4.227819378523722636e-14
3.628578833715769018e-14
3.229832770333826371e-14
2.979609409805161081e-14
