# bin_4_3
3.541120857955625323e-08
3.601557130938527762e-08
3.670682127743928739e-08
3.749468328809559965e-08
3.838908994692634762e-08
3.940097741057050728e-08
4.054227192842243438e-08
4.182613143569018221e-08
4.326560026525971302e-08
4.487167350898116962e-08
4.665229040733842847e-08
4.861460395104843906e-08
5.076831832996949700e-08
5.311561272756957703e-08
5.564612493043897192e-08
5.834222258364592003e-08
6.117289242347911805e-08
6.407436907572016329e-08
6.699853515376519693e-08
6.991191435738089880e-08
7.280163771794511198e-08
7.561983825454787249e-08
7.819955467197950237e-08
8.040512328922194806e-08
8.220628098073452873e-08
8.352288757195034193e-08
8.421245085929078898e-08
8.415318423771657227e-08
8.331016840417324229e-08
8.161504440359348518e-08
7.901273406840191612e-08
7.555165709298400827e-08
7.126118333218766808e-08
6.626404869579969359e-08
6.070340805981210200e-08
5.478297946411509187e-08
4.871893777030795922e-08
4.273984156859878137e-08
3.704913818943314898e-08
3.179999313250450850e-08
2.707649242751207864e-08
2.289114724884269600e-08
1.920390407871314417e-08
1.595885024611306862e-08
1.312101416115254289e-08
1.068804396852667794e-08
8.667588963056408136e-09
7.033371896264375702e-09
5.714964163138453322e-09
4.640823006329700024e-09
3.771867107723737376e-09
3.077969988242107638e-09
2.521125050952668909e-09
2.072686611415487801e-09
1.710329955323573961e-09
1.415154812805048186e-09
1.172673370342137580e-09
9.716038177538827528e-10
8.034010920594975727e-10
6.616869907775714367e-10
5.417591791245007340e-10
4.401653670347859025e-10
3.543395383838756710e-10
2.823045447404501402e-10
2.224402102344227414e-10
1.733163419279200991e-10
1.335897934553160923e-10
1.019579778467263908e-10
7.715760083343490489e-11
5.799096637867647326e-11
4.336231054570948238e-11
3.230933987623338815e-11
2.402099766331830639e-11
1.783861813215200987e-11
1.324332532534474893e-11
9.835325516857192548e-12
7.310895991776026958e-12
5.441228926406962747e-12
4.054767009283712550e-12
3.024189678811374901e-12
2.256297920184944498e-12
1.683464882143536177e-12
1.256026886512900365e-12
9.372879488099463657e-13
6.995726993672349633e-13
5.223799494470333077e-13
3.903855766456894964e-13
2.920975992849491774e-13
2.189748449563547418e-13
1.646676126364211411e-13
1.243771379458229202e-13
9.459246661015855470e-14
7.266248862622832799e-14
5.661105440629351726e-14
4.496924424586860788e-14
3.664108716443860683e-14
3.079979062404598098e-14
2.682319974566777721e-14
2.423469157604158973e-14
2.266621478789054284e-14
