# bin_2_1
7.704462666493437237e-09
7.809374142033914834e-09
7.928384473361331688e-09
8.062761763832334357e-09
8.213707388978474457e-09
8.382491535023485296e-09
8.570477725123462144e-09
8.779149787529183717e-09
9.009807400972617918e-09
9.262958973292399483e-09
9.537534329944652415e-09
9.831392449873590939e-09
1.014206256236207696e-08
1.046543075474824393e-08
1.079250119823620699e-08
1.111230759555262634e-08
1.141579623270737887e-08
1.169672335533202851e-08
1.195350440044075811e-08
1.217850208362128571e-08
1.234349495236095862e-08
1.242620434818559225e-08
1.242537149054174529e-08
1.233820877042994391e-08
1.214574611861948006e-08
1.183607691252624808e-08
1.141503064803975134e-08
1.088644041737901216e-08
1.025083972317471767e-08
9.531189018101062791e-09
8.742059136957679127e-09
7.910725994806641656e-09
7.062489212502542378e-09
6.225792526789744473e-09
5.423992533327577104e-09
4.676895576998674830e-09
3.996644411462302257e-09
3.388234703168596237e-09
2.850833336983520210e-09
2.380343664509386111e-09
1.971967346196439235e-09
1.621798441435631720e-09
1.326649261112272108e-09
1.082526988555152060e-09
8.835115304714351230e-10
7.221956041528297543e-10
5.914822258875212613e-10
4.856290513641774921e-10
4.000690079277298410e-10
3.308452457877716748e-10
2.744849433318720822e-10
2.282809717195924976e-10
1.900902464332158766e-10
1.582316902794644036e-10
1.314298824272226839e-10
1.087273612051617984e-10
8.941612623348681052e-11
7.297560583168281994e-11
5.901846075333532648e-11
4.724562607178530579e-11
3.741104192968764828e-11
2.929623654949600023e-11
2.269464292023090188e-11
1.740460554905026130e-11
1.322920309236838601e-11
9.980339615237711798e-12
7.484447959952241422e-12
5.587455595136778177e-12
4.157884981934565767e-12
3.087451917046076028e-12
2.289633100028746527e-12
1.696921105653528497e-12
1.257542719462123612e-12
9.322454685046403786e-13
6.915026376086322200e-13
5.132855205043427084e-13
3.811986241746885160e-13
2.831801200968840236e-13
2.103890800533521794e-13
1.563463799570388428e-13
1.162011924919495004e-13
8.641443843296130056e-14
6.430329609256732511e-14
4.791333654014204220e-14
3.577082181467122151e-14
2.678466408144350198e-14
2.014617839429825676e-14
1.525903277826759841e-14
1.167129262404114341e-14
9.055733994935171608e-15
7.162470383916358081e-15
5.811406836839287652e-15
4.861718532586360855e-15
4.210947698650396195e-15
3.781115521161948149e-15
3.510741821942224455e-15
3.352841626047397021e-15
3.269536867374645709e-15
3.231887159244761394e-15
3.218391162891774761e-15
