# bin_1_2
1.197879765641727227e-08
1.214209657521249383e-08
1.232738249582689496e-08
1.253664966362937556e-08
1.277178465474777699e-08
1.303479401055882595e-08
1.332777136602311650e-08
1.365300846610015918e-08
1.401248480076108626e-08
1.440666370420360273e-08
1.483365674152052319e-08
1.528990165447003690e-08
1.577122270078370657e-08
1.627081787617298679e-08
1.677283393780633195e-08
1.726183462039096117e-08
1.772394164916860657e-08
1.815022275024384732e-08
1.853746588178278343e-08
1.886659841807592843e-08
1.909289690247953628e-08
1.918701256746077511e-08
1.914730590769204440e-08
1.896523484071853160e-08
1.860776197915983678e-08
1.806322964799466498e-08
1.734299911182525151e-08
1.644952614111360403e-08
1.539288374321111639e-08
1.421207158623288545e-08
1.293364539575689235e-08
1.160761538263473132e-08
1.027633666623894288e-08
8.986461958702698782e-09
7.773488163118224697e-09
6.662796667257703579e-09
5.665865658456875646e-09
4.782025550241382993e-09
4.003995757562236655e-09
3.323658763707117382e-09
2.735966192197206152e-09
2.238088424951198398e-09
1.825738074090581247e-09
1.489918824634301588e-09
1.217741095635751986e-09
9.967501698295925515e-10
8.178176293655672188e-10
6.736374186663476035e-10
5.571603979342003692e-10
4.625521651586338520e-10
3.852187640471775477e-10
3.214411232817918832e-10
2.683251151575064557e-10
2.236546372992842395e-10
1.857689030220539942e-10
1.534475636212559307e-10
1.258057293221660523e-10
1.022028647902739774e-10
8.216240223837521024e-11
6.530652964323262560e-11
5.130641841100870331e-11
3.984945165959335816e-11
3.062289728936213618e-11
2.331174423715212916e-11
1.760622108060202404e-11
1.321369694580697986e-11
9.870109784001516859e-12
7.347500104323696085e-12
5.456892904728542674e-12
4.046734180836836870e-12
2.998532132622147199e-12
2.221274076418883559e-12
1.645840166717575512e-12
1.220116761799050667e-12
9.050664979558859506e-13
6.717340512571236108e-13
4.986778682139295423e-13
3.702266607089278124e-13
2.748842196642409660e-13
2.041454935642751498e-13
1.516375173845717457e-13
1.127213579961701055e-13
8.385854908903005728e-14
6.247587034412959021e-14
4.665991479900541330e-14
3.497028819133501302e-14
2.635337492010548097e-14
2.002323679792646700e-14
1.539139744541820796e-14
1.202965135718387217e-14
9.616638367101207842e-15
7.909025014625471683e-15
6.730910810296944011e-15
5.944177403740211971e-15
5.444581696228446055e-15
5.150371088093726212e-15
4.995450262998354102e-15
4.926312486434962165e-15
4.902615176801868806e-15
4.897201175081087570e-15
