# k_h
7.462686335202301088e-05
7.762527380666870661e-05
8.074415649946972641e-05
8.398835184850278967e-05
8.736289475355707489e-05
9.087302241015617792e-05
9.452418243753898496e-05
9.832204133321065600e-05
1.022724932671872407e-04
1.063816692295815381e-04
1.106559465457271102e-04
1.151019587736071053e-04
1.197266059989500752e-04
1.245370655439682873e-04
1.295408031063592029e-04
1.347455843458587811e-04
1.401594869363260835e-04
1.457909131020658532e-04
1.516486026578433297e-04
1.577416465728313875e-04
1.640795010795382668e-04
1.706720023496134458e-04
1.775293817593099558e-04
1.846622817682914129e-04
1.920817724364298209e-04
1.997993686042268287e-04
2.078270477635209225e-04
2.161772686462186746e-04
2.248629905598949490e-04
2.338976935002726437e-04
2.432953990717975608e-04
2.530706922487725610e-04
2.632387440108273965e-04
2.738153348878506928e-04
2.848168794509290920e-04
2.962604517872988283e-04
3.081638119988467663e-04
3.205454337652902759e-04
3.334245330148065249e-04
3.468210977466120522e-04
3.607559190517734709e-04
3.752506233803968769e-04
3.903277061052683769e-04
4.060105664340374213e-04
4.223235437241306626e-04
4.392919552567470416e-04
4.569421355285656957e-04
4.753014771221431944e-04
4.943984732184282613e-04
5.142627618173789593e-04
5.349251717353003567e-04
5.564177704503017784e-04
5.787739138701176924e-04
6.020282980995378961e-04
6.262170132877841605e-04
6.513775996394038535e-04
6.775491056756128465e-04
7.047721488364987836e-04
7.330889785181416351e-04
7.625435416424906996e-04
7.931815508617463080e-04
8.250505555031089223e-04
8.582000153639964685e-04
8.926813774722534194e-04
9.285481559304939545e-04
9.658560149684754237e-04
1.004662855332420692e-03
1.045028904145341424e-03
1.087016808377837870e-03
1.130691732074432616e-03
1.176121457486327708e-03
1.223376490267558082e-03
1.272530168897769050e-03
1.323658778501480855e-03
1.376841669240447090e-03
1.432161379462871869e-03
1.489703763800602401e-03
1.549558126413093026e-03
1.611817359584955976e-03
1.676578087892156626e-03
1.743940818160646033e-03
1.814010095450115708e-03
1.886894665304987388e-03
1.962707642524433999e-03
2.041566686713364425e-03
2.123594184886805868e-03
2.208917441411119807e-03
2.297668875576773951e-03
2.389986227109366229e-03
2.486012769937789857e-03
2.585897534551337418e-03
2.689795539290823836e-03
2.797868030932673753e-03
2.910282734939395512e-03
3.027214115764750944e-03
3.148843647617693541e-03
3.275360096105215963e-03
3.406959811191258031e-03
3.543847031926322839e-03
3.686234203420714773e-03
3.834342306553390443e-03
3.988401200928030216e-03
4.148649981608692680e-03
4.315337350188602761e-03
4.488722000768021608e-03
4.669073021440206528e-03
4.856670311908550634e-03
5.051805017883026147e-03
5.254779982930133340e-03
5.465910218477592827e-03
5.685523392703194234e-03
5.913960339066582327e-03
6.151575585273182621e-03
6.398737903491221769e-03
6.655830882675716972e-03
6.923253523887772445e-03
7.201420859532934454e-03
7.490764597479838624e-03
7.791733791058635603e-03
8.104795535979121904e-03
8.430435695250091885e-03
8.769159653225085463e-03
9.121493099944637251e-03
9.487982846992433494e-03
9.869197676131436989e-03
1.026572922203722489e-02
1.067819289049829271e-02
1.110722881350853508e-02
1.155350284273400606e-02
1.201770758289602732e-02
1.250056346667416385e-02
1.300281987279741300e-02
1.352525628905895498e-02
1.406868352205919645e-02
1.463394495555480138e-02
1.522191785936646488e-02
1.583351475087705143e-02
1.646968481123280148e-02
1.713141535844576319e-02
1.781973337968347643e-02
1.853570712512421503e-02
1.928044776585111780e-02
2.005511111835836524e-02
2.086089943834591384e-02
2.169906328658640846e-02
2.257090346976030684e-02
2.347777305927111272e-02
2.442107949117422461e-02
2.540228675047792595e-02
2.642291764320696401e-02
2.748455615975445646e-02
2.858884993319054171e-02
2.973751279634240935e-02
3.093232744161446626e-02
3.217514818767690243e-02
3.346790385731594070e-02
3.481260077091247879e-02
3.621132586019470273e-02
3.766624990709754178e-02
3.917963091275489945e-02
4.075381760185393942e-02
4.239125306778940977e-02
4.409447856427606977e-02
4.586613744930270048e-02
4.770897928754911504e-02
4.962586411763336008e-02
5.161976689081088088e-02
5.369378208801520169e-02
5.585112852240488313e-02
5.809515433487124486e-02
6.042934219025845877e-02
6.285731468236142871e-02
6.538283995608898391e-02
6.800983755551910648e-02
7.074238450692064972e-02
7.358472164618307110e-02
7.654126020047470613e-02
7.961658863434273314e-02
8.281547977088109247e-02
8.614289819901710388e-02
8.960400797841415466e-02
9.320418065394642237e-02
9.694900359218547314e-02
1.008442886528353177e-01
1.048960812085755478e-01
1.091106695273091620e-01
1.134945945313768495e-01
1.180546599488848519e-01
1.227979428728988992e-01
1.277318047448934568e-01
1.328639027795011363e-01
1.382022018482946535e-01
1.437549868410428477e-01
1.495308755236262610e-01
1.555388319125666219e-01
1.617881801869287262e-01
1.682886191591832503e-01
1.750502373274900048e-01
1.820835285327638553e-01
1.893994082448195448e-01
1.970092305028737223e-01
2.049248055366930665e-01
2.131584180957394881e-01
2.217228465147546013e-01
2.306313825453744915e-01
2.398978519845552937e-01
2.495366361318195891e-01
2.595626941086286443e-01
2.699915860745163987e-01
2.808394973760203750e-01
2.921232636658825377e-01
3.038603970315083558e-01
3.160691131732322745e-01
3.287683596745730741e-01
3.419778454083488572e-01
3.557180711242914906e-01
3.700103612656346352e-01
3.848768970640474851e-01
4.003407509642822326e-01
4.164259224319569186e-01
4.331573752000519861e-01
4.505610760119194702e-01
4.686640349209377221e-01
4.874943472093515862e-01
5.070812369913616502e-01
5.274551025681251115e-01
5.486475636050610616e-01
5.706915102046833388e-01
5.936211539511115909e-01
6.174720810054865616e-01
6.422813073346874679e-01
6.680873361590736748e-01
6.949302177083952481e-01
7.228516113786229713e-01
7.518948503861538901e-01
7.821050090197472215e-01
8.135289725945477057e-01
8.462155102167744358e-01
8.802153504720017230e-01
9.155812601544878193e-01
9.523681261597637393e-01
9.906330406675414313e-01
1.030435389747170749e+00
1.071836945523145790e+00
1.114901962043701289e+00
1.159697275001286831e+00
1.206292405459679751e+00
1.254759667748708729e+00
1.305174281694070348e+00
1.357614489356370635e+00
1.412161676460600868e+00
1.468900498704490465e+00
1.527919013141764371e+00
1.589308814844213380e+00
1.653165179054652656e+00
1.719587209051433030e+00
1.788677989953925129e+00
1.860544748707723572e+00
1.935299020497845079e+00
2.013056821848195455e+00
2.093938830675947660e+00
2.178070573580256131e+00
2.265582620656025004e+00
2.356610788135001133e+00
2.451296349168745170e+00
2.549786253080580600e+00
2.652233353426805440e+00
2.758796645221110566e+00
2.869641511690340874e+00
2.984939980944634641e+00
3.104870992960185649e+00
3.229620677289047670e+00
3.359382641926958346e+00
3.494358273787493196e+00
3.634757051248882043e+00
3.780796869258558068e+00
3.932704377499949278e+00
4.090715332146444894e+00
4.255074961748308127e+00
4.426038347820482777e+00
4.603870820721917667e+00
4.788848371440812990e+00
4.981258079924864468e+00
5.181398560621220284e+00
5.389580425917742446e+00
5.606126768204652500e+00
5.831373661304819933e+00
6.065670682050875229e+00
6.309381452818601410e+00
6.562884205858631859e+00
6.826572370302196546e+00
7.100855182752128236e+00
7.386158322406488175e+00
7.682924571700706196e+00
7.991614503493441823e+00
8.312707195862689247e+00
8.646700975621456564e+00
8.994114191706962913e+00
9.355486019643510787e+00
9.731377298327814174e+00
1.012237140043510841e+01
1.052907513779711302e+01
1.095211970315690309e+01
1.139216164976226864e+01
1.184988391031788169e+01
1.232599685687751823e+01
1.282123940332161638e+01
1.333638015213070993e+01
1.387221858723484402e+01
1.442958631479012332e+01
1.500934835380802568e+01
1.561240447864058112e+01
1.623969061540468672e+01
1.689218029451326331e+01
1.757088616156691074e+01
1.827686154895136994e+01
1.901120211057973819e+01
1.977504752231644147e+01
2.056958325072210059e+01
2.139604239286426690e+01
2.225570759004915899e+01
2.314991301844509763e+01
2.408004645968617297e+01
2.504755145467025912e+01
2.605392954389385807e+01
2.710074259780062178e+01
2.818961524076035019e+01
2.932223737244001782e+01
3.050036679048078980e+01
3.172583191855021312e+01
3.300053464400429704e+01
3.432645326956311749e+01
3.570564558358089613e+01
3.714025205367564553e+01
3.863249914867429879e+01
4.018470279403005208e+01
4.179927196607316375e+01
4.347871243067437774e+01
4.522563063212299994e+01
4.704273773825499916e+01
4.893285384810910443e+01
5.089891236864119151e+01
5.294396456728879485e+01
5.507118430745287441e+01
5.728387297424394120e+01
5.958546459813889129e+01
6.197953118449955667e+01
6.446978825722435147e+01
6.706010062513692560e+01
6.975448838005993935e+01
7.255713313588518076e+01
7.547238451831998418e+01
7.850476691538392515e+01
8.165898649913158636e+01
8.493993852949895995e+01
8.835271495160918676e+01
9.190261229832724155e+01
9.559513991033071534e+01
9.943602848645072356e+01
1.034312389775551821e+02
1.075869718377766588e+02
1.119096766474424527e+02
1.164060621226416572e+02
1.210831065269636895e+02
1.259480685015658992e+02
1.310084983303815704e+02
1.362722496579469293e+02
1.417474916780364822e+02
1.474427218120215741e+02
1.533667788966290288e+02
1.595288569015669964e+02
1.659385191983057553e+02
1.726057134021626212e+02
1.795407868107195384e+02
1.867545024625376016e+02
1.942580558410898561e+02
2.020630922498361315e+02
2.101817248854064246e+02
2.186265536369391782e+02
2.274106846407566991e+02
2.365477506207178919e+02
2.460519320458220704e+02
2.559379791378973437e+02
2.662212347635294236e+02
2.769176582457581617e+02
2.880438501324981075e+02
2.996170779601188769e+02
3.116553030521783398e+02
3.241772083948888508e+02
3.372022276325859593e+02
3.507505752281969080e+02
3.648432778355175969e+02
3.795022069319878710e+02
3.947501127626051129e+02
4.106106596476683421e+02
4.271084627091333346e+02
4.442691260725896427e+02
4.621192826041417447e+02
4.806866352438674426e+02
4.999999999999999432e+02
