# bin_1_1
3.030824562798655722e-10
3.082864280400814069e-10
3.142304537244869473e-10
3.209906760643894939e-10
3.286412417314003882e-10
3.372625456899411087e-10
3.469425237973006083e-10
3.577794393613810671e-10
3.698583235703176622e-10
3.832229277496713971e-10
3.978637871677089613e-10
4.137576973992339500e-10
4.309292903704111380e-10
4.493948611783255804e-10
4.691187326064540280e-10
4.900968099661044646e-10
5.122740595421531754e-10
5.354085309533643077e-10
5.591254346012496699e-10
5.828594234452953383e-10
6.056288038152350588e-10
6.269635165044354812e-10
6.469001295650218736e-10
6.657084299039115006e-10
6.824215998280522085e-10
6.946256718724643034e-10
7.017155881532287401e-10
7.035991408202189830e-10
6.990107026717925144e-10
6.862899902905751818e-10
6.649944999706103591e-10
6.356171404571405398e-10
5.976758032794312124e-10
5.526669367750487483e-10
5.021999320557054132e-10
4.484240407542156765e-10
3.941503181419688727e-10
3.420633027879926328e-10
2.944667988938672336e-10
2.522479145754629920e-10
2.146868723106700787e-10
1.809711440878474189e-10
1.504587155296989909e-10
1.229839044469152189e-10
9.943309583151238537e-11
8.091755349735784605e-11
6.594108240068509795e-11
5.318619603142200715e-11
4.314288565604748764e-11
3.505709829692776231e-11
2.856987019137248100e-11
2.340639381235340503e-11
1.926799276164383187e-11
1.594218305836445396e-11
1.324755902567936892e-11
1.104185907070267175e-11
9.214504303936729062e-12
7.681497531243787586e-12
6.380767756251794311e-12
5.267882179460992727e-12
4.311906279543820459e-12
3.491877157695823696e-12
2.793392424649765207e-12
2.205601506154316119e-12
1.718880031004443539e-12
1.323267888042810284e-12
1.007849875142041331e-12
7.609392071271368216e-13
5.707216268537766232e-13
4.260411955524112598e-13
3.170327539523907268e-13
2.354404617871310820e-13
1.746445110124954083e-13
1.294973579182906832e-13
9.605162529925272709e-14
7.131350173669987785e-14
5.302606621494749787e-14
3.946946046360730998e-14
2.938942329824931689e-14
2.188766667757259842e-14
1.630040907937328109e-14
1.213897788063708749e-14
9.040121671612420995e-15
6.735079483171127628e-15
5.018971419898685929e-15
3.743041086597985260e-15
2.794153584922561469e-15
2.089651186197925249e-15
1.566451484156641006e-15
1.178469887628135681e-15
8.912441105715560660e-16
6.790755346100137902e-16
5.230732746633266293e-16
4.092809894142711582e-16
3.272840827639409469e-16
2.691076931417422610e-16
2.289711519321910754e-16
2.034700116614383222e-16
1.880809509759059325e-16
1.808016190445961152e-16
