# bin_4_1
6.932363407529219293e-11
7.030617648160254717e-11
7.141579476093233693e-11
7.266022384744963027e-11
7.404439836397750218e-11
7.557300180113803070e-11
7.725073015090790952e-11
7.908314415824850995e-11
8.106914359554884509e-11
8.319230065788197870e-11
8.541713439762225730e-11
8.770270461950987761e-11
9.002303522674352199e-11
9.235065601339885283e-11
9.464434446826240423e-11
9.687854932857568311e-11
9.902052764474126085e-11
1.009916927567848405e-10
1.026899208485973933e-10
1.039766131750279300e-10
1.046108946694075303e-10
1.045469179337621891e-10
1.039362652305889527e-10
1.030413942270117613e-10
1.017732718038072890e-10
9.962273401659769143e-11
9.667706165557637123e-11
9.321111761591595603e-11
8.913656067523254235e-11
8.423812561622879422e-11
7.863956327384053196e-11
7.268411697153183581e-11
6.626463245870499304e-11
5.971840945007368317e-11
5.321826184008262924e-11
4.688322219341233632e-11
4.087350343315304010e-11
3.526835009089197135e-11
3.017705109857766937e-11
2.564734772719925965e-11
2.164712692888485608e-11
1.813961189389101629e-11
1.507829056071348646e-11
1.241559366942249007e-11
1.016143211231446704e-11
8.336366204764674811e-12
6.835318330447621119e-12
5.574468244371019750e-12
4.560865227412272128e-12
3.735984813855220678e-12
3.060153047171831302e-12
2.512835681920346840e-12
2.069976173673188004e-12
1.707601191803988539e-12
1.408846433171040700e-12
1.162826139721771982e-12
9.577129257898030326e-13
7.862699732339468010e-13
6.422546101808108880e-13
5.212260281027729751e-13
4.197057150881081205e-13
3.349845913815751400e-13
2.648460482812359880e-13
2.073757917037693471e-13
1.608508705314755076e-13
1.236730734342433289e-13
9.435065962906889755e-14
7.150726151803733024e-14
5.390526047334124613e-14
4.046628498220711290e-14
3.028157320342703792e-14
2.260762059957031400e-14
1.685112896115872065e-14
1.254793042260097487e-14
9.339305139417006530e-15
6.951299992676365209e-15
5.176183120484149831e-15
3.855929241760949411e-15
2.873246871470468350e-15
2.142443202759198765e-15
1.598272711388052375e-15
1.192909716212261627e-15
8.909475346839512224e-16
6.666583540638100221e-16
4.993879573418868223e-16
3.750749227851062626e-16
2.825792155764781930e-16
2.140415460892568858e-16
1.631786838935031036e-16
1.255458810328933412e-16
9.777862734550768950e-17
7.735713768239964093e-17
6.244751553803989367e-17
5.169735013346739830e-17
4.408246503783169166e-17
3.878518134006724109e-17
3.518007925644725024e-17
3.283642885988960892e-17
3.133909632653772305e-17
3.047074733687243320e-17
