# bin_3_3
5.111977698955130410e-12
5.221550424675394560e-12
5.348447589510264282e-12
5.495226216280981628e-12
5.664780903418340982e-12
5.860462275324344417e-12
6.086162568802661736e-12
6.346434558115729353e-12
6.646464970987584318e-12
6.992049773048585363e-12
7.389639933571017267e-12
7.846772670442408930e-12
8.372262191991619971e-12
8.975852910691339735e-12
9.668174480942001189e-12
1.046135455675506087e-11
1.136757262082362214e-11
1.240136795838406048e-11
1.358102813561029223e-11
1.492928349825324696e-11
1.647185155652959252e-11
1.822916639812740032e-11
2.021813035991935018e-11
2.246292670709690472e-11
2.498806305070788303e-11
2.780653535647524144e-11
3.091801780087848631e-11
3.431448388180839440e-11
3.797688776444293142e-11
4.185975935415779404e-11
4.589801228169029004e-11
4.999451280471184129e-11
5.401611478690470105e-11
5.778997541206617434e-11
6.109804380794482685e-11
6.367817543327912410e-11
6.523237653434110346e-11
6.545175496384535970e-11
6.406774499585079930e-11
6.093723493059198414e-11
5.615607216538254700e-11
5.015871995155506454e-11
4.372644232944973506e-11
3.779348518173831585e-11
3.298208754845939900e-11
2.925079186235661045e-11
2.570333447140191524e-11
2.142281223591279283e-11
1.690330394082147502e-11
1.349059150981309628e-11
1.116865284468108296e-11
8.935162622928242516e-12
6.992350765683453281e-12
5.563217626980410983e-12
4.377767286418855840e-12
3.452805975997401908e-12
2.726485514808195661e-12
2.163912366568993487e-12
1.727114814938135707e-12
1.388914549659124430e-12
1.126544292674190240e-12
9.218529038955237030e-13
7.605850254109856256e-13
6.316833121457298973e-13
5.266742232227214039e-13
4.392369767473932704e-13
3.648812815050812042e-13
3.006438513399708167e-13
2.447830970525950449e-13
1.964167225713425773e-13
1.551323908086974907e-13
1.206497443642769996e-13
9.257320610101030093e-14
7.028389560275218784e-14
5.297310433760804129e-14
3.974908270055769204e-14
2.975426573395274829e-14
2.224871657696712701e-14
1.663789554595176231e-14
1.246461699240087286e-14
9.379640957363712176e-15
7.090848026773568362e-15
5.368748214685832838e-15
4.064363705212843116e-15
3.076115958021579760e-15
2.327620999854420021e-15
1.760894151039247867e-15
1.331919241957966468e-15
1.007299822035000863e-15
7.617095126030668418e-16
5.759494552513993411e-16
4.354716521857446882e-16
3.292569411950604807e-16
2.489613261423455963e-16
1.882688384818098857e-16
1.424000559960543311e-16
1.077391328367977267e-16
8.155073628018903327e-17
6.176578010925893527e-17
4.682059817651391659e-17
