# bin_4_2
1.376046579972604351e-11
1.392997490759191927e-11
1.412062749386520444e-11
1.433358461449414165e-11
1.456962481476796669e-11
1.482953971453387483e-11
1.511420278844889728e-11
1.542484772733857162e-11
1.576215138975944933e-11
1.612525942385738525e-11
1.651125359780030663e-11
1.691717738142388597e-11
1.734196582039428246e-11
1.778103307070826869e-11
1.822468705604557136e-11
1.866252272329714358e-11
1.907769436113371105e-11
1.944500423926618254e-11
1.975843016334692263e-11
2.003219469916370543e-11
2.030198035470014494e-11
2.058096014552288662e-11
2.082554923920103293e-11
2.103963005337021868e-11
2.127660220265596031e-11
2.154455820315662967e-11
2.180228530964541961e-11
2.202399113323022857e-11
2.221083879975225902e-11
2.231032288724047476e-11
2.228568030502136011e-11
2.211674762367390597e-11
2.175066501725382294e-11
2.116984516214076162e-11
2.034611245767669757e-11
1.927728467067953620e-11
1.797114483826609452e-11
1.646324361800273835e-11
1.481718204419603922e-11
1.311961954968025181e-11
1.146653960754592232e-11
9.935608410545563864e-12
8.548344019075769819e-12
7.292183740445233793e-12
6.166304915832884058e-12
5.166082594920185734e-12
4.251976764719155919e-12
3.437721786177422452e-12
2.783657060961338034e-12
2.260233547530689755e-12
1.815379434710789145e-12
1.454467245833477309e-12
1.171736411715758020e-12
9.412623786793715892e-13
7.598549913945447350e-13
6.157152378763712207e-13
5.011276211734612226e-13
4.099194160431467670e-13
3.366851720973375476e-13
2.773853438114829662e-13
2.288595858235550219e-13
1.887015453940139966e-13
1.551347294800702445e-13
1.268665535022929839e-13
1.029757850537591685e-13
8.280797420656591778e-14
6.588387702258785992e-14
5.182642721559926176e-14
4.030740450072162250e-14
3.101500876735027705e-14
2.364104004177410682e-14
1.788160053938808455e-14
1.344599715857822030e-14
1.006882228002328616e-14
7.519655017039993225e-15
5.607738902122887889e-15
4.180636969904089286e-15
3.118524165338059712e-15
2.329377160271361955e-15
1.743485568728699243e-15
1.307455455594763237e-15
9.814365325343226103e-16
7.371065612150429982e-16
5.538439625547747730e-16
4.162716772171570792e-16
3.130103722595076317e-16
2.355415102267760648e-16
1.774400186056115853e-16
1.338706605130420731e-16
1.012032405343388475e-16
7.671693857381156647e-17
5.836789152620522203e-17
4.462703294168809133e-17
3.434808159410946549e-17
2.667327037538073792e-17
2.096298189851493774e-17
1.673694794864290285e-17
1.362795313089189365e-17
1.135695473040562328e-17
9.754756711137612425e-18
