# bin_2_1
6.304244299193455386e-11
6.407954165690235566e-11
6.526541553047532844e-11
6.661663202545224990e-11
6.815042159449011403e-11
6.988608950821640931e-11
7.184540081856919385e-11
7.405365966516922897e-11
7.653696302437084713e-11
7.931926729487078630e-11
8.242069834490399454e-11
8.586371958852939896e-11
8.967877878000732914e-11
9.388673519593739362e-11
9.849305499587399717e-11
1.035002449427417410e-10
1.088880014636818320e-10
1.146048476635110217e-10
1.206522362760094034e-10
1.270842385349116130e-10
1.340075175481665617e-10
1.414365052307055813e-10
1.491790782527841138e-10
1.571652374733686026e-10
1.654482153671610898e-10
1.738949904972069490e-10
1.821673168157286890e-10
1.899170758532479946e-10
1.968162613437816961e-10
2.023017356165063590e-10
2.058096840247371042e-10
2.068143697673419175e-10
2.047217437498931695e-10
1.991627022355307964e-10
1.899445037096252069e-10
1.772712438492339965e-10
1.617724055310054790e-10
1.445344192789494094e-10
1.269479830312560443e-10
1.103498013441201568e-10
9.556083331077622825e-11
8.267770798375962777e-11
7.088924324976998686e-11
5.942167238493655895e-11
4.865522258340898464e-11
3.959530953864385000e-11
3.216672669594445413e-11
2.590509648622416715e-11
2.091860584941740826e-11
1.681549640444713737e-11
1.349329092191916488e-11
1.088033880949605340e-11
8.799020822970618061e-12
7.154497035509423142e-12
5.855257762273901160e-12
4.823726885883125148e-12
3.999234996012289265e-12
3.332753234974211029e-12
2.786119704754698860e-12
2.330314906132824896e-12
1.944005173992427729e-12
1.612215040161426897e-12
1.325061114092368366e-12
1.076448445094884032e-12
8.627746884676361714e-13
6.816858377623582407e-13
5.310687505204361146e-13
4.084310109829288818e-13
3.106878297120677500e-13
2.342968524342250977e-13
1.755697217131175069e-13
1.309941717628417409e-13
9.746553134096535127e-14
7.239995178455816953e-14
5.374096453784657368e-14
3.990176422709539382e-14
2.966997134373229989e-14
2.210349258967369172e-14
1.649303002251242229e-14
1.231884756421433540e-14
9.203455917130061520e-15
6.875453346108400373e-15
5.135825039819908360e-15
3.836324320540047862e-15
2.865754485397849036e-15
2.141051586814593925e-15
1.600118408108159049e-15
1.196462500615196001e-15
8.953085512565499241e-16
6.706722405499943170e-16
5.031644638726764106e-16
3.782990526039982714e-16
2.852856806986913289e-16
2.160781027055627297e-16
1.646930548646235920e-16
1.267139033623526214e-16
9.891434669028205138e-17
7.896552009846610857e-17
6.496918798060390161e-17
5.625003834573098004e-17
