# bin_2_2
2.406382337606800637e-11
2.457393703231725514e-11
2.516425427648579205e-11
2.584640237732489286e-11
2.663347948555391567e-11
2.754057468016249148e-11
2.858509864890149553e-11
2.978727635420580082e-11
3.116986316456757554e-11
3.275782381874670687e-11
3.457829924971859437e-11
3.666226265216153123e-11
3.904605430129201459e-11
4.176788490763646552e-11
4.486672562152164909e-11
4.838500877584519657e-11
5.236427918816910292e-11
5.684300155755708665e-11
6.187344903124218128e-11
6.752034347432423407e-11
7.385874797771323898e-11
8.094038868695619080e-11
8.876450568285496174e-11
9.734034149284542091e-11
1.066788542454660773e-10
1.167185571307926604e-10
1.273139114103847100e-10
1.382608819051192055e-10
1.492908238912030211e-10
1.600049939188876941e-10
1.699096415788770233e-10
1.784132814091809763e-10
1.848058953778316970e-10
1.883412207818553275e-10
1.882831292403482466e-10
1.840589570225777860e-10
1.754315898103631663e-10
1.627163225570437335e-10
1.469309563756578838e-10
1.297418154974765567e-10
1.130527839419599590e-10
9.833568009911670413e-11
8.579755463203553615e-11
7.449475163352728048e-11
6.329519204362723152e-11
5.208513982372945648e-11
4.187211567065379337e-11
3.372712792261510088e-11
2.746365599464586209e-11
2.204079960733205314e-11
1.752752954121047926e-11
1.399859032182279747e-11
1.118977620744063242e-11
8.958335070741008543e-12
7.217613360266178865e-12
5.849657466697328580e-12
4.778060731524925429e-12
3.934466941502305462e-12
3.264441964466562629e-12
2.725131826622964677e-12
2.283336753702994358e-12
1.914091200969403840e-12
1.599356873533857479e-12
1.326910507674515619e-12
1.089218465885908336e-12
8.821667458822341326e-13
7.037213736498371113e-13
5.526756297456147647e-13
4.276828394596735422e-13
3.267368527394870634e-13
2.470891076077804222e-13
1.854917234790238059e-13
1.385819769962811380e-13
1.032323405345474098e-13
7.676999627404151720e-14
5.705017234593928746e-14
4.241341302871498197e-14
3.158471396983871079e-14
2.358735453131577439e-14
1.766014895262247403e-14
1.323558122101863654e-14
9.919237772551958955e-15
7.432422700322428448e-15
5.568135757732935013e-15
4.170868357527867861e-15
3.123876578041528177e-15
2.339530897220981289e-15
1.752059032491758270e-15
1.312118375582422127e-15
9.827085187790423267e-16
7.360937998460425551e-16
5.514862744200631804e-16
4.133129750748552200e-16
3.099085474069359650e-16
2.325406256528525228e-16
1.746857662294468530e-16
1.314770770381507849e-16
9.928784785544741205e-17
7.542430970504472403e-17
5.830961288004394760e-17
