# bin_4_4
1.890341530474815036e-11
1.915008456186441483e-11
1.942715746102218159e-11
1.973569092146486030e-11
2.007565539211916220e-11
2.044696314414794369e-11
2.084943627646456481e-11
2.128316693306510944e-11
2.174591512654535020e-11
2.223028330637142567e-11
2.272202925178429344e-11
2.320512644896945823e-11
2.366870694863862781e-11
2.410190421937339725e-11
2.449017784798112529e-11
2.482633372619334599e-11
2.510833464644187388e-11
2.532767138587691013e-11
2.546612039470016008e-11
2.550437039856147650e-11
2.539079145473398244e-11
2.509569566239475309e-11
2.466809640551420590e-11
2.422424080097333979e-11
2.385243179910502794e-11
2.343923791807503840e-11
2.291444475280101144e-11
2.241773646683885649e-11
2.199225848286730730e-11
2.159955545197496026e-11
2.119751282763918743e-11
2.089732917699676281e-11
2.068848088152122499e-11
2.052149233682271979e-11
2.044131264577241821e-11
2.035927802626794240e-11
2.023435432507189341e-11
1.997798326350133800e-11
1.952446759014565654e-11
1.879913606351624061e-11
1.775108330197220398e-11
1.636678531464132917e-11
1.469937467129776583e-11
1.288420227170688096e-11
1.112265259885390971e-11
9.600724856777132241e-12
8.381662074933827205e-12
7.358522307615704222e-12
6.305038550582547533e-12
5.129392800279474984e-12
4.050989676860969881e-12
3.282886602080400454e-12
2.690494674208200394e-12
2.120522664174221090e-12
1.668031738712824397e-12
1.321819258906691366e-12
1.032843053990206803e-12
8.113948845201986029e-13
6.362777191306578619e-13
5.002280117897582538e-13
3.948422155068794552e-13
3.132983148619064221e-13
2.501954390760402122e-13
2.012287229551419366e-13
1.630099056153510019e-13
1.329037570678596256e-13
1.088775699550429127e-13
8.939545726313882413e-14
7.332942600378319151e-14
5.988378020947596182e-14
4.852557530876671931e-14
3.891402201371491801e-14
3.083245719215482149e-14
2.412876872632158858e-14
1.866791510581581148e-14
1.430617385329247862e-14
1.088618848725088263e-14
8.245135266494140982e-15
6.228506067731609789e-15
4.701352263156854252e-15
3.552057997805516701e-15
2.692323047810097847e-15
2.051287640205033114e-15
1.568897641513963059e-15
1.201027778827081097e-15
9.194732993877188313e-16
7.041293418541729730e-16
5.393740766142255424e-16
4.133946524424585614e-16
3.171140119742605505e-16
2.435331728375356898e-16
1.873221850536276083e-16
1.444074087185367382e-16
1.116545652519813191e-16
8.668174481680743378e-17
6.764358705430556504e-17
5.313102605747539008e-17
4.206440667636983577e-17
3.362239668857769559e-17
2.718350195382270420e-17
