# bin_3_2
9.173636031010535259e-12
9.325761103689693110e-12
9.500001033630754949e-12
9.698968318138760641e-12
9.925433423279423537e-12
1.018256880652397068e-11
1.047405741931934768e-11
1.080428389945286396e-11
1.117800095965805094e-11
1.159996728126987429e-11
1.207478200423536458e-11
1.260798475008372182e-11
1.320629556872426011e-11
1.387605521870443803e-11
1.462271050637173458e-11
1.545253895988886275e-11
1.636745074622453536e-11
1.737285915337559954e-11
1.848255510508249693e-11
1.972128267148292384e-11
2.112040964469054683e-11
2.269069447447738894e-11
2.442976237720401553e-11
2.636131428391716869e-11
2.851403646866115172e-11
3.088508159378099808e-11
3.344458009089396335e-11
3.616541706508323004e-11
3.900861929623129792e-11
4.188853645413897623e-11
4.471943293776077626e-11
4.738067916960129339e-11
4.972534685280810345e-11
5.158799618173470150e-11
5.278457404484080973e-11
5.312913039118345389e-11
5.245299862722954777e-11
5.063736238655544091e-11
4.766012529764806512e-11
4.364790440421000475e-11
3.891651854924271759e-11
3.396205467291563667e-11
2.933744158914524038e-11
2.543339964305952739e-11
2.226955026923078754e-11
1.942162103409152957e-11
1.625032903260743522e-11
1.292542539843885972e-11
1.028846059154914230e-11
8.493695963691280779e-12
6.844090482217646873e-12
5.367221781680206865e-12
4.307507829798550713e-12
3.402918353525370323e-12
2.712508197210742018e-12
2.161412895016375986e-12
1.732846383037814744e-12
1.398305558542528428e-12
1.136652800973287052e-12
9.310690384491605105e-13
7.681784403748039896e-13
6.374933811078511280e-13
5.309886298307300883e-13
4.426035273862629070e-13
3.679145706218097177e-13
3.038561527602630600e-13
2.484475150554235910e-13
2.005265123696753428e-13
1.594635445577010847e-13
1.248706894284245495e-13
9.637288344789583698e-14
7.346695296193935560e-14
5.548235045198110612e-14
4.163621011952317514e-14
3.112750774106265207e-14
2.322356861803327418e-14
1.731042413284149454e-14
1.290316701362739537e-14
9.630434269221435110e-15
7.212460964905033257e-15
5.423772817286019962e-15
4.084591036900832321e-15
3.076182931007573468e-15
2.316316798322456837e-15
1.743863429821047372e-15
1.312712808194790498e-15
9.880799616630180680e-16
7.437095809157097251e-16
5.597959909449184744e-16
4.214092747078507977e-16
3.172973593208673597e-16
2.389833473883241949e-16
1.800851528986354941e-16
1.357971234715323548e-16
1.025039767939305032e-16
7.748900435095279284e-17
5.871071183474801880e-17
4.463414482430783586e-17
3.410277046896678498e-17
2.628416538305534729e-17
