# bin_4_3
9.944314061871359279e-12
1.006981013184164473e-11
1.021133316363354892e-11
1.036997025422608456e-11
1.054658809796846210e-11
1.074212704103928804e-11
1.095768673691675655e-11
1.119472292638537309e-11
1.145445493800651721e-11
1.173722243265678091e-11
1.204213087395070948e-11
1.236859356433667089e-11
1.271659955113477295e-11
1.308433250113834439e-11
1.346735967876354890e-11
1.386123452696827999e-11
1.425385629746775366e-11
1.463751031051250721e-11
1.501648837414727679e-11
1.541152769413486107e-11
1.585406179161305202e-11
1.634639337199268160e-11
1.687452560368772695e-11
1.746889497751538994e-11
1.817542664495615991e-11
1.900454409484433033e-11
1.994175507778745369e-11
2.099208814319119063e-11
2.216330792023303569e-11
2.342089755565374505e-11
2.475558577604233069e-11
2.613381383801333291e-11
2.750783371618662287e-11
2.881940640699709195e-11
2.998626206614587759e-11
3.090602618129501000e-11
3.145483496870356784e-11
3.149693429312864178e-11
3.090479931750159660e-11
2.958833230005692190e-11
2.754099303458576626e-11
2.488683839197815236e-11
2.190091961030912705e-11
1.896813230691900837e-11
1.643819599022757120e-11
1.442546664299573589e-11
1.271345729542641933e-11
1.087843901051246318e-11
8.820254819218580307e-12
6.972948494680209662e-12
5.670868393783038484e-12
4.636529389017902157e-12
3.647362557796480376e-12
2.882991260304894025e-12
2.281266608305738391e-12
1.793209977733605516e-12
1.413343791073316727e-12
1.116878470737350806e-12
8.860398293453682048e-13
7.071474490865262470e-13
5.684593887638420413e-13
4.605998663829596706e-13
3.761870784166947266e-13
3.094470494319627673e-13
2.559254849683922997e-13
2.122285094782624158e-13
1.758520291099164806e-13
1.450310104676239677e-13
1.186041646075516664e-13
9.587135972342226868e-14
7.643835370398859771e-14
6.006798518352194500e-14
4.655908641499484446e-14
3.566606763620623122e-14
2.707584440176322422e-14
2.042821262163584923e-14
1.535518305575749640e-14
1.151925496241992497e-14
8.636607435011609866e-15
6.481427737598602191e-15
4.879192739564511515e-15
3.691064248421910277e-15
2.801367711901466006e-15
2.127574963272676114e-15
1.615741932984332343e-15
1.226875697052241283e-15
9.315318681082031115e-16
7.072877845508528787e-16
5.370718347292795362e-16
4.078992737591742692e-16
3.098956047114489486e-16
2.355553893052092465e-16
1.791791745991199047e-16
1.364372029664921224e-16
1.040427819521135102e-16
7.949886032544256295e-17
6.090913975609412532e-17
4.683220585747103337e-17
3.617357130461923960e-17
2.810617465675216239e-17
