# bin_3_1
3.267239909706175176e-11
3.309054345079035901e-11
3.356207974522622291e-11
3.409060026016484561e-11
3.467891759504614340e-11
3.532991661759390487e-11
3.604676587255004848e-11
3.683341302821040306e-11
3.769261130697384950e-11
3.862373599984615378e-11
3.962144556449008834e-11
4.068019180425282268e-11
4.179458382867300908e-11
4.295147741769587240e-11
4.412692188730301412e-11
4.529362115105307612e-11
4.639604660623658806e-11
4.738775195237002131e-11
4.825465242689098129e-11
4.902831478239127707e-11
4.976735555412884613e-11
5.043111469099225623e-11
5.092124747187941661e-11
5.127637402129866347e-11
5.158264764045059361e-11
5.181397315954504489e-11
5.186886978234389887e-11
5.171551076790125319e-11
5.134047339746445473e-11
5.060910318244680688e-11
4.950019603857514818e-11
4.796552339819748067e-11
4.598003310574053217e-11
4.357058686772116104e-11
4.078404906489177451e-11
3.770220720114540357e-11
3.442445204898394308e-11
3.105501082647649017e-11
2.768814499707056132e-11
2.438094588028662264e-11
2.117045552405967991e-11
1.812728581075084380e-11
1.533789226289816133e-11
1.289185136521330975e-11
1.084468088460902103e-11
9.133280231132121882e-12
7.549795503358218212e-12
6.075127459021089515e-12
4.892325780285418754e-12
3.993264329334754741e-12
3.237789163527211707e-12
2.601587348223638631e-12
2.107276014329880231e-12
1.705700143710902765e-12
1.385982967963284003e-12
1.129573353071306183e-12
9.235637547994401462e-13
7.570860072075634167e-13
6.215138129864293792e-13
5.101966418653658775e-13
4.181536089618061728e-13
3.416123777781583880e-13
2.777844136990611810e-13
2.245488538082305941e-13
1.802525680513449055e-13
1.435579191764315293e-13
1.133460420149030692e-13
8.866346544696125442e-14
6.868905325929155754e-14
5.270716545444646906e-14
4.008512318243915818e-14
3.025463145230442172e-14
2.270152663387970484e-14
1.696677439343477078e-14
1.265213877295476683e-14
9.425697705257805782e-15
7.021620824788593704e-15
5.232584173999877763e-15
3.902886862225651506e-15
2.916804916081346358e-15
2.185095272618972068e-15
1.638848969517432864e-15
1.229594021228642571e-15
9.227425282911361972e-16
6.927756602276823958e-16
5.204505547397603144e-16
3.913999290943688197e-16
2.948019437047918834e-16
2.225174458763096681e-16
1.684503570616656816e-16
1.280274715391320107e-16
9.782363521583712985e-17
7.529088031711377721e-17
5.851908429392765989e-17
4.608853571804828146e-17
3.693234606906152532e-17
3.026262667339739363e-17
2.549889502889740486e-17
2.214200359035688493e-17
1.986676615258985883e-17
