# bin_3_3
2.249705736841373883e-05
2.158764452377991282e-05
2.041635050993072386e-05
1.895299596705727461e-05
1.721050815853154955e-05
1.526678277999037929e-05
1.324628048843334044e-05
1.128210103883418484e-05
9.482973936742477731e-06
7.915042955216574142e-06
6.600408120759600688e-06
5.526999379432970371e-06
4.662165865568190726e-06
3.964946467931305142e-06
3.394803056636544154e-06
2.916678116707347669e-06
2.503357820108840687e-06
2.135926095601215157e-06
1.803676818458185916e-06
1.496640152361003280e-06
1.209038797934613622e-06
9.579077870846284898e-07
7.469055033212374058e-07
5.684374196967293143e-07
4.189149147129760819e-07
2.979231726367271889e-07
