# bin_4_3
2.732116944537326482e-05
2.607656904459558896e-05
2.448826381529574023e-05
2.254250329462156722e-05
2.028642182719879350e-05
1.784163956952280087e-05
1.537065026997369146e-05
1.302837321885515314e-05
1.092798262565104243e-05
9.127624286972979838e-06
7.635392962240030793e-06
6.424251380444609156e-06
5.448460374206450780e-06
4.656992426506023305e-06
4.002312066247595493e-06
3.445006633149313139e-06
2.955884485346000134e-06
2.515767795698250634e-06
2.115055641180897232e-06
1.739247619611455779e-06
1.392245968427359755e-06
1.096381442368691013e-06
8.482062297055851440e-07
6.382527574079420091e-07
4.640152484090748423e-07
3.253413774608431964e-07
