# bin_3_1
3.713701972204182448e-06
3.604402739599280514e-06
3.470561055079191372e-06
3.307397513571401294e-06
3.111147621410805906e-06
2.881478250573677147e-06
2.621632775438774937e-06
2.338859257461013430e-06
2.044854334635987325e-06
1.754342061841096394e-06
1.481849476416279056e-06
1.238394679576751874e-06
1.029680149937782526e-06
8.562456628962712847e-07
7.148867819685759687e-07
6.003998023688043120e-07
5.071164415628518163e-07
4.298488944032555638e-07
3.645182320261532837e-07
3.073664003375925475e-07
2.567601346376615837e-07
2.126879350457682416e-07
1.732248134447504788e-07
1.374531426253692348e-07
1.070389135110513583e-07
8.172071248360984333e-08
