# bin_1_1
1.211589357936850636e-06
1.179030901043956804e-06
1.143350353104343382e-06
1.103385447309350763e-06
1.057090236108914203e-06
1.002300658129236237e-06
9.371104223127842805e-07
8.606908781759552344e-07
7.742406695395367681e-07
6.812561778610086759e-07
5.868420520690043976e-07
4.963944427227599590e-07
4.142852074874694366e-07
3.430601582831249913e-07
2.834676977773172060e-07
2.348327786014706690e-07
1.956152154536798801e-07
1.639277671736331109e-07
1.380350845849197848e-07
1.166044263729786101e-07
9.844753831864402821e-08
8.267773185151725666e-08
6.865847254843524827e-08
5.601941524871869499e-08
4.487506952047705175e-08
3.528742657023113684e-08
