# bin_3_2
9.588573157808058330e-06
9.336696973811191421e-06
9.014330271759956733e-06
8.594873115516810864e-06
8.052812401144647595e-06
7.381846284136620448e-06
6.603628758363428910e-06
5.764513530128470533e-06
4.923007868533235488e-06
4.133418903629318965e-06
3.433670686490723047e-06
2.841324066385504666e-06
2.356386743610283304e-06
1.967310014987592456e-06
1.657045894295321226e-06
1.407613120073568654e-06
1.202895201938081591e-06
1.029854386561003264e-06
8.789980246851878225e-07
7.447355380978147269e-07
6.220305969719579821e-07
5.068561862958919637e-07
4.043047325898976733e-07
3.171887312832025534e-07
2.437132982470067211e-07
1.817192453807535681e-07
