# bin_4_4
3.899388024011399772e-05
3.664064451819148391e-05
3.379890350278425709e-05
3.054755289524146229e-05
2.703457762451177862e-05
2.346533345115441743e-05
2.004898160356932059e-05
1.694770911058053581e-05
1.425446393570353349e-05
1.199410088040796228e-05
1.013921415382822653e-05
8.631321942247494587e-06
7.399955334823910065e-06
6.376582071803662256e-06
5.502865315626069937e-06
4.734500289135795303e-06
4.042218645755527769e-06
3.409285032593189067e-06
2.818412462527942170e-06
2.271557038092136216e-06
1.795855685878512827e-06
1.394700700317780676e-06
1.056479731625379061e-06
7.749909491240760146e-07
5.489215943836548183e-07
3.755843220333750967e-07
