# bin_2_1
2.352170830264840486e-06
2.303455229412066030e-06
2.246183117168032535e-06
2.175388750748889375e-06
2.084630307935636248e-06
1.968481193086390738e-06
1.824291526843102518e-06
1.653882376987582580e-06
1.464392589376675572e-06
1.267102292886156301e-06
1.074575629610866031e-06
8.975494529456798974e-07
7.428973257620482781e-07
6.132077401374519844e-07
5.075873050317546553e-07
4.229644825883182508e-07
3.553579199218389751e-07
3.007561300798658813e-07
2.556957051269033537e-07
2.176104981436983266e-07
1.843056180810745792e-07
1.545539367109628762e-07
1.275965693674785201e-07
1.030702437274227007e-07
8.174614884291463710e-08
6.356393342283492422e-08
