# bin_4_2
1.017027246359430162e-05
9.892374571743648887e-06
9.538494711104813768e-06
9.080055841396034391e-06
8.489756785546231913e-06
7.762154501236529717e-06
6.923104613068436396e-06
6.024948012404246265e-06
5.131489716936338472e-06
4.299907362565253389e-06
3.568342336620835809e-06
2.952788177195623229e-06
2.451006040340664168e-06
2.049312483639698425e-06
1.728991172598581709e-06
1.470914247073170393e-06
1.258313940579605000e-06
1.077664433636505148e-06
9.190872940569956666e-07
7.784705770378026939e-07
6.490890827015427063e-07
5.267648164431144204e-07
4.189006295596688450e-07
3.278808777333695962e-07
2.511522620763007498e-07
1.864333883474046511e-07
