# bin_4_1
4.582634063815578772e-06
4.380282579418719544e-06
4.145918372747233541e-06
3.882690206732633896e-06
3.593883218445276239e-06
3.283828800105376489e-06
2.957486316705741471e-06
2.621463927018375454e-06
2.285587280287839372e-06
1.962296821371063162e-06
1.663818271295783436e-06
1.399050442293487903e-06
1.171913671076259110e-06
9.816264018637798510e-07
8.241534311359029787e-07
6.939802893420717285e-07
5.855061140751892009e-07
4.935964395112618070e-07
4.136898156851526272e-07
3.443063663974460605e-07
2.846184253155736333e-07
2.327488932888319592e-07
1.866275873488142882e-07
1.457206284572431937e-07
1.118299594001222968e-07
8.430263232601294842e-08
