# bin_2_2
6.071572197581918696e-06
5.927198381758954789e-06
5.747310579279300175e-06
5.517089878270890453e-06
5.219597839485212940e-06
4.844927287900398107e-06
4.396665294561174863e-06
3.894048737356960419e-06
3.368614322877902528e-06
2.855662974264206283e-06
2.384979224082607791e-06
1.975153905175717970e-06
1.632713277661607313e-06
1.354680654016125014e-06
1.132372583016722463e-06
9.548345950117370972e-07
8.112779114609068258e-07
6.924280904790944019e-07
5.910804184956775964e-07
5.021704630230954533e-07
4.225402119898695904e-07
3.493485197428403402e-07
2.821562403663244906e-07
2.234425949122978490e-07
1.739237371736550040e-07
1.320863939614548216e-07
