# bin_4_4
1.538901338447489259e-08
1.567634976825489247e-08
1.600589679043462374e-08
1.638253843719079832e-08
1.681124074483748368e-08
1.729753140329291995e-08
1.784751789765963366e-08
1.846797041263431449e-08
1.916524092119829876e-08
1.994403728347179987e-08
2.080647138654020893e-08
2.175404605199788245e-08
2.279014513828549798e-08
2.391754461188003074e-08
2.513628167344416022e-08
2.644758547027095165e-08
2.785199196201635360e-08
2.934406251050229830e-08
3.090775286353123158e-08
3.251901331810854615e-08
3.413383560609859123e-08
3.570077892288624842e-08
3.719492939128701928e-08
3.861440504700861227e-08
3.994768810136416272e-08
4.109575072605780839e-08
4.195971949128321184e-08
4.253862933890735057e-08
4.280255335391692379e-08
4.268892301617383397e-08
4.213297527196117579e-08
4.114373563355469019e-08
3.971565874606422434e-08
3.783660523362695305e-08
3.557140466436481733e-08
3.296029039141790711e-08
3.009879402052735799e-08
2.708111732905366231e-08
2.402320790105192679e-08
2.103122095903011400e-08
1.820159470532502943e-08
1.560190433246892746e-08
1.326574963592477071e-08
1.119447411704122072e-08
9.368513236591339970e-09
7.764310443999555509e-09
6.368648923393578021e-09
5.179737020786432976e-09
4.194790378992371782e-09
3.395376485551986174e-09
2.748704554913401587e-09
2.224030010275841640e-09
1.801084399767106580e-09
1.462867256955650812e-09
1.192053230768666011e-09
9.745953383012901568e-10
7.993544871298522050e-10
6.571966723415917893e-10
5.410079910765672091e-10
4.452698787193581866e-10
3.657847393097715184e-10
2.993935645854073537e-10
2.437379114204357614e-10
1.970519044905257494e-10
1.579926545318702926e-10
1.255043967366279206e-10
9.871651039450635551e-11
7.687186151191900744e-11
5.928323559023794522e-11
4.531217643340053777e-11
3.436440492643508776e-11
2.589505014323145216e-11
1.941733942687298955e-11
1.450985539397873169e-11
1.081955372900614517e-11
8.059668426417954811e-12
6.003326387022726442e-12
4.474704239719597335e-12
3.339485191733560044e-12
2.496107083083992386e-12
1.868371298423309730e-12
1.399832965994862925e-12
1.049228094699843736e-12
7.865615822006606811e-13
5.897146947924871855e-13
4.421678825033391889e-13
3.316893974523817899e-13
2.489284544903764553e-13
1.869888808451751166e-13
1.406708546456528944e-13
1.060545155547667736e-13
8.021842090649336166e-14
6.098526185625391270e-14
4.669846683150228688e-14
3.613876753658392519e-14
2.837707178777932175e-14
2.273007826756162924e-14
1.867290578806906090e-14
1.581607749146368416e-14
1.386336304278383724e-14
