# bin_3_1
1.103603594530861313e-08
1.120813739152711881e-08
1.140372575164396870e-08
1.162485205712192402e-08
1.187335865992436329e-08
1.215121259711646892e-08
1.246042405206834105e-08
1.280327805925219782e-08
1.318144411304505184e-08
1.359501993214604685e-08
1.404215757216254497e-08
1.452049052875927443e-08
1.502933280525320105e-08
1.556744196290792264e-08
1.613126083268346878e-08
1.671547844480272059e-08
1.730891159841752536e-08
1.789542871334454924e-08
1.845219251953532158e-08
1.894186138773134381e-08
1.934354027891315621e-08
1.965374945010975251e-08
1.988181644803907324e-08
2.000484651897131638e-08
1.995078229549130933e-08
1.970800179064714237e-08
1.930298960819492881e-08
1.872764944721473293e-08
1.796058677258265701e-08
1.701417331257358868e-08
1.593428951246148941e-08
1.472501463005109697e-08
1.343164572712656795e-08
1.209875140773149656e-08
1.075980168466811111e-08
9.460460074476076048e-09
8.228062562177789585e-09
7.087235585439558092e-09
6.050464450244442193e-09
5.121419096249349281e-09
4.299753885666168255e-09
3.582006171744432321e-09
2.963624213543834566e-09
2.438578791424992165e-09
1.998359774218447130e-09
1.632944808027796146e-09
1.332583856704375741e-09
1.088033441433397332e-09
8.899567571572662705e-10
7.297194017291424407e-10
5.999051581191907382e-10
4.945214201821807212e-10
4.086964674189038083e-10
3.383284840721878842e-10
2.802110107656878079e-10
2.318585244751787518e-10
1.913549848814078836e-10
1.572574705833986809e-10
1.284827654958762611e-10
1.042132505862188774e-10
8.381907817731686472e-11
6.679575968707367073e-11
5.271622781407970634e-11
4.120033201577074277e-11
3.189686784122498447e-11
2.447692156604367927e-11
1.863421533566660453e-11
1.408873611342239542e-11
1.059118574547032039e-11
7.925807918269887026e-12
5.911052816006039306e-12
4.398094359271951477e-12
3.267721685658242683e-12
2.426302537026026440e-12
1.801477773003006511e-12
1.338068812469033732e-12
9.944681563326757009e-13
7.395972378443545414e-13
5.504647499192349561e-13
4.099205810393912701e-13
3.053670971769597791e-13
2.275307136928117585e-13
1.696428739026036200e-13
1.265377135700149216e-13
9.447743392424409676e-14
7.064278536691667513e-14
5.295190736116153921e-14
3.982577549016946712e-14
3.011327070471883203e-14
2.295095683508057256e-14
1.769064788111092285e-14
1.384581491865395713e-14
1.107270169514710908e-14
9.089920164177099716e-15
7.698156042716785251e-15
6.747235039628481685e-15
6.116342722935001775e-15
5.716912502214539623e-15
5.476115090498124270e-15
5.340063738389114831e-15
