# bin_4_3
1.500079462575337882e-08
1.526850548762696504e-08
1.557499239948958959e-08
1.592459760785317607e-08
1.632174623605116219e-08
1.677130531392672858e-08
1.727850288066835640e-08
1.784918632374917401e-08
1.848892055304145177e-08
1.920199429045822215e-08
1.999103281643416369e-08
2.085833605599336292e-08
2.180800705857923498e-08
2.284354133747400844e-08
2.396585597036578613e-08
2.517351555427830838e-08
2.645817157291214395e-08
2.780513199141964779e-08
2.919103658812335885e-08
3.057526191229271447e-08
3.193124275763812322e-08
3.324660958053256351e-08
3.451782927853435073e-08
3.570296204852723879e-08
3.670321493215528164e-08
3.747736634787573285e-08
3.801769076866656125e-08
3.827561460758380790e-08
3.818392076688350743e-08
3.771030640720737349e-08
3.685871382275023704e-08
3.559419610960191811e-08
3.393690991945488184e-08
3.192199972402216654e-08
2.959343355442681000e-08
2.703320729329426797e-08
2.432772389773892251e-08
2.158053495560175277e-08
1.889204894979203976e-08
1.634887423071068095e-08
1.401426366298800066e-08
1.191884592986105590e-08
1.006253161240040031e-08
8.425574224917504444e-09
6.985423886403001607e-09
5.730803293961175711e-09
4.662747232978559222e-09
3.780459970427944850e-09
3.065673990854989610e-09
2.486518071270297644e-09
2.015864361887698215e-09
1.636816144340345827e-09
1.333577632125902202e-09
1.090288338895749465e-09
8.946266503640268934e-10
7.365480990169295696e-10
6.079092879480881871e-10
5.023599473140177803e-10
4.149933591379544556e-10
3.420857555090876005e-10
2.808519220621625481e-10
2.292283618551829481e-10
1.856852966244255446e-10
1.490708951920936091e-10
1.184846888389302537e-10
9.318124101645790279e-11
7.250250485167001149e-11
5.583696025169375504e-11
4.260207803637559481e-11
3.224375762816487397e-11
2.424587884827134219e-11
1.814295687620232629e-11
1.353047546995306870e-11
1.006975411978570377e-11
7.486653888301466155e-12
5.565361522938185376e-12
4.139418199037575273e-12
3.082175163272257248e-12
2.298183753609815337e-12
1.715809874788621088e-12
1.282065370644460052e-12
9.582697149424084306e-13
7.163612078489892769e-13
5.355344442320326171e-13
4.004154406751522854e-13
2.994734840468497439e-13
2.241050960961956584e-13
1.678425788024896424e-13
1.258780726143158839e-13
9.461094608284428564e-14
7.134417009375451150e-14
5.405758617707960022e-14
4.126857253987358535e-14
3.183690786575502869e-14
2.492718413222052803e-14
1.991746407230416417e-14
1.633174596781279589e-14
1.382208125718772718e-14
1.211593538531281200e-14
1.101055053216214203e-14
