# bin_4_1
1.100275730582299554e-08
1.118310425994087058e-08
1.138848439527268400e-08
1.162118167789158840e-08
1.188322870018598962e-08
1.217685009021844597e-08
1.250445942729220379e-08
1.286873744766573351e-08
1.327154396890762400e-08
1.371269840641130810e-08
1.418909656261351573e-08
1.469670987176883129e-08
1.523318278990681845e-08
1.579546658266134476e-08
1.637791654310078944e-08
1.697646282317253303e-08
1.758709586523991493e-08
1.820120468347292745e-08
1.880166225756789949e-08
1.936587894459184332e-08
1.985498507226763341e-08
2.022660273950497855e-08
2.046836445224235719e-08
2.059559641453042172e-08
2.062032555349336808e-08
2.047782472186221998e-08
2.010999785261323186e-08
1.955799817116560046e-08
1.884140956406877434e-08
1.795244596215744066e-08
1.688276688174266127e-08
1.568903791146539453e-08
1.440726511485967241e-08
1.305328487978119052e-08
1.169461680538288456e-08
1.035220414888751855e-08
9.070372516463121734e-09
7.867613303283396356e-09
6.763429973921206010e-09
5.761921050494306814e-09
4.866538036827767298e-09
4.076443285566090658e-09
3.389607337098546937e-09
2.802091667768731566e-09
2.306480035272354109e-09
1.892294242064570590e-09
1.548716278962244615e-09
1.265622183853471560e-09
1.033884179760448453e-09
8.456953222753433120e-10
6.934674733664561259e-10
5.699307766147446034e-10
4.692693729311046360e-10
3.870205355931936839e-10
3.194692529374953747e-10
2.636101272611778424e-10
2.171435630247812013e-10
1.782897854484802781e-10
1.456994549687638252e-10
1.183443172911546051e-10
9.543258927132374740e-11
7.633550986275925696e-11
6.053479952217610943e-11
4.758221394261983533e-11
3.707644589887961260e-11
2.865086289931946281e-11
2.197009747355637759e-11
1.673070369868330204e-11
1.266369741415263211e-11
9.536076791735634123e-12
7.150714293547533597e-12
5.344489805484522365e-12
3.985080583703944329e-12
2.966980007137999945e-12
2.207324527025009343e-12
1.641918067909553429e-12
1.221658931715663967e-12
9.094335149166416844e-13
6.774358750290129470e-13
5.050176243329688495e-13
3.767729527223286468e-13
2.812584880902691385e-13
2.100506172890954916e-13
1.569810807151862555e-13
1.174237016780063614e-13
8.790476376075033639e-14
6.596821538116228690e-14
4.962402250314893003e-14
3.749112851380708073e-14
2.851163604545051008e-14
2.187866316264438308e-14
1.700330627352135800e-14
1.345308414186941154e-14
1.088588013512033528e-14
9.059046850461235264e-15
7.779396730516318093e-15
6.906894840337004159e-15
6.327683957158095833e-15
5.956688628819884217e-15
5.727500671127268783e-15
