# bin_2_1
1.021436134526337014e-08
1.036821129721340234e-08
1.054268509114461072e-08
1.073942187566607674e-08
1.095978783365351439e-08
1.120522868819397225e-08
1.147721763530534970e-08
1.177739975908784731e-08
1.210676585611297668e-08
1.246467778552051371e-08
1.284841997636182856e-08
1.325476740432643804e-08
1.368221819610669058e-08
1.412882085345914719e-08
1.459039027257795746e-08
1.506205281531121217e-08
1.553314548222319306e-08
1.598822716439102632e-08
1.640649024007338571e-08
1.675151951495362296e-08
1.700131207727836408e-08
1.715246518882088536e-08
1.721826216202690741e-08
1.718869636930647912e-08
1.699735906806058149e-08
1.662690778354156186e-08
1.611390956446398558e-08
1.546019290130072604e-08
1.465324705233961163e-08
1.370305189832875140e-08
1.266241029161552485e-08
1.154218798532455904e-08
1.037888338534162241e-08
9.219931676024501387e-09
8.088153518940872978e-09
7.021792288389416556e-09
6.035641371702358956e-09
5.144458432547108798e-09
4.350099253417361323e-09
3.649572680806318072e-09
3.038278225656595115e-09
2.510772662960409790e-09
2.062299575871350063e-09
1.687261578844640680e-09
1.378076112285397361e-09
1.125489735578292892e-09
9.203154596175124320e-10
7.541695574306131287e-10
6.196287477318152092e-10
5.106818189444147400e-10
4.222714436545031107e-10
3.501192048951226507e-10
2.908025229605099412e-10
2.416471578923896068e-10
2.005741948745848498e-10
1.660038244355412556e-10
1.367508065968748986e-10
1.119346004536732954e-10
9.089961327561767261e-11
7.314518113956504488e-11
5.827126726192178822e-11
4.593826278906859231e-11
3.583786380988008788e-11
2.767868415699745334e-11
2.118065854665490292e-11
1.607716196506135876e-11
1.212052671503456780e-11
9.087906767032042550e-12
6.785801314120569579e-12
5.051709774710789264e-12
3.753233166490841070e-12
2.785214539398067493e-12
2.065804829428573842e-12
1.532245531223362507e-12
1.136941377134404453e-12
8.441090050491027378e-13
6.270583946745558231e-13
4.660259457265833798e-13
3.465097591759547347e-13
2.577148631118288044e-13
1.917067179742380957e-13
1.426350457088040576e-13
1.062236883757894353e-13
7.917384407004316880e-14
5.909689135230514769e-14
4.422375690657258903e-14
3.321543985769792089e-14
2.507806356450986775e-14
1.908886800754678859e-14
1.470406641568103681e-14
1.151407803367767495e-14
9.210579498553321360e-15
7.574580863230950187e-15
6.432435707601841587e-15
5.656866086623709119e-15
5.150259972279892621e-15
4.835542272559245490e-15
4.653008407292242575e-15
4.556635756786703488e-15
4.510842596004279171e-15
