# bin_3_2
1.293785998796457154e-08
1.315423784318653852e-08
1.340108253404266462e-08
1.368145541375916991e-08
1.399832507352482561e-08
1.435490768312741854e-08
1.475457557709770395e-08
1.520109545664814960e-08
1.569771971355265388e-08
1.624619621212985429e-08
1.684637694598672579e-08
1.749758315963023609e-08
1.820075816100226662e-08
1.895612399365835461e-08
1.976130096256837401e-08
2.061167796276287601e-08
2.149604968456571339e-08
2.239737671832491720e-08
2.329075125535010248e-08
2.413519683865018345e-08
2.490505068710231033e-08
2.559059572793187013e-08
2.619321458462180973e-08
2.667917913789267673e-08
2.696204906570565852e-08
2.701587977286598435e-08
2.685208582821109940e-08
2.644592842139478935e-08
2.575864721804375320e-08
2.478883641785577410e-08
2.357294517989477414e-08
2.210925671802867980e-08
2.044682135632198543e-08
1.864256425759573269e-08
1.675083567547955206e-08
1.484712974253596192e-08
1.299220023008078438e-08
1.124357760048419412e-08
9.639476643105777217e-09
8.197406681789606726e-09
6.918273378599812453e-09
5.791431564587985855e-09
4.804608974640996687e-09
3.950269568681171558e-09
3.225072367653074280e-09
2.623965818387804698e-09
2.134374175310793707e-09
1.737511814758487094e-09
1.415531354377342182e-09
1.155440666062279672e-09
9.464011234626956946e-10
7.781102862725334572e-10
6.420672569770424282e-10
5.315087724465146251e-10
4.409392667484468808e-10
3.660876065429948552e-10
3.036559122375789190e-10
2.511575226391410490e-10
2.067446860646856068e-10
1.690580587801928367e-10
1.370971420656276971e-10
1.101102093568285064e-10
8.750341650186136272e-11
6.877368848754235493e-11
5.346218935954599470e-11
4.112908977571894260e-11
3.134573046121270081e-11
2.369899924524243381e-11
1.780241310802518962e-11
1.330775263540010268e-11
9.913523074394450586e-12
7.368395236566660029e-12
5.469688640488947585e-12
4.058238264190023382e-12
3.011446500287379484e-12
2.236088108642119427e-12
1.661892936810222629e-12
1.236305561909445623e-12
9.204231405354757987e-13
6.855054768555792576e-13
5.105999663252563974e-13
3.803314257713861803e-13
2.833899650138343404e-13
2.112034781909012251e-13
1.574946519810249684e-13
1.175475800309931665e-13
8.786907038153430500e-14
6.582600027203500661e-14
4.948472693659993881e-14
3.739928506403649046e-14
2.848762790905774015e-14
2.193990889657649807e-14
1.717677829737249536e-14
1.373700769842757220e-14
1.129078182581398346e-14
9.592230276799308126e-15
8.446889989508931998e-15
7.712906387404945804e-15
7.272459941968789207e-15
7.035138316054524482e-15
