# bin_1_1
8.590603241331621043e-09
8.725608455271115751e-09
8.879050182867692326e-09
9.052325521145477856e-09
9.246515417863734003e-09
9.462928125318327986e-09
9.703151616908140440e-09
9.969304449748207945e-09
1.026246216449973706e-08
1.058107694037710962e-08
1.091991129478848688e-08
1.127216291977926547e-08
1.163270580176104059e-08
1.199467499555605471e-08
1.234711138848165928e-08
1.268112429423087790e-08
1.298929751514875603e-08
1.326611046293660759e-08
1.350885748539060201e-08
1.371162157149091656e-08
1.385766296239897748e-08
1.392531549720995315e-08
1.386967492204111917e-08
1.365944196901559636e-08
1.331059709625671473e-08
1.287559149332626324e-08
1.237521609984015499e-08
1.173503500998764848e-08
1.095123562595605801e-08
1.011015169147960584e-08
9.233212165119458357e-09
8.324025847133919855e-09
7.391483620840442587e-09
6.507539726837568045e-09
5.664109964396382676e-09
4.878587549231035789e-09
4.173716217134627386e-09
3.536986361720623895e-09
2.978624442413436053e-09
2.487088983350347364e-09
2.063199367635591027e-09
1.701434566829146509e-09
1.397217840571622908e-09
1.145412978865275204e-09
9.386697754801022002e-10
7.696514274329748212e-10
6.319580344993058088e-10
5.200810291269321267e-10
4.290467810380886725e-10
3.548394672983948290e-10
2.941649635456578054e-10
2.442392888460217487e-10
2.028465327764417326e-10
1.682653387121925696e-10
1.391914506098213643e-10
1.146322969963193925e-10
9.383901095016187715e-11
7.624688153677581147e-11
6.142101286740516070e-11
4.901220458183038345e-11
3.872510073561643651e-11
3.029578759664861265e-11
2.347657218002578668e-11
1.803251828275201217e-11
1.374312407369052830e-11
1.040417892644467133e-11
7.833277343947153129e-12
5.871851384531202192e-12
4.386733591275476761e-12
3.269046110709395370e-12
2.431860545719940131e-12
1.807058710090841959e-12
1.342015131614947186e-12
9.965087589724655125e-13
7.400618841073440198e-13
5.497620301605891315e-13
4.085120636794426478e-13
3.036292927536655323e-13
2.257252289391235235e-13
1.678472042288987683e-13
1.248480955780297772e-13
9.302583969565272977e-14
6.937443373656148667e-14
5.179264175787079844e-14
3.872104819317341730e-14
2.911170121443618443e-14
2.197597962471257247e-14
1.671700995013387350e-14
1.286249254793908434e-14
1.005451245708574953e-14
8.015204983564907052e-15
6.560101819860111207e-15
5.541823300986640944e-15
4.844087928409158416e-15
4.376861227317404008e-15
4.078714318515832732e-15
3.896626579689354660e-15
3.791891560623771139e-15
3.734877988743736667e-15
3.704900614052364863e-15
