# bin_4_2
1.314114927593803360e-08
1.336357911924582562e-08
1.361747161284753127e-08
1.390604547405546870e-08
1.423242925781450760e-08
1.460002891153269205e-08
1.501246731187212042e-08
1.547372579785431209e-08
1.598730704601056971e-08
1.655521305023648524e-08
1.717745769102940911e-08
1.785356225048117346e-08
1.858471321740541721e-08
1.937143274684696620e-08
2.021161439063149343e-08
2.110180839118103153e-08
2.203171821339287917e-08
2.298494651822589066e-08
2.393804192950284987e-08
2.484953317428075207e-08
2.569056599113413478e-08
2.644866350565567644e-08
2.712544801485808640e-08
2.769512033346525379e-08
2.806956132747905576e-08
2.820900836919556308e-08
2.812693838738601303e-08
2.779899642610182831e-08
2.718512932858607299e-08
2.627151957975089421e-08
2.509409362250636649e-08
2.365151220429732138e-08
2.198107770367801232e-08
2.014494266729157723e-08
1.819285843834474548e-08
1.620500451505839785e-08
1.424489888905842415e-08
1.237820520860836702e-08
1.065003627148205608e-08
9.085755923154252143e-09
7.691679703558326643e-09
6.459307307709008637e-09
5.376202551601262528e-09
4.433530566878865515e-09
3.627722760309727287e-09
2.954915837058619821e-09
2.404096269726135937e-09
1.956414419938890907e-09
1.592376363637036591e-09
1.297700854238922244e-09
1.060839682167110066e-09
8.703310373358690156e-10
7.164935441711485312e-10
5.918364035456647028e-10
4.900989319753889696e-10
4.063755804157182327e-10
3.368609033975874875e-10
2.786553791948802872e-10
2.295893403026300622e-10
1.880566319639377580e-10
1.528732301981040711e-10
1.231554648000315463e-10
9.821759672842895361e-11
7.749432392602086646e-11
6.048452061368698236e-11
4.671777939532788249e-11
3.574013782340203768e-11
2.711426325053208825e-11
2.042854374789424560e-11
1.530853244976673285e-11
1.142636925552134727e-11
8.505586158429141400e-12
6.320809423106432596e-12
4.693367756760259710e-12
3.484564723103965265e-12
2.588289010747036974e-12
1.924167100199353568e-12
1.431832359026395896e-12
1.066400153845066345e-12
7.946458696076993462e-13
5.922766052140728438e-13
4.414916137263918821e-13
3.291913151185459835e-13
2.455128218515931153e-13
1.831838465402395994e-13
1.367917035502563241e-13
1.022761820342076470e-13
7.661060195926315356e-14
5.755787779901675746e-14
4.344425964880836930e-14
3.301670087082530322e-14
2.533699874304622105e-14
1.972124811003796105e-14
1.564685381173791889e-14
1.272907854934076789e-14
1.067956551688480024e-14
9.277974252863083478e-15
8.356802232990136263e-15
7.786802783231301008e-15
7.462364215541382682e-15
