# bin_3_3
1.458703586279691507e-08
1.484391643776802478e-08
1.513778726541618705e-08
1.547270378641510744e-08
1.585276099646701200e-08
1.628244689949647696e-08
1.676655605225142891e-08
1.731044163866700703e-08
1.791910782601907979e-08
1.859621121595403866e-08
1.934366869380152834e-08
2.016299418474492480e-08
2.105742733313620363e-08
2.202952800741917928e-08
2.307921599578475751e-08
2.420401486031447420e-08
2.539451894010909513e-08
2.663500196877802204e-08
2.790114696191870898e-08
2.915152048311352098e-08
3.035898985743708657e-08
3.151097515210846146e-08
3.260422656929908710e-08
3.359773726750569008e-08
3.439447914975505512e-08
3.495602149521907213e-08
3.527864586455502528e-08
3.531913838393096899e-08
3.501712150135983779e-08
3.434860550688344340e-08
3.332719190213796199e-08
3.192856329710001296e-08
3.018382111841737656e-08
2.813839517843842277e-08
2.584456847727415623e-08
2.338901935060793531e-08
2.085756608138523955e-08
1.834654197548423775e-08
1.594210775973706246e-08
1.371077939462018635e-08
1.169310636886983856e-08
9.899420563272777045e-09
8.317068738504944533e-09
6.924419645201410549e-09
5.705524334279386655e-09
4.656893137046535040e-09
3.780272515841446532e-09
3.066668167237704827e-09
2.490265046016950400e-09
2.021889113319177083e-09
1.642538739595427584e-09
1.338574147950108654e-09
1.094982259796084484e-09
8.989849298757618886e-10
7.407562161087745312e-10
6.121360893150601994e-10
5.067168878394204578e-10
4.195284495393153236e-10
3.467841948010377707e-10
2.856437085069886167e-10
2.340042911828490968e-10
1.903178006926075987e-10
1.534329401461872657e-10
1.224672881804372785e-10
9.670582538100255191e-11
7.552736068642163778e-11
5.835748008249925770e-11
4.464525011640241345e-11
3.385927742416872107e-11
2.549599517907545269e-11
1.909318763622009068e-11
1.424258553866752590e-11
1.059756782015586716e-11
7.874458925180393771e-12
5.848180180938115479e-12
4.344295744911378285e-12
3.229730853946958429e-12
2.403968246012163180e-12
1.791687483688667964e-12
1.336673233251253274e-12
9.976732638079924643e-13
7.447095145587749820e-13
5.559499148166168656e-13
4.150536934475431511e-13
3.099381497985831692e-13
2.315371701205709477e-13
1.731001059619852177e-13
1.295530089915999774e-13
9.713615210677688169e-14
7.303689595495277401e-14
5.515046245301445916e-14
4.190171565630558177e-14
3.214196033868514528e-14
2.498189787048861287e-14
1.977409314390718590e-14
1.603714499720064188e-14
1.340023095387133750e-14
1.159315069986255846e-14
1.040126228848803774e-14
9.663850026222338626e-15
