# bin_2_2
1.177040202742768745e-08
1.195968460696053917e-08
1.217512693171407880e-08
1.241915232346681203e-08
1.269399349711340994e-08
1.300205043241075032e-08
1.334582832360012865e-08
1.372807571463356773e-08
1.415094684850310507e-08
1.461499321363003066e-08
1.511868766362031803e-08
1.565994649281206890e-08
1.623831711836772389e-08
1.685271165135459792e-08
1.749951931302366278e-08
1.817400328503660766e-08
1.886496604273036664e-08
1.955563330908796583e-08
2.022288523394813585e-08
2.082661132949615089e-08
2.134025315934690101e-08
2.175483063705196158e-08
2.207692283341803219e-08
2.228779822862637444e-08
2.230925682753261463e-08
2.211274123274637425e-08
2.172433291681586560e-08
2.113450337365174731e-08
2.031961670954729337e-08
1.928193689978285015e-08
1.807165979248786203e-08
1.669990457464104126e-08
1.521082038843336013e-08
1.366619562025152303e-08
1.210741232410186382e-08
1.059611933834789570e-08
9.169506838884819598e-09
7.861475585253174040e-09
6.685661862746684515e-09
5.642484650539767582e-09
4.724563496548690584e-09
3.921831354299944876e-09
3.227662356592533036e-09
2.638469402138841431e-09
2.149487039958228036e-09
1.750572003464193839e-09
1.427184951607124201e-09
1.165007495499997593e-09
9.528858798643488464e-10
7.820319641220430121e-10
6.443223908166095555e-10
5.327912025833248069e-10
4.419269248920607832e-10
3.673146255618676755e-10
3.054834943476357084e-10
2.537727209723630751e-10
2.101729072238037580e-10
1.731943669218328982e-10
1.417450607537728761e-10
1.150222215003461624e-10
9.242212781071787901e-11
7.346744984655163170e-11
5.774999863563706700e-11
4.489414677620477550e-11
3.453612307646244545e-11
2.631870806870071666e-11
1.989608404207796535e-11
1.494372653883075448e-11
1.116898898450600874e-11
8.318476936807446427e-12
6.181027461670486194e-12
4.586415833503459685e-12
3.401013364119857724e-12
2.521921380765512895e-12
1.870908846257284291e-12
1.389000024394717102e-12
1.032059229332000912e-12
7.673269836420844527e-13
5.707551776719739457e-13
4.246110889033659475e-13
3.159023515233107951e-13
2.350412881340572769e-13
1.749717316877325301e-13
1.303172401628808303e-13
9.714386792734886503e-14
7.253115545865894735e-14
5.428205901266063548e-14
4.076330146758319059e-14
3.077831126256795717e-14
2.343085164676307080e-14
1.804889118505659554e-14
1.412845080966681681e-14
1.130790514358465304e-14
9.305952177117257787e-15
7.916536340156575991e-15
6.983552225701530891e-15
6.385066963727247862e-15
6.026472318701901636e-15
5.833002783094803305e-15
5.742967297178000792e-15
