# bin_2_1
8.108767730828628106e-09
8.229076097681578053e-09
8.365371172274664456e-09
8.518859201447694947e-09
8.690503130636409407e-09
8.881312598106585866e-09
9.092298968814737332e-09
9.324592386858048795e-09
9.578760448451621969e-09
9.854003274078179068e-09
1.014778728839665378e-08
1.045714180833318240e-08
1.078052087706823916e-08
1.111607028675578885e-08
1.146016109371199280e-08
1.180864275773532441e-08
1.215266211269792337e-08
1.247957004800619794e-08
1.277198557828037838e-08
1.299918556418612258e-08
1.314240051389092652e-08
1.319919215488472202e-08
1.318248808582316350e-08
1.308525355249596287e-08
1.285281460331717935e-08
1.247306728395537142e-08
1.198076301806141135e-08
1.138188127910177399e-08
1.067032518395836067e-08
9.859442078776991735e-09
8.997330040336200697e-09
8.095456002754773292e-09
7.185041033741259818e-09
6.303494039011485998e-09
5.465631481203670474e-09
4.696714057405643443e-09
4.001311876722570009e-09
3.383624860351996870e-09
2.838711966417215552e-09
2.361533418585954333e-09
1.949446003161350806e-09
1.599068394586202615e-09
1.306681659215897125e-09
1.067296675832892709e-09
8.729870601582067036e-10
7.139751343377953800e-10
5.853101647615224119e-10
4.823253810364105964e-10
3.983148598843610097e-10
3.301235699941842731e-10
2.745483013825125809e-10
2.287656705643388000e-10
1.906971685788326018e-10
1.587851683780136600e-10
1.317953286309878381e-10
1.088438498302028861e-10
8.927044920508000684e-11
7.259445292306885234e-11
5.845585287730343508e-11
4.656858409656221215e-11
3.668743761390686304e-11
2.858560384438874145e-11
2.204137811519349481e-11
1.683583554410140912e-11
1.275577104081112975e-11
9.600438086617147004e-12
7.188252739662972850e-12
5.361389174442602614e-12
3.987879397150033437e-12
2.960852934795074897e-12
2.195960583397224754e-12
1.627904431960392539e-12
1.206820097986493511e-12
8.949739608524312461e-13
6.640539780947481885e-13
4.929492397974880918e-13
3.660234305932452014e-13
2.718171231722973859e-13
2.019310572813605671e-13
1.500456289308926039e-13
1.115119324483987010e-13
8.290042079046194478e-14
6.171471698934656527e-14
4.599856569550024501e-14
3.435438696590079855e-14
2.574990582039612682e-14
1.939916488579125211e-14
1.472021416763721354e-14
1.129471945992373209e-14
8.806619461922243015e-15
7.016478309201864737e-15
5.743017812055776633e-15
4.859283567861131939e-15
4.261541601274937203e-15
3.874089600965379458e-15
3.638471028707642259e-15
3.506641452891920155e-15
3.439741000512774159e-15
3.411904640561208306e-15
3.401307980397879365e-15
