# bin_3_2
1.236147605484444714e-08
1.256853719351670523e-08
1.280473731088168353e-08
1.307299258094959370e-08
1.337612178456993589e-08
1.371717370590011433e-08
1.409933197103627847e-08
1.452614367224326797e-08
1.500063614561927673e-08
1.552435411782221440e-08
1.609698453083770865e-08
1.671766341599750409e-08
1.738709118311390990e-08
1.810533668435784798e-08
1.887000840761742248e-08
1.967651673505608764e-08
2.051394529551359903e-08
2.136571962776004983e-08
2.220693355297026273e-08
2.299610222631326287e-08
2.370662653518507052e-08
2.432887728127801548e-08
2.486591653740241132e-08
2.528435876443625483e-08
2.549708759176188799e-08
2.547911823063194797e-08
2.524444525055889757e-08
2.477073444164349007e-08
2.402151502068389198e-08
2.299984599967882697e-08
2.174640811025905563e-08
2.026379635022052546e-08
1.860601151795168542e-08
1.683360949653704475e-08
1.500370656771287653e-08
1.319213918709000985e-08
1.145717517271123472e-08
9.850250408127065339e-09
8.400044615158470290e-09
7.112483436919549466e-09
5.977610424123209365e-09
4.978338587193014415e-09
4.103826198701641503e-09
3.352639732373815989e-09
2.725280008960024864e-09
2.214533112043144180e-09
1.803328239522032950e-09
1.470092551151408140e-09
1.198719923590539398e-09
9.810859128438694344e-10
8.067840897821181456e-10
6.659347394715983857e-10
5.517764023785721423e-10
4.585763326876520553e-10
3.816926616495816849e-10
3.176765858905362060e-10
2.638471424147398192e-10
2.182308871387255110e-10
1.793852439803066728e-10
1.462641928722263199e-10
1.181047718175295401e-10
9.432956241646820145e-11
7.446792674781332490e-11
5.809975888423964841e-11
4.481948205926165370e-11
3.422113645285074964e-11
2.589988775790846758e-11
1.946381107967002289e-11
1.454961247908119853e-11
1.083586118158498706e-11
8.050652432374046992e-12
5.972904607450428252e-12
4.428474429568861170e-12
3.283255373654335110e-12
2.435383968163363083e-12
1.808037259842141336e-12
1.343600197310593455e-12
9.992400591243033115e-13
7.434671595815101410e-13
5.531764082493232247e-13
4.115665162235669453e-13
3.062095862163350701e-13
2.279171621784205920e-13
1.696894761042482845e-13
1.264267215861662646e-13
9.429503249350026038e-14
7.046175527643437061e-14
5.278914516441871048e-14
3.971485153150072047e-14
3.007092726726156424e-14
2.298329707751677305e-14
1.779781532378500453e-14
1.405141054055259311e-14
1.136980946462746690e-14
9.488007892287200935e-15
8.208176820883199769e-15
7.371506950471889794e-15
6.862830025250301156e-15
6.584331633898425901e-15
6.457372252650588258e-15
