# bin_2_2
1.091498385453808600e-08
1.109157672831276619e-08
1.129259082067580875e-08
1.152028705665494888e-08
1.177674053895301551e-08
1.206417829551367374e-08
1.238491353628846835e-08
1.274146890510619286e-08
1.313578493187435461e-08
1.356826023290056262e-08
1.403730467054135521e-08
1.454076596062854624e-08
1.507802985472047971e-08
1.564803283020093931e-08
1.624746634412459113e-08
1.687197615223652298e-08
1.751113941681395989e-08
1.814947535836054382e-08
1.876433191573816008e-08
1.931522428681712491e-08
1.977435321883474606e-08
2.013286054604201363e-08
2.040051383521077485e-08
2.055959003318947905e-08
2.053051819714719861e-08
2.028572734666416463e-08
1.985484909969685285e-08
1.923132750382243681e-08
1.839339909329856433e-08
1.734811557276224079e-08
1.614976683083760505e-08
1.481233101914320949e-08
1.338362122262707496e-08
1.192601197101093355e-08
1.048014653606774047e-08
9.103553293847131039e-09
7.826824560223182131e-09
6.674948352906296067e-09
5.651932819122045896e-09
4.749990744311737715e-09
3.957002524931428240e-09
3.263296081336462484e-09
2.667991375687398701e-09
2.172437540009194317e-09
1.769660150719852598e-09
1.443063228327372450e-09
1.177489210291969146e-09
9.626555408500567556e-10
7.895882662286996499e-10
6.506148789608719482e-10
5.381849178104418482e-10
4.468248477335493776e-10
3.720229892206505949e-10
3.101516259891824985e-10
2.584758409590408001e-10
2.148968943916591434e-10
1.778701320382618344e-10
1.462682553293708962e-10
1.192786472045529782e-10
9.630781523018997951e-11
7.690376884127754536e-11
6.069458313602814747e-11
4.734209031886759198e-11
3.651570829247829275e-11
2.788163204786159452e-11
2.110611863938370771e-11
1.586668296059889671e-11
1.186538885173011039e-11
8.839904712540011450e-12
6.569212489184766835e-12
4.874023489738686638e-12
3.613157167818868176e-12
2.677779496035935672e-12
1.985098121801124370e-12
1.472597363358095375e-12
1.093309478709872345e-12
8.122266318796941065e-13
6.035877992094215219e-13
4.486273637356907253e-13
3.334731614875169956e-13
2.478877667733124217e-13
1.842847577905914201e-13
1.370944908739398052e-13
1.020468729083214312e-13
7.603865970964883715e-14
5.676807184956214349e-14
4.249972203762677971e-14
3.194590191399173079e-14
2.416841813781514275e-14
1.846392470549375160e-14
1.430393138160691779e-14
1.129167554460944179e-14
9.145148573542280668e-15
7.642340383344132230e-15
6.621061146789676254e-15
5.957118572874172421e-15
5.552031771359795918e-15
5.328975730625845212e-15
5.226952050006657877e-15
5.191318217564295359e-15
