# bin_1_1
5.107235260948888880e-09
5.188844598246480768e-09
5.281695497831105430e-09
5.386614112653983953e-09
5.504208108109621830e-09
5.635295102819658798e-09
5.780940797841735175e-09
5.942671264978599042e-09
6.121242238833656620e-09
6.315463088083568454e-09
6.521298633996448381e-09
6.733408157387250657e-09
6.947475995669251698e-09
7.157587551975016484e-09
7.354475339886973571e-09
7.530423480271301933e-09
7.679801944188770502e-09
7.801351566360210002e-09
7.898245732690713378e-09
7.972790159776910649e-09
8.021883475504266966e-09
8.029517621918788890e-09
7.948026401090731517e-09
7.738560821622537246e-09
7.424910710937870422e-09
7.084903685761135601e-09
6.737084785975515788e-09
6.294906978713050812e-09
5.756774784244921702e-09
5.215518814237044577e-09
4.683962251976049613e-09
4.147123607871299703e-09
3.612964266693177271e-09
3.133751495613013212e-09
2.688982152400164860e-09
2.285717979837579302e-09
1.936281998731285756e-09
1.623292318735081695e-09
1.354098092214425240e-09
1.118234934197159938e-09
9.200979256098051136e-10
7.555440459961080429e-10
6.197064740687416994e-10
5.089961109372499599e-10
4.192894378159287447e-10
3.458514414192032419e-10
2.859633338190039245e-10
2.373939227931013103e-10
1.973251394139685319e-10
1.643333034045444044e-10
1.370373575089373139e-10
1.142162078136920711e-10
9.497887222268791593e-11
7.865081213983990836e-11
6.474784919710614271e-11
5.290226288227136474e-11
4.284044486478838097e-11
3.434912607683646700e-11
2.725245186969063515e-11
2.139272702534856269e-11
1.662177176021098240e-11
1.279523970943275305e-11
9.770400894785670881e-12
7.411002659897221422e-12
5.592341681068283141e-12
4.203419152722199081e-12
3.150421398118051237e-12
2.356127629639954354e-12
1.759169784205136807e-12
1.311733655987841903e-12
9.771046886311054968e-13
7.273130012423275097e-13
5.411231965563035751e-13
4.024592583389063614e-13
2.992425320641380709e-13
2.224392058594233846e-13
1.653050511880105883e-13
1.228341199167645551e-13
9.128342623058065232e-14
6.782493657118107728e-14
5.041938337972746615e-14
3.763092951383004392e-14
2.813195160133166467e-14
2.104258774883583757e-14
1.577278300018677321e-14
1.194387473099339252e-14
9.094900146514978483e-15
6.999353330085168404e-15
5.481122758578304332e-15
4.390558368152955153e-15
3.606938620128647087e-15
3.063929930301274741e-15
2.700357422540171591e-15
2.464031196437770893e-15
2.313746138911913191e-15
2.226151808393348061e-15
2.177893388941740489e-15
2.150497863737411681e-15
2.135046335374059424e-15
2.124750553948380928e-15
