# bin_4_3
1.435783271224738987e-08
1.461619424726578248e-08
1.491208792763895442e-08
1.524975876585144663e-08
1.563354986951882128e-08
1.606824149787717454e-08
1.655897208799119266e-08
1.711148322168340685e-08
1.773126859074366830e-08
1.842263357281109068e-08
1.918833102873392097e-08
2.003080478553771626e-08
2.095420368965338400e-08
2.196210609628862998e-08
2.305563946518332681e-08
2.423363654760099715e-08
2.548836370429628822e-08
2.680587709215668417e-08
2.816367074643425271e-08
2.952239589051785334e-08
3.085570610951227506e-08
3.215086461999229467e-08
3.340346119861233455e-08
3.457168724672972213e-08
3.555920854447586995e-08
3.632480286635026726e-08
3.685943225189329634e-08
3.711503361745391718e-08
3.702586942016247933e-08
3.656019460040331703e-08
3.572066925873462095e-08
3.447376442746938356e-08
3.283916339415728874e-08
3.085182872464988356e-08
2.855649102229781354e-08
2.603555383976130717e-08
2.337692357819219076e-08
2.068532621794159152e-08
1.806201751260171000e-08
1.559345389453589650e-08
1.334095351209974841e-08
1.133093245605555583e-08
9.557148730482396590e-09
7.993467863190214026e-09
6.613879503783432471e-09
5.409268509966586097e-09
4.388350814584342632e-09
3.554915880928700296e-09
2.885343503721283500e-09
2.340709006081441756e-09
1.896488282989859754e-09
1.541013967588931614e-09
1.257208768236390700e-09
1.029113140685559127e-09
8.457582603984033601e-10
6.974590876727600906e-10
5.765804990914233082e-10
4.771726118942232975e-10
3.946763747028018210e-10
3.256362156874102165e-10
2.674842708606867390e-10
2.183288600693221280e-10
1.767752496578641340e-10
1.417772160086825749e-10
1.125164698792724022e-10
8.831053746746836301e-11
6.854835792702489266e-11
5.265228840553160545e-11
4.006339058457838165e-11
3.024396122094010567e-11
2.269011114205077411e-11
1.694689355393773386e-11
1.262026099918106005e-11
9.382478818526466301e-12
6.970485715775525433e-12
5.178951867129164963e-12
3.850637965317556773e-12
2.866490214550617047e-12
2.137020742272348001e-12
1.595151535144052495e-12
1.191409759720716494e-12
8.899411606607803740e-13
6.647960411339630506e-13
4.966149733894334905e-13
3.710386893551502330e-13
2.772964658782704142e-13
2.073574885700810085e-13
1.551884292991611392e-13
1.163086021272541672e-13
8.736485499184540869e-14
6.584722793687849205e-14
4.987682498889261290e-14
3.807683306399082774e-14
2.938758447723037971e-14
2.303407445446686254e-14
1.844012997345582148e-14
1.516455780341698103e-14
1.288567048465492079e-14
1.135090772795759583e-14
1.037222677915417457e-14
