# bin_4_1
7.964667336812644489e-09
8.092904203973730309e-09
8.238770669796985437e-09
8.403794308647932715e-09
8.589275267753176203e-09
8.796641286632093698e-09
9.027434907579641272e-09
9.283362650867333718e-09
9.565452266715347542e-09
9.873123224732079629e-09
1.020343956774880524e-08
1.055269629026662800e-08
1.091838651894476671e-08
1.129741367477952918e-08
1.168463820787652519e-08
1.207617649371298737e-08
1.246861953410649315e-08
1.285576073473027578e-08
1.322441562651318338e-08
1.355776855391817875e-08
1.382712190159305670e-08
1.399620424137392878e-08
1.405319056108966689e-08
1.401062482147652703e-08
1.388780176635165723e-08
1.364286362272459497e-08
1.322528124763981263e-08
1.267425607915046312e-08
1.201818244762553329e-08
1.126268028164698839e-08
1.040357936154711624e-08
9.491082584934220636e-09
8.564382212268445918e-09
7.628291027137859301e-09
6.736089700157516238e-09
5.892689787550109341e-09
5.119690416927858585e-09
4.414044968745159362e-09
3.774956680229984807e-09
3.195032004117468614e-09
2.676970839643764050e-09
2.223629535321951722e-09
1.838652027174264794e-09
1.521486536917387142e-09
1.260642439184094494e-09
1.039418274722828303e-09
8.540471212166649679e-10
7.027899555495706471e-10
5.768583320339846174e-10
4.744899318206613178e-10
3.916290544200196249e-10
3.233672874814708490e-10
2.670693246376990079e-10
2.205503678066938454e-10
1.818853495026876895e-10
1.495601836622903847e-10
1.224652842643714826e-10
9.971251160901065906e-11
8.064045435225990050e-11
6.472339941537118865e-11
5.153556935541200397e-11
4.070992144885222783e-11
3.191705157115858586e-11
2.485199868786457256e-11
1.923245711818499159e-11
1.480191589178236538e-11
1.133450058629873842e-11
8.637514445225179241e-12
6.551447553469563558e-12
4.946884739788411249e-12
3.719912704751789913e-12
2.787408878001129090e-12
2.082953626403169129e-12
1.553578136745653756e-12
1.157399303181810503e-12
8.616826811633765119e-13
6.412577727964764378e-13
4.772328119959707264e-13
3.553441479123871781e-13
2.648405602721758042e-13
1.976314976376752345e-13
1.476249572200633553e-13
1.103503044297588879e-13
8.256570288823559350e-14
6.186545963296957945e-14
4.639859473959934109e-14
3.493113623673953665e-14
2.637822749095760372e-14
2.004311204827960049e-14
1.537117337971890859e-14
1.193370598273813259e-14
9.423585341600133947e-15
7.616736481749571050e-15
6.326605047110715458e-15
5.426005958715099340e-15
4.809397638702891045e-15
4.402174764903210939e-15
4.134551462863592534e-15
3.963777522909072443e-15
3.848836793432478383e-15
