# bin_3_1
8.843128845455308301e-09
8.978171089366695140e-09
9.131442390124965227e-09
9.304447394001609273e-09
9.498489080836553376e-09
9.714945324704555071e-09
9.955198003362453513e-09
1.022082532893314818e-08
1.051285639269370568e-08
1.083097165568384707e-08
1.117319394132262720e-08
1.153708383332543887e-08
1.192160373454574928e-08
1.232526600912817458e-08
1.274467244486718047e-08
1.317498781761555885e-08
1.360657700708365201e-08
1.402567931411852517e-08
1.441288701228076853e-08
1.473657492077515065e-08
1.497909071907160735e-08
1.513814546023223130e-08
1.522290564797020194e-08
1.521556657039500029e-08
1.505769346278947352e-08
1.474294648743772340e-08
1.429845325039040917e-08
1.372309473859261302e-08
1.300540021483241198e-08
1.216262381950836353e-08
1.123922649800895972e-08
1.024361685714482555e-08
9.216226194506725561e-09
8.193844888978498918e-09
7.200586399209458462e-09
6.267037261694234739e-09
5.405407817298813646e-09
4.623767929663278482e-09
3.921044357962059327e-09
3.293990443608509260e-09
2.742737717984065472e-09
2.266910631180183347e-09
1.865455197670251603e-09
1.533877896968182292e-09
1.260473343658540731e-09
1.031082598149422354e-09
8.419202332963158940e-10
6.904726183295330335e-10
5.674539570115053252e-10
4.677443155208349656e-10
3.864739370371437720e-10
3.199679270870113678e-10
2.654444918436182982e-10
2.202176537131097167e-10
1.824715311241713673e-10
1.507577941150495119e-10
1.239776973895992281e-10
1.013193917116988153e-10
8.217334116714032973e-11
6.606865021271698478e-11
5.262560046018269846e-11
4.151773722681817931e-11
3.244704279136485544e-11
2.513261191323114181e-11
1.930786751139548808e-11
1.472412456558912324e-11
1.115591417138369344e-11
8.405037366525077816e-12
6.302538210244103683e-12
4.707922269559968444e-12
3.506646223525312309e-12
2.606836299822595721e-12
1.935859614083702685e-12
1.437063161497798739e-12
1.066902559242931397e-12
7.923368668850467338e-13
5.886063021492829522e-13
4.374478839861983635e-13
3.253579196196070910e-13
2.421341788304465136e-13
1.802692443197277817e-13
1.342429106157558785e-13
1.000573772100825485e-13
7.462525491824824501e-14
5.573518647609994091e-14
4.171259433011607423e-14
3.132642050935377130e-14
2.363732879608727720e-14
1.796728396163931728e-14
1.380662986844376607e-14
1.077166779372026701e-14
8.573390953743263415e-15
7.011230391908161511e-15
5.914332423246047019e-15
5.163862652716379196e-15
4.670133848807352867e-15
4.357860792318276061e-15
4.169237052501497276e-15
4.061815540114836273e-15
4.000078888049513320e-15
