# bin_3_3
4.051050276834211258e-05
4.088391535802314520e-05
4.121187207481363042e-05
4.153604430928446901e-05
4.186752780493465667e-05
4.220612741255063213e-05
4.254673473426267720e-05
4.288227975679401128e-05
4.320536680156822855e-05
4.350909072675930946e-05
4.403509976802070277e-05
4.424820262612502643e-05
4.455854478189267539e-05
4.470216038148128889e-05
4.467311481333525514e-05
4.431122576846851222e-05
4.359399670378718596e-05
4.256638409632923102e-05
4.080790019099711985e-05
3.817989102947757211e-05
3.531507311469665977e-05
3.243461767386084500e-05
2.868495929951439259e-05
2.550694627730692890e-05
2.267875927941381944e-05
2.036727118312800614e-05
1.840904358974263433e-05
1.675951630235113270e-05
1.492010878209834262e-05
1.250226629328646670e-05
1.022465358888030896e-05
8.457700477535082010e-06
7.368907273866355775e-06
6.291461577246382072e-06
5.116555118486543656e-06
4.225976346635084366e-06
3.563322348135765837e-06
2.928659844762702808e-06
2.434364779358035923e-06
2.021493467400176224e-06
1.683112835456396706e-06
1.406069875287907412e-06
1.180069462350412989e-06
9.953966131364226254e-07
8.444187954722960521e-07
7.205925417332017530e-07
6.184563773665121426e-07
5.334980251206528439e-07
4.620638427182419682e-07
4.011828003473132494e-07
3.484892896953813139e-07
3.021703004260631195e-07
2.609039836903761188e-07
2.237964697735869139e-07
1.903126627407102579e-07
1.601937034729486741e-07
1.333483584850099926e-07
1.097541157001065046e-07
8.937314634726923044e-08
7.209684027326897761e-08
5.771865605403084047e-08
4.594586093194682395e-08
3.643323272607395627e-08
2.881961277719240206e-08
2.276317862042736496e-08
1.796240121721367601e-08
1.416656365353748696e-08
1.117195563323161529e-08
8.814881968814207591e-09
6.968820130209491237e-09
5.529291631319948712e-09
4.397727591698516218e-09
3.498887021436362803e-09
2.783294332362810262e-09
2.213687767366480916e-09
1.760379686725273783e-09
1.399696355750882126e-09
1.112765265329357444e-09
8.845457084991719010e-10
7.030540791431352303e-10
5.587450149564855249e-10
4.440172161462702224e-10
3.528189634306943644e-10
