# bin_1_1
7.092469148774788071e-05
7.747441985261760834e-05
8.312499644384635218e-05
8.811774249585625849e-05
9.237420232162048305e-05
9.583098241943391229e-05
9.847410238115992544e-05
1.003282058970363105e-04
1.014427101400033020e-04
1.018814899463341231e-04
1.010206422019949705e-04
9.986983983951897611e-05
9.648723857525857452e-05
9.209694639341772869e-05
8.714577033551580124e-05
7.942144278637470187e-05
7.204637542585912299e-05
6.545743568441699065e-05
5.812595618332470801e-05
5.110468539977482225e-05
4.578144358158352749e-05
4.143075724286652352e-05
3.619974310320585125e-05
3.160962134890927681e-05
2.709833428387554765e-05
2.297686660987458151e-05
1.913247457109549065e-05
1.611371271419254048e-05
1.375317791684926639e-05
1.149758181054764631e-05
9.623267285053232272e-06
8.037388561796854526e-06
6.776841627683329833e-06
5.667223087074252736e-06
4.780715050754219299e-06
4.049595609077694737e-06
3.445941515013035249e-06
2.948152474626830818e-06
2.536104889418325437e-06
2.193266874773306499e-06
1.905678616711674923e-06
1.661764642346330149e-06
1.452102915517897251e-06
1.269187746375262569e-06
1.107262260493851200e-06
9.621169021324126112e-07
8.308941992650350038e-07
7.118685900148006319e-07
6.041667211267005183e-07
5.074612605208447784e-07
4.216693844017302357e-07
3.466977663282810093e-07
2.822641932339771857e-07
2.278145348359156224e-07
1.825323348337440361e-07
1.454064180865756671e-07
1.153264976549669554e-07
9.117950980284021309e-08
7.192514369643228233e-08
5.664368714214717365e-08
4.455472896939635608e-08
3.501584736951123602e-08
2.750861408490724874e-08
2.161597358891832551e-08
1.699885630877145405e-08
1.338362063034755509e-08
1.055039426055796719e-08
8.322870383188238488e-09
6.566382549192152470e-09
5.180137655535493421e-09
4.086133852817143715e-09
3.222870286782525815e-09
2.541763723578361561e-09
2.004438847103850220e-09
1.580588800611482151e-09
1.246282847508496054e-09
9.826280065001655071e-10
7.747108482302781687e-10
6.107609992612395940e-10
4.814900364944079759e-10
3.795691078691823584e-10
2.992162478522333156e-10
2.358704213476969819e-10
