# bin_4_4
2.201231305883054955e-05
2.208267181434278657e-05
2.213835046065598631e-05
2.220334991012048502e-05
2.228422731109662750e-05
2.238154369898142387e-05
2.249294034587614162e-05
2.261481670406801200e-05
2.274324483854126211e-05
2.287441972620213646e-05
2.313140167773155206e-05
2.325139209191818971e-05
2.346295364210357502e-05
2.362566547333761402e-05
2.373059182718681773e-05
2.376946289523358013e-05
2.366259151586863998e-05
2.341505294415268537e-05
2.288693226664684956e-05
2.196345210890643726e-05
2.082821795948034004e-05
1.956812505834542676e-05
1.774164797644128729e-05
1.599315000283230997e-05
1.423037428831075104e-05
1.263643890051395071e-05
1.120960130595670442e-05
1.013493390639279470e-05
9.295415586107199193e-06
8.308003854185368626e-06
7.150723219574785170e-06
5.831630942444096837e-06
4.773910997470985173e-06
4.085087051697048615e-06
3.559462201744627903e-06
2.920423593106491899e-06
2.368045427561397093e-06
2.002385641063981046e-06
1.646474548659699573e-06
1.355833319846301807e-06
1.123579737070087535e-06
9.286273957302961880e-07
7.706948816375975381e-07
6.419168295073682936e-07
5.369845032061602069e-07
4.516045520158867274e-07
3.820053364412848290e-07
3.250583701427779286e-07
2.781902973451648113e-07
2.392936727173074161e-07
2.066623462608043684e-07
1.789121930017808532e-07
1.549524799770786706e-07
1.339534302900556926e-07
1.153092139308480573e-07
9.861209316150356333e-08
8.361607139348732120e-08
7.019467133036274006e-08
5.829369320525091660e-08
4.788583850627762513e-08
3.893901766415406478e-08
3.138695358485802893e-08
2.512332521978746767e-08
2.000808823002991323e-08
1.588141039078190275e-08
1.258071498008355592e-08
9.954321082368978546e-09
7.871326574705918365e-09
6.223565129574070500e-09
4.923112073222534665e-09
3.900783087043364660e-09
3.102258150642929261e-09
2.475729101401515080e-09
1.977399099862212739e-09
1.579141444073202557e-09
1.260863851761064126e-09
1.006562876312379709e-09
8.034231158843649764e-10
6.411853377505431829e-10
5.116392276133857050e-10
4.082161933483368515e-10
3.256626246546649152e-10
2.597778195426924377e-10
