# bin_6_6
1.256791649532292686e-05
1.260532447090510751e-05
1.264148687664906382e-05
1.268541156100050275e-05
1.273899430223774373e-05
1.280145320712774903e-05
1.287133095581912371e-05
1.294698650720167193e-05
1.302666359874520394e-05
1.310863697652114426e-05
1.327365147033720636e-05
1.335414202081736068e-05
1.350596505325485032e-05
1.364033465433753099e-05
1.375271102313368416e-05
1.387371806307856381e-05
1.393315168678397318e-05
1.392969072270285166e-05
1.383019149903775896e-05
1.356649206712163453e-05
1.317142676885496744e-05
1.267388577574624584e-05
1.186177858276119897e-05
1.098373194640788027e-05
9.981525154663397516e-06
8.938351592845601880e-06
7.865464250134126007e-06
6.977462966096174898e-06
6.288036943979039272e-06
5.704957397735636204e-06
5.212062911888969831e-06
4.585553027029866963e-06
3.840957399994428849e-06
3.083243474774960524e-06
2.564952791324167094e-06
2.251923777581245603e-06
1.915980331367116644e-06
1.528137971689076360e-06
1.266377804634266546e-06
1.063902202580558114e-06
8.586346293064796711e-07
7.123487415756699898e-07
5.821324807891694617e-07
4.800514217746748734e-07
3.954329903520036340e-07
3.271066208347133726e-07
2.718005055888970799e-07
2.269736685570917345e-07
1.906151929300360333e-07
1.610433339612470139e-07
1.368638930267390396e-07
1.169620733759583650e-07
1.004211583992562990e-07
8.650519397570681218e-08
7.463296689321708758e-08
6.435338362175411272e-08
5.533137713096952340e-08
4.732944216649393607e-08
4.019458611651970906e-08
3.383508504137023614e-08
2.820146336837524176e-08
2.326755537331521715e-08
1.901066444903572946e-08
1.539934760262833934e-08
1.238644353177023381e-08
9.911124778796454472e-09
7.902651000429337458e-09
6.287899230047476292e-09
4.997401576602914950e-09
3.970316813629732275e-09
3.155309248118226252e-09
2.510267253704245281e-09
2.003002675167041510e-09
1.605821533374687762e-09
1.290502016921469447e-09
1.037171729634801725e-09
8.333993245538034009e-10
6.695300090697267365e-10
5.377829163502816048e-10
4.318866095347212860e-10
3.467879459686280788e-10
2.784168395283432090e-10
2.234961217651309841e-10
