# bin_5_5
2.572674371797759098e-05
2.575975793997720438e-05
2.577893614405316872e-05
2.579942253693379142e-05
2.582595373242731036e-05
2.585956763382172904e-05
2.589992575766573077e-05
2.594572568703302766e-05
2.599520035886353778e-05
2.604650329313960752e-05
2.614740374208855811e-05
2.619370305747553701e-05
2.627080730800870659e-05
2.631969005190490244e-05
2.633340753694440739e-05
2.627796790128338942e-05
2.612395116532430253e-05
2.586930269051559238e-05
2.537911840608228405e-05
2.454966745586498325e-05
2.352494082002897288e-05
2.236105433014380609e-05
2.060589828570220383e-05
1.883087854798419362e-05
1.691918066541816767e-05
1.504353896972132929e-05
1.323710667507256916e-05
1.181251335676368040e-05
1.073525843795724236e-05
9.782224565831656101e-06
8.784225236336406931e-06
7.478881887984107999e-06
6.097288350261117741e-06
4.946780302676736682e-06
4.280162740565918865e-06
3.735010413209467226e-06
3.032793994062895608e-06
2.453681155147574573e-06
2.085752943913050782e-06
1.697909911601547695e-06
1.398971208129152435e-06
1.153145258009880510e-06
9.504668786424488323e-07
7.846895610394733398e-07
6.508019395908577026e-07
5.417671850593534178e-07
4.532511232890549789e-07
3.813649958634219585e-07
3.227984509004775441e-07
2.748486961693767686e-07
2.353134650732764267e-07
2.024036686539913630e-07
1.746695155359703173e-07
1.509584465678532146e-07
1.303811155535161009e-07
1.122717938505191012e-07
9.616280328987895954e-08
8.175347712219626920e-08
6.887032060469963020e-08
5.742684701295171893e-08
4.737863616650802952e-08
3.869318280043668501e-08
3.131567436399940178e-08
2.515761545728865236e-08
2.009936096717986164e-08
1.599850526628581494e-08
1.270593852519758410e-08
1.007820124673569196e-08
7.989322042589995827e-09
6.333504790722855905e-09
5.024084045548067966e-09
3.992959008696535168e-09
3.187067589199864527e-09
2.552974668162370752e-09
2.046274413167857528e-09
1.639821107836246904e-09
1.313844566585753264e-09
1.052475362297141440e-09
8.429578035649761533e-10
6.750426278614128364e-10
5.404973197643264193e-10
4.327114521962840486e-10
3.463787560545573463e-10
