# bin_2_2
3.614198950259247156e-05
3.871148348082541885e-05
4.115528709561986883e-05
4.350710160032250401e-05
4.571822233179158643e-05
4.774650355345498950e-05
4.956589062583281237e-05
5.116357138176098825e-05
5.253598816151155830e-05
5.368581442981994222e-05
5.534744169809001330e-05
5.587980037577559595e-05
5.640800909225771455e-05
5.630707082333111506e-05
5.568067880011238742e-05
5.397244682822809514e-05
5.161210077374454641e-05
4.886238154009560662e-05
4.495338622514517645e-05
4.017957248410871876e-05
3.592141622795713387e-05
3.235193530089628446e-05
2.849124176518767862e-05
2.565500553934785768e-05
2.316844324910129460e-05
2.080390701839274274e-05
1.805687993481921058e-05
1.524889650736110026e-05
1.273578454362847858e-05
1.057083589479798513e-05
9.062696278545735612e-06
7.690695304190317951e-06
6.394105724190158387e-06
5.271224500709813577e-06
4.428021252772390932e-06
3.691564629737972227e-06
3.080191978482071945e-06
2.583750719484953678e-06
2.170958215761556936e-06
1.833528838738956097e-06
1.556122063778973539e-06
1.327979188943021609e-06
1.139666454410010045e-06
9.832239610135793752e-07
8.520829578615970140e-07
7.408653946550818449e-07
6.452370340103335507e-07
5.617953856175810948e-07
4.879410625754685742e-07
4.218076235887615338e-07
3.621575566629073441e-07
3.082607835127119715e-07
2.597622954691481022e-07
2.165317570207189966e-07
1.785214636819510694e-07
1.456461444126779713e-07
1.177101086175201665e-07
9.438239073588896613e-08
7.520871150641748658e-08
5.965769351984016239e-08
4.717373075716109327e-08
3.722478418323474785e-08
2.933356500962977543e-08
2.309346221453545147e-08
1.817019166905565948e-08
1.429495853007412478e-08
1.125275413512350423e-08
8.871217605756105408e-09
7.009692675947937857e-09
5.548697844326756349e-09
4.394145587761572097e-09
3.479447370888346569e-09
2.754775886203664884e-09
2.180752867026847464e-09
1.726135362763762428e-09
1.366140941727212727e-09
1.081116422107623177e-09
8.554798099579679632e-10
6.768796378978030800e-10
5.355272377237517961e-10
4.236665286011036804e-10
3.351531193954222904e-10
2.651202792840564823e-10
