# 2pt_theory
5.383864564081337208e-06
4.573444375363094911e-06
3.834748442998399498e-06
3.176176688086494670e-06
2.604007590843007187e-06
2.120420118324627054e-06
1.722002691282091520e-06
1.400013649010007485e-06
1.142180688093581770e-06
9.352048722536790102e-07
7.669866972159920751e-07
6.278953585442510149e-07
5.109442036030262547e-07
4.114827613896668526e-07
3.265963845871835530e-07
2.544576043468656638e-07
1.937405555883163301e-07
1.433525191508320590e-07
1.025346115801321010e-07
6.959015547830794856e-06
5.718070820107845895e-06
4.664004040244549408e-06
3.793270990816404418e-06
3.089643063132334569e-06
2.527702914903104561e-06
2.078459070509602608e-06
1.714660696007018951e-06
1.414140052315738690e-06
1.160792138063534492e-06
9.439382049152691445e-07
7.569961373850120285e-07
5.960757334377900981e-07
4.588586304461370981e-07
3.437276100663325073e-07
2.492350002293562410e-07
1.740925274648063394e-07
6.436537548475570416e-06
5.258530373885841973e-06
4.302875659489489994e-06
3.531470647892625682e-06
2.905059705320697881e-06
2.389113017164416953e-06
1.956915967919026365e-06
1.589777593024072189e-06
1.275569923152239738e-06
1.006757711954780678e-06
7.785573944009601727e-07
5.876125339475059133e-07
4.310459601447171088e-07
3.062901573639993451e-07
2.093335121838546590e-07
7.268492678744077646e-06
5.953570835216141876e-06
4.874835323728262645e-06
3.992744492732619065e-06
3.267665311709161945e-06
2.665320152954293115e-06
2.159417016155181437e-06
1.731460092606016641e-06
1.369058622984366193e-06
1.063846332324646363e-06
8.097850009593746837e-07
6.020635530715758228e-07
4.360150695023273994e-07
3.052495259677546582e-07
2.042866354346339474e-07
1.532922384808853170e-05
1.252095681775011418e-05
1.020348157462737622e-05
8.332964052070226789e-06
6.839481919193310352e-06
5.643583275841614534e-06
4.671609380231275592e-06
3.864618587076385433e-06
3.180551480467834353e-06
2.592004743912315758e-06
2.082377117761612282e-06
1.642084002012949555e-06
1.265508785929774084e-06
9.488565045884427998e-07
6.887318468921254608e-07
4.812943065169354660e-07
3.219074493878714340e-07
1.206322406110555376e-05
9.957426803785421972e-06
8.253773648639401225e-06
6.847123846610479038e-06
5.659888856335879936e-06
4.640188380710671490e-06
3.755989390602919709e-06
2.988708874482233298e-06
2.327822510434456852e-06
1.766851501051970250e-06
1.300687979811961558e-06
9.237183693341824251e-07
6.289919802436919666e-07
4.090928809386754376e-07
1.254986824068621685e-05
1.037099373254214177e-05
8.603609783101259936e-06
7.138960679345579222e-06
5.898365514466041109e-06
4.830080078746267871e-06
3.902577117067938415e-06
3.097734369095411120e-06
2.405290668825401951e-06
1.818769951650749375e-06
1.332920056494463839e-06
9.415971543219049854e-07
6.363931805449279437e-07
4.106909397506704542e-07
1.368950201667669682e-05
1.118447742363369263e-05
9.005178251559682706e-06
7.115736251100108081e-06
5.495402589472238559e-06
4.130138007298556218e-06
3.006750292233977024e-06
2.109429726247786911e-06
1.418399858951990662e-06
9.117421226121427750e-07
5.593209339509861291e-07
1.038119369790589425e-05
8.137189363410316577e-06
6.223013988300533103e-06
4.622984616615136215e-06
3.320051252869324706e-06
2.292765045891266313e-06
1.514359685775443031e-06
9.569356246770882265e-07
5.726773709690434960e-07
2.115814419865184897e-05
1.699213425897483400e-05
1.338172743069722237e-05
1.029293354608636908e-05
7.700616802413749526e-06
5.578595838615990928e-06
3.894052044492919615e-06
2.606729788739584298e-06
1.670931671036663365e-06
1.018022919049820844e-06
5.641106039263385813e-07
5.868420520690043976e-07
4.963944427227599590e-07
4.142852074874694366e-07
3.430601582831249913e-07
2.834676977773172060e-07
2.348327786014706690e-07
1.956152154536798801e-07
1.639277671736331109e-07
1.380350845849197848e-07
1.166044263729786101e-07
6.132077401374519844e-07
5.075873050317546553e-07
4.229644825883182508e-07
3.553579199218389751e-07
3.007561300798658813e-07
2.556957051269033537e-07
2.176104981436983266e-07
6.003998023688043120e-07
5.071164415628518163e-07
4.298488944032555638e-07
3.645182320261532837e-07
3.073664003375925475e-07
6.939802893420717285e-07
5.855061140751892009e-07
4.935964395112618070e-07
4.136898156851526272e-07
3.443063663974460605e-07
1.354680654016125014e-06
1.132372583016722463e-06
9.548345950117370972e-07
8.112779114609068258e-07
6.924280904790944019e-07
5.910804184956775964e-07
5.021704630230954533e-07
1.029854386561003264e-06
8.789980246851878225e-07
7.447355380978147269e-07
1.077664433636505148e-06
9.190872940569956666e-07
7.784705770378026939e-07
2.135926095601215157e-06
1.803676818458185916e-06
1.496640152361003280e-06
2.115055641180897232e-06
1.739247619611455779e-06
3.409285032593189067e-06
2.818412462527942170e-06
2.271557038092136216e-06
4.962780137612650031e-05
4.173734021801789882e-05
3.561391840663574113e-05
3.066867810149543808e-05
2.648324447815176349e-05
2.278642616250296975e-05
1.941862959422462073e-05
1.629967948294856921e-05
1.340439817495614888e-05
1.074031287517697114e-05
1.769191951987226824e-04
1.504782076281988728e-04
1.295117611476494528e-04
1.120847834448075156e-04
9.690087744675807135e-05
8.316616399861514000e-05
7.045282825516883192e-05
5.859037253812988141e-05
4.758267193345750269e-05
3.752013575710976375e-05
3.173398704022243949e-04
2.715762109587733348e-04
2.346653142405200293e-04
2.034047614189429440e-04
1.757130974408914589e-04
1.503644272182613089e-04
1.267490839373554680e-04
1.046857872069377970e-04
8.427681807127435489e-05
6.572104308157619213e-05
3.447232866779846952e-04
2.953443721222579312e-04
2.553826601325879316e-04
2.214161945614451839e-04
1.912349600194145560e-04
1.635484430418058111e-04
1.377272948976853231e-04
1.135998331774794502e-04
9.129703747438115929e-05
7.104308226703615070e-05
3.000117856208669632e-05
2.590447293580755241e-05
2.244031219490341832e-05
1.945576996090490183e-05
1.682275733297039643e-05
1.444477373752192316e-05
1.226022047002513134e-05
1.023971792468540698e-05
8.379479700569997732e-06
6.694562151843836094e-06
5.192434026379365743e-06
3.856403147548589911e-06
2.896176405152173882e-06
1.485255322369250972e-05
1.143044448969268300e-05
8.754276312215083502e-06
6.799041629444703057e-06
5.442794091294874680e-06
4.537482894251520676e-06
3.944623761217382117e-06
3.549545446700469104e-06
3.262834551573440875e-06
3.013066208758658006e-06
2.766575906564785436e-06
2.521675455873271000e-06
2.124215625930512872e-06
2.232229373853431194e-04
1.938958690944476938e-04
1.695645597778717387e-04
1.485561408902889564e-04
1.296746650126296319e-04
1.121557006172318728e-04
9.559971279536611096e-05
7.989933518484528105e-05
6.517540202214082282e-05
5.165509999254200990e-05
3.954862733463234282e-05
2.873569737034946080e-05
2.077062494069377427e-05
3.962234343341424544e-04
3.464546136388841182e-04
3.046876624622751862e-04
2.679864815156257716e-04
2.343762709724040816e-04
2.026865595706561860e-04
1.724017149913197088e-04
1.435089409779134360e-04
1.163509588101886434e-04
9.147702583162800670e-05
6.925526675905332346e-05
4.950110449797262503e-05
3.570909765669598240e-05
3.085040754511959767e-05
2.700371264156519366e-05
2.362671656264130223e-05
2.061327404922822355e-05
1.788603483231732277e-05
1.538755229275391609e-05
1.308020622420355500e-05
1.094577383881422106e-05
8.983868020694752630e-06
7.211463797087185286e-06
5.634350344418366594e-06
4.241959583520341476e-06
3.133776136017618080e-06
2.449774184888763914e-06
2.386280388074193747e-05
1.990811702703632931e-05
1.648009493235584851e-05
1.362778217299449324e-05
1.131630105463523255e-05
9.465197475503239928e-06
7.980514488311438886e-06
6.772951706043491896e-06
5.765823499417000815e-06
4.905300562926832336e-06
4.146218927960091462e-06
3.463102590845156987e-06
2.873881828742865964e-06
2.321083475601037621e-06
9.577039542367733543e-05
8.230483266769341181e-05
7.110989787876511225e-05
6.165924910545519011e-05
5.349343284490848632e-05
4.624688240145571406e-05
3.966165327448509725e-05
3.358164382001143896e-05
2.795156637532853768e-05
2.278416378273339206e-05
1.810445305246711538e-05
1.392669389250854617e-05
1.031303607941018702e-05
7.936789357274780251e-06
3.115802439444344718e-04
2.736877219836918499e-04
2.416494045427321615e-04
2.133896216258627902e-04
1.874734072724802388e-04
1.630074913693904952e-04
1.395683168545590184e-04
1.171054159425147494e-04
9.585476067559526062e-05
7.625861624570369111e-05
5.860314832085807875e-05
4.293307834127569049e-05
3.040416385222729023e-05
2.318822602510252660e-05
3.099548059484884694e-05
2.726078940304384131e-05
2.389000950358962326e-05
2.081903821051924345e-05
1.800162992754677626e-05
1.540296457066914223e-05
1.299894294887490002e-05
1.078536771006225785e-05
8.776637950908850876e-06
6.973801560797826883e-06
5.395643545232962378e-06
3.992795087077754857e-06
3.078449960649770834e-06
2.340090076135018584e-06
3.171187502166684057e-05
2.676969611599517657e-05
2.249054879923257296e-05
1.888588053160507088e-05
1.589463142710479662e-05
1.341773662811246456e-05
1.134793142278373933e-05
9.591475593180299715e-06
8.076985182636789792e-06
6.749003681713171462e-06
5.575501777733660351e-06
4.520175070617920624e-06
3.665140359734362147e-06
2.907377911315612018e-06
5.358742249799155561e-05
4.471755166227570121e-05
3.743671059589696279e-05
3.154924088256116368e-05
2.679350940164571513e-05
2.290308028879271506e-05
1.964620702910239275e-05
1.683978376164010785e-05
1.434833633345706734e-05
1.210001579973669972e-05
1.004603499763842042e-05
8.185023725999965560e-06
6.453769456945849609e-06
5.015287388101551270e-06
2.516794430775457230e-04
2.218142555511437781e-04
1.958917055322648116e-04
1.725893241711060663e-04
1.509795371746021147e-04
1.305011626052813070e-04
1.109071938989187315e-04
9.227910122107710854e-05
7.491674802400498671e-05
5.901901229856521382e-05
4.493178410494270508e-05
3.229835121443273480e-05
2.409153858640254782e-05
1.775733184567818414e-05
3.181556845787456933e-05
2.808520556354584329e-05
2.470081411574821169e-05
2.160658206189840124e-05
1.876860108257109045e-05
1.616011992425993613e-05
1.376046764275095818e-05
1.155837311890101717e-05
9.548945668706007283e-06
7.738604217116047175e-06
6.135117661533687866e-06
4.724814560341709547e-06
3.528115211511147917e-06
2.783154861639379367e-06
2.058145889236141516e-06
3.649669145855683188e-05
3.106525360025943935e-05
2.616885236340215384e-05
2.192970916996851016e-05
1.836686588525975714e-05
1.542142962541876764e-05
1.299451690266689229e-05
1.097946409199637412e-05
9.280196485876689641e-06
7.821820328130639859e-06
6.549986452189557031e-06
5.422874610714835039e-06
4.423455876586282862e-06
3.611539064571786519e-06
2.852133530963847741e-06
6.677316259389202372e-05
5.583397809728234476e-05
4.662023730813808994e-05
3.906553264787665806e-05
3.295560419284703125e-05
2.801270485281462603e-05
2.395774292203565567e-05
2.055010078387606496e-05
1.760487718074791867e-05
1.498612921742501400e-05
1.261827884932017400e-05
1.045568261961409069e-05
8.505162843522116512e-06
6.709855905329633400e-06
5.180094979592403264e-06
2.224542370717929099e-04
1.945644480708322169e-04
1.708943891302708057e-04
1.503008114739804260e-04
1.318555433062842703e-04
1.148701942430170868e-04
9.892421113929730650e-05
8.385026635626502509e-05
6.965244983369214935e-05
5.649917882938483544e-05
4.457294799940032717e-05
3.392996157552629591e-05
2.469363972867923604e-05
1.889249420344492629e-05
1.350993669868816679e-05
2.161959355705804151e-02
1.678669009844504373e-02
1.264184094077997790e-02
9.180320780247256188e-03
6.382314589981099608e-03
4.208392358363540267e-03
2.599907924002890953e-03
1.486553514021996892e-03
3.689564865890370554e-02
2.870541732616020691e-02
2.165163901398882429e-02
1.574580711909770100e-02
1.096951230681456751e-02
7.264618424478615916e-03
4.530841304900024361e-03
2.633834176198032988e-03
1.433324903936050504e-03
8.519301720737563772e-04
3.976360529787996640e-04
2.968420475342413434e-02
2.326618347023771266e-02
1.769684587209611679e-02
1.299528073754448697e-02
9.157376750266486148e-03
6.148137468160700010e-03
3.897131474703727574e-03
2.307484063171652642e-03
1.270752162218033486e-03
7.110263106505600910e-04
4.339836587159927577e-04
-2.473773140932143485e-05
3.563356921282117423e-02
2.756214119837724699e-02
2.064568612430798394e-02
1.490011398543227526e-02
1.030156234862700942e-02
6.773361358159640279e-03
4.200969562301274697e-03
2.436516259278716234e-03
1.349475812127200278e-03
8.850710885902037190e-04
3.335064600648594878e-04
-9.638148462820809916e-05
2.718243497004700637e-02
2.140598025632240581e-02
1.636654560843752576e-02
1.209043514196038623e-02
8.580810540117661880e-03
5.810774747363732853e-03
3.723120288347048831e-03
2.229959833087647586e-03
1.240556923696739620e-03
6.752281030580112829e-04
4.476080413250697236e-04
3.026888499733238472e-05
-1.008917163930890635e-04
