# 2pt_simulation
2.099701694036184816e-06
2.997069089389401018e-06
5.871537713345084116e-06
1.289218926151168191e-06
2.248824063088622209e-06
2.530004510754118911e-06
2.466338371249413048e-06
8.281798807576270678e-07
1.306015695162705439e-07
1.020604329020969307e-06
1.341947640275804765e-06
8.307313490072112659e-07
4.032381654294604913e-07
9.149728345174690010e-08
3.405227990132790646e-07
4.188899741406243826e-07
2.817402565986022692e-07
1.266293571807576911e-07
2.711804118162547137e-09
5.437993280259793944e-06
5.305604260446332435e-06
6.052115601412788156e-06
3.963215072348780274e-06
2.375333497336010143e-06
2.402541735847682793e-06
2.802477275469113634e-06
2.651890022359527355e-06
5.396265639267665888e-07
1.396332565017918927e-06
8.611553237885803066e-07
5.763100392819544904e-07
4.889033639744292573e-07
4.991239105237579865e-07
1.965527685553897415e-07
2.793609800998128168e-07
1.661628215737672173e-07
6.958426327508714062e-06
4.921577169401155760e-06
4.855583127599249586e-06
3.242140361208501851e-06
2.875417818032209356e-06
1.792241233249094323e-06
1.926758898395306573e-06
1.571183556015657351e-06
8.754728381283045954e-07
5.788272884987321107e-07
6.364668120716090758e-07
5.929988411180358484e-07
3.360035560063351974e-07
1.990557899716510894e-07
1.837356749099438381e-07
6.824535293165232903e-06
5.961142368990344928e-06
5.428031761635967447e-06
4.138405383828337863e-06
3.113615713069387103e-06
1.639020427488876483e-06
2.150184239993335733e-06
1.374800367286229489e-06
6.811332981462453314e-07
4.576640635572253407e-07
5.215980257467387880e-07
5.249380393329079508e-07
5.077025750980663482e-07
2.963567101675833692e-07
2.197145317597810877e-07
1.207741294719148475e-05
1.668877824078675558e-05
6.655289597313751910e-06
7.511966538958359110e-06
6.884945795529968325e-06
5.787644222409290534e-06
5.377349450049312329e-06
3.613350909021541856e-06
3.278046618806036250e-06
2.864902807647029836e-06
2.062585519034191378e-06
1.569619322175036154e-06
1.007992844621446482e-06
7.531608262134097733e-07
3.984884558879534504e-07
3.899835961337291086e-07
3.367377200576489276e-07
1.041522380204811272e-05
9.361713579404706310e-06
6.920534878014641551e-06
6.293694006828922586e-06
5.361697020662287059e-06
4.705824572343258933e-06
3.864051198728301996e-06
3.235027403297488063e-06
2.124453362212145504e-06
1.752016508575122321e-06
9.981087981280649918e-07
7.899003105101912494e-07
3.133328680091757375e-07
1.928737080721299741e-07
1.478816311046155709e-05
1.015554879961999434e-05
8.736822756463501408e-06
7.306442112925271179e-06
5.296118560921424023e-06
4.485176712453125433e-06
3.255991514740230736e-06
3.279861727239420964e-06
2.176655294379352268e-06
2.048138641783039835e-06
1.125564016216277143e-06
7.540853749550061420e-07
5.065250731793011431e-07
2.064317707768516532e-07
1.302251231793964662e-05
1.228101642872936706e-05
8.077885236583688290e-06
6.970759647750827026e-06
6.252828934789667441e-06
3.969434482290745748e-06
2.933134225392781758e-06
2.592972596393663755e-06
1.866066992970318937e-06
8.480081496059602668e-07
4.312490514441771414e-07
1.045935263115816644e-05
8.203102537266472819e-06
6.781405186164786826e-06
4.393443051566271743e-06
3.256895042980799476e-06
2.495890898291796411e-06
1.761476654160951937e-06
9.244471015692336313e-07
2.975407052678959468e-07
2.275510487160813369e-05
1.562233676300206419e-05
1.322806141290047376e-05
1.136244486685366242e-05
7.619883820550053723e-06
5.404927360858223792e-06
4.101907866613103633e-06
2.554002481683082547e-06
1.739203797711949104e-06
8.110114624890524884e-07
1.280349661416202332e-07
7.608337987247801300e-07
-8.547773010672272960e-08
6.723863220549786321e-07
4.325566220027556946e-07
3.180560839803925236e-07
4.811221576139118502e-07
3.856661095281623706e-07
3.600869187607291646e-07
9.563634870901345678e-08
2.163881149520267922e-07
3.098263000037310618e-08
3.971485129009519758e-07
5.411746866832046780e-07
5.753225073547605141e-07
2.726437626047750389e-07
2.364430975510483510e-07
1.562798491954486988e-07
7.935495141117659371e-07
6.088432900591896177e-07
3.324058546072569701e-07
3.917239464201377488e-07
2.627615695936770603e-07
5.549231394587530972e-07
4.128633390739591001e-07
2.583776691940143553e-07
3.385439917641689161e-07
1.786379315121532329e-07
1.256995199017098678e-06
1.237919503621057852e-06
9.989363967234635187e-07
8.893692379584512516e-07
8.949908546055078253e-07
7.278385384194816074e-07
5.659196299534919710e-07
9.187934172418717846e-07
9.007619086391419584e-07
7.045112680653413861e-07
9.807480957855549409e-07
1.106655284546317964e-06
8.705462112819198716e-07
2.004216222908774016e-06
1.648226708044471618e-06
1.429449364836703328e-06
2.084145568767130425e-06
1.798283169029484199e-06
3.516099220035916972e-06
2.561361606266868751e-06
2.567435281271541982e-06
4.468462785836689480e-05
3.874156186360583993e-05
3.717648084336174131e-05
2.833453641454564898e-05
2.586324327028185151e-05
1.953022393661113450e-05
1.477364861874673944e-05
1.158276128097233837e-05
1.322570961215361534e-05
1.326499296760324464e-05
1.744852058375566015e-04
1.603914935983761375e-04
1.292582321111998230e-04
1.108328708688276660e-04
9.714385856144002937e-05
8.333822801449146422e-05
7.241608576796486623e-05
6.269141347475778233e-05
5.231237667079529301e-05
4.083317559184963406e-05
3.085726446767105197e-04
2.755078709169739857e-04
2.316359932360210724e-04
2.000414468565965434e-04
1.783900295269952470e-04
1.541023900283673329e-04
1.266010687886219642e-04
1.005426871321550358e-04
9.698865656716616833e-05
7.829360751490549203e-05
3.348461927034947347e-04
2.846043570857014361e-04
2.650520935770658512e-04
2.272630355308103724e-04
1.986915823570752407e-04
1.694923972771757658e-04
1.374610217663787561e-04
1.132159118054173086e-04
1.007442146363668359e-04
8.398839170414594882e-05
5.819133089533396608e-05
3.724465710197372907e-05
2.576552650690729454e-05
1.889478868332165616e-05
2.401870017049658628e-05
9.643959031279057174e-06
1.146940990479325585e-05
1.020963816704009992e-05
1.048592408783380618e-05
6.217377853242347130e-06
1.722331250580624223e-06
6.082423508422067762e-06
4.119857637990723297e-06
2.190142998924532648e-05
2.539762280698000746e-05
2.453456142057941790e-05
5.757120507175259869e-06
1.880550007111302101e-06
1.051841625674087987e-05
1.030823046274145750e-05
1.261941486493869839e-05
1.316200912100219370e-05
6.790823095429613292e-06
7.946226207815005073e-06
8.350212912408435417e-06
1.089175973606790844e-05
2.359122693706708026e-04
2.012318912001126068e-04
1.766106988161463931e-04
1.461666516156124164e-04
1.343749469380679275e-04
1.089622415852717710e-04
1.038645696226100874e-04
8.581535049325918945e-05
7.027848902462490593e-05
5.185545410235870646e-05
4.669457428596539132e-05
3.506630452061275242e-05
2.857747420567709686e-05
4.107622823093869222e-04
3.429628332986855207e-04
3.073203661405890714e-04
2.589015723395947377e-04
2.220502084630143237e-04
1.985435277987369798e-04
1.764532621118982390e-04
1.491920831883577364e-04
1.197153453929796808e-04
1.007765680867022849e-04
7.328099446925191815e-05
5.716424556716505584e-05
3.852006576831135343e-05
6.559469079804942828e-06
2.336276574817276424e-05
2.591712176696401749e-05
1.942294916842177545e-05
2.788097293911988539e-05
2.107135045353487348e-05
1.475323080986275631e-05
1.603129601238578928e-05
1.413368809053049894e-05
9.428259503599248028e-06
4.980162193721997916e-06
4.190710511813548964e-07
5.196143757633271812e-06
1.930887909438127884e-06
1.331069418769701883e-05
3.067307121660631133e-05
1.335535874797064092e-05
2.348414558253029825e-06
1.409865803750761788e-05
1.226652405845592652e-07
1.227901419452886716e-05
1.597428641375591194e-05
8.790688496654642278e-06
3.138889833180550573e-06
1.083412044617990726e-06
2.468575388969270011e-06
4.635989827760554064e-06
7.199208953570533663e-07
6.469128472806669346e-05
7.586770033498469032e-05
7.198319368680004284e-05
7.258166435844980635e-05
6.141256496160880061e-05
4.616658050988331198e-05
5.092054664758722263e-05
4.157183410639110610e-05
3.477677650737921673e-05
2.153421665079061764e-05
1.790495537958007073e-05
1.964251676538210600e-05
1.397399968566523339e-05
1.142317146142444554e-05
2.942556338027250864e-04
2.606658036829108968e-04
2.424887818846048720e-04
2.093791736636967473e-04
1.942830247486102078e-04
1.624538557255292119e-04
1.463265905262337149e-04
1.244284686285585342e-04
1.026792738685044777e-04
7.940095329476374447e-05
6.147990699318502345e-05
4.798892137136451415e-05
4.279051814010744088e-05
2.574672743468280311e-05
3.029806907102342703e-05
2.105983820494884592e-05
2.133336424846516474e-05
2.376551753624990247e-05
1.750607617966785422e-05
1.996090355623128526e-05
1.289594860710853318e-05
8.102175981375838809e-06
6.294526114722824998e-06
-4.108300961368668238e-06
-2.395441233741397709e-06
-1.717689679441848832e-06
1.374181938469488793e-06
-7.058798390164139270e-07
3.667793285999487984e-05
2.670225150855917048e-05
1.156827714855534652e-05
2.863357506512899151e-05
1.664250072633927883e-05
1.804639830451472616e-05
1.957951544583639371e-05
1.003236694592938289e-05
8.954437601125972120e-06
1.225627501714209505e-05
1.219766282352208024e-05
7.826271017064328060e-06
2.750819541661312967e-06
2.245659635942863031e-06
5.654283695077503739e-05
4.491068651269077266e-05
3.341395409925816315e-05
4.923184396713118347e-05
4.062838832446683890e-05
2.193511670524562535e-05
2.426256553602426657e-05
2.756222321695990144e-05
2.493173583586328598e-05
1.753300036762317130e-05
1.531268660496211344e-05
1.240090648083319405e-05
7.142731209009983396e-06
6.863544145219712680e-06
2.565791535593068152e-04
2.247292710944152633e-04
1.867288415251281645e-04
1.844580271319454007e-04
1.503695309303323827e-04
1.258616629017380933e-04
1.085497848406668153e-04
9.056699376826761396e-05
7.142152020485485243e-05
5.257411665213213562e-05
4.971350385611038168e-05
2.899324251792807075e-05
2.741867040988315326e-05
2.012995248404777306e-05
2.587891731037578278e-05
2.231474555378899717e-05
1.857675319264640831e-05
1.540068809444114831e-05
-7.111474963344282824e-07
8.336710638671742863e-06
1.941317494242035096e-05
3.624103413071852269e-07
-2.177571942314338361e-06
1.236818194754164566e-06
-4.546739242995503283e-06
5.272469017490697698e-07
6.694029684772808601e-06
2.275633953107100218e-06
4.094493722294017233e-06
8.257949657418909998e-05
3.418469105051570350e-05
3.090290698640547797e-05
1.485620440181690857e-05
2.525850981369894151e-05
2.139871895709695207e-05
2.357368010213078713e-05
1.738451654238411020e-05
7.844513265066050116e-06
2.912831700351955415e-06
7.428462479931396641e-06
1.181573764760474605e-05
8.826523419318636472e-06
7.584434813114311056e-06
5.520363384283939699e-06
6.151847466879159358e-05
6.077861364225265936e-05
3.552467891000234086e-05
4.278863134046392792e-05
3.085335127275166755e-05
3.334634076356251132e-05
2.842928757021946653e-05
2.524432018328509511e-05
1.380011229027399115e-05
1.673151858890659197e-05
1.826371976776117807e-05
2.400517860868982750e-05
1.694808775079094520e-05
1.018495354179124125e-05
9.549768655890645760e-06
1.870715453734182179e-04
1.737513713516732994e-04
1.535251811739061774e-04
1.411979929902814962e-04
1.204315800829874086e-04
1.075450660261243884e-04
9.377313357032718733e-05
7.927280594183701301e-05
6.390569906605794910e-05
4.771924081267711290e-05
4.522422622033463267e-05
4.118485057657288357e-05
3.155601433625909578e-05
1.970273226411716624e-05
1.862252700187704588e-05
2.177657589537916952e-02
1.695962041042348156e-02
1.280166500255709196e-02
9.441829922329690594e-03
6.734947993990757567e-03
4.627460587331674521e-03
2.413363109218706528e-03
9.794408512197334132e-04
3.789827192139348655e-02
2.984197840185879441e-02
2.260017127400715253e-02
1.682339673283541823e-02
1.178236274214357858e-02
7.765329488289880386e-03
4.598360247071430276e-03
2.633969759584879264e-03
1.299791715934314230e-03
8.959811116826135822e-04
7.372457881585479543e-04
2.842767470867547594e-02
2.195050363868780025e-02
1.652878410800583120e-02
1.254906932263202303e-02
8.791505449937368419e-03
5.527394785926747003e-03
3.269413854422014137e-03
1.597795399659401872e-03
5.416014372420606534e-04
-2.483866602141503481e-04
-4.292219973708595419e-04
-5.602513269315925835e-04
3.464108355900748920e-02
2.676985178932038065e-02
2.022797307701109867e-02
1.468138074847954652e-02
1.021294515049024632e-02
6.623090385264453900e-03
3.910954103421543371e-03
2.080807599959946363e-03
9.356062403286915857e-04
3.423809534627743215e-04
-8.670707805723677601e-05
1.467405587598640286e-06
2.620191016703829132e-02
2.056027630575359838e-02
1.540106971868857727e-02
1.135378956220301286e-02
8.125732293987608656e-03
5.497480928394814052e-03
3.364501494397331878e-03
1.854427626989672926e-03
8.671244227828167183e-04
1.953043135889409869e-04
2.794331580029791283e-05
5.300501859529101564e-05
1.666525474571311312e-04
