# bin_2_2
3.408413501887109809e-05
3.647861024418620274e-05
3.875935944973190087e-05
4.096263633867452801e-05
4.304178616049071404e-05
4.495603152318571500e-05
4.667985646405093688e-05
4.820034721758041115e-05
4.951342253220652795e-05
5.062093086098481032e-05
5.224498137934265518e-05
5.277983526873537319e-05
5.334965058633807145e-05
5.333110848565861576e-05
5.281849377632206430e-05
5.132062109637581057e-05
4.919512384302243826e-05
4.668342317204932264e-05
4.307003716237193391e-05
3.860104753833801071e-05
3.456443179789492825e-05
3.114176447608033856e-05
2.740067320667604207e-05
2.464238293458234096e-05
2.224299984214455503e-05
2.000589844159492367e-05
1.744769248677865441e-05
1.480504077662710701e-05
1.238360408160425572e-05
1.024683269807548219e-05
8.762535289268956641e-06
7.457656569281899426e-06
6.222944575058576327e-06
5.119212574695830074e-06
4.296271279773701444e-06
3.588194008772166754e-06
2.990100716808822468e-06
2.508191459930515258e-06
2.106104172205651909e-06
1.777722847323693340e-06
1.507526192035904566e-06
1.285422402637191715e-06
1.102156132194034829e-06
9.500061999734377361e-07
8.226023028127735946e-07
7.147116853382387283e-07
6.221063363443364162e-07
5.414634069540929881e-07
4.702300000577277266e-07
4.065578721371023598e-07
3.492052952508470808e-07
2.974235219366629957e-07
2.508323195240154751e-07
2.092791489451956335e-07
1.727049458475051641e-07
1.410264858248115349e-07
1.140640790130591208e-07
9.151281973231862553e-08
7.295051436668175383e-08
5.787796338718009225e-08
4.576833704344344124e-08
3.611329903179199188e-08
2.845381951032363252e-08
2.239697537618554370e-08
1.761853782269852294e-08
1.385742673926215918e-08
1.090481630960360170e-08
8.593322925528922815e-09
6.787139821341284343e-09
5.371325767469771010e-09
4.253535455291167053e-09
3.368083946275916077e-09
2.666576482289945449e-09
2.110899341631518402e-09
1.670811595087190125e-09
1.322324465731520252e-09
1.046413405646609647e-09
8.279944545203840805e-10
6.551105640900113282e-10
5.182853949143144659e-10
4.100102133585956699e-10
3.243365270036942466e-10
2.565527851364539956e-10
