# bin_6_6
1.229545377630301702e-05
1.240232966199871596e-05
1.247888610799703970e-05
1.254724384364770897e-05
1.261445229328408695e-05
1.268394238147113933e-05
1.275594620116652362e-05
1.283006172318575893e-05
1.290568790110547085e-05
1.298200751903190289e-05
1.313246093146801439e-05
1.320482881989476306e-05
1.334002950837953436e-05
1.345833026479222658e-05
1.355604445708319061e-05
1.365871559565601443e-05
1.370485413624029004e-05
1.369326106747229811e-05
1.359054343233648611e-05
1.333344186039088444e-05
1.295410708827779004e-05
1.247836558676472181e-05
1.170144144278055577e-05
1.085810187529691171e-05
9.889380168351366820e-06
8.872580408551887336e-06
7.806185056788230128e-06
6.907443742323116593e-06
6.218056845521800107e-06
5.628877660996821696e-06
5.143680438025130580e-06
4.555474864455203265e-06
3.840935876275083324e-06
3.090879397099958818e-06
2.551479454347629368e-06
2.228813786247478867e-06
1.915521502925313176e-06
1.534909444035802461e-06
1.260140866902762657e-06
1.064746016610054095e-06
8.600037125771183185e-07
7.120646626506611255e-07
5.828911481996604182e-07
4.804772149420938969e-07
3.955730981965970380e-07
3.271830507811783541e-07
2.716935447477752552e-07
2.266922207883270590e-07
1.901837821688658723e-07
1.604880494504749581e-07
1.362157699607590213e-07
1.162523749213519302e-07
9.968322998311515971e-08
8.577277438182904295e-08
7.393621538473921944e-08
6.371998213873727844e-08
5.478056183822397170e-08
4.687373851118362522e-08
3.983610150336545158e-08
3.356884786078391361e-08
2.801668720674341282e-08
2.314810736002371199e-08
1.894013308528749822e-08
1.536185469672855744e-08
1.236976129010553610e-08
9.905759936287133715e-09
7.902916011607889445e-09
6.290252520764214305e-09
5.000292420377022650e-09
3.972889637299442209e-09
3.157021471077112051e-09
2.510775255264006217e-09
2.002238029151433065e-09
1.603929180101389109e-09
1.288151820654058104e-09
1.034725717515183937e-09
8.309869686210527863e-10
6.672320864208972142e-10
5.356477452696975764e-10
4.299395972848829260e-10
3.450382516611904180e-10
2.768630068169156673e-10
2.221298938681557498e-10
