# bin_5_5
2.482289754321846255e-05
2.491406999855830297e-05
2.496169190282869878e-05
2.499460728530972819e-05
2.502443468008322107e-05
2.505561530741829792e-05
2.508935443535198863e-05
2.512589416880575140e-05
2.516465638132616854e-05
2.520435337982921477e-05
2.528148635527166618e-05
2.531638057376553157e-05
2.537285316966660524e-05
2.540496431196682850e-05
2.540646626593982593e-05
2.534177367298788816e-05
2.518940195482289660e-05
2.494668208132670321e-05
2.448655046071682934e-05
2.371298899067882394e-05
2.275805627959770643e-05
2.167084562474874961e-05
2.002283568217614433e-05
1.834347442585534200e-05
1.651834798712676483e-05
1.470302322377955973e-05
1.290948755346756545e-05
1.150021048644930836e-05
1.044241654828046665e-05
9.498656877039391648e-06
8.573857088094701207e-06
7.357851414241241376e-06
6.027746183972311910e-06
4.869788972197103471e-06
4.172603792735080463e-06
3.663402985495443199e-06
3.005596311120863905e-06
2.413300443389723098e-06
2.048228619567509412e-06
1.679278016986930010e-06
1.375573665473845989e-06
1.137943192166621673e-06
9.357870009984663053e-07
7.728770970802924507e-07
6.405666594737203563e-07
5.327521835038472589e-07
4.452719787270187992e-07
3.742263992902237660e-07
3.163593751061023293e-07
2.690242915921129398e-07
2.300348848057529927e-07
1.976387368460684239e-07
1.704007046335610072e-07
1.471786905684972643e-07
1.270893160015627647e-07
1.094602277728012876e-07
9.381632712412969342e-08
7.984140048877338925e-08
6.735223999292839019e-08
5.624912800395043335e-08
4.648562988949913036e-08
3.802517833831742162e-08
3.081942145342845426e-08
2.478857135698409039e-08
1.982219724323800819e-08
1.578757841679327862e-08
1.254319757834095594e-08
9.951362425680876558e-09
7.889728875081056113e-09
6.254432536450355431e-09
4.960219163124286445e-09
3.940400590955433004e-09
3.142916584607918588e-09
2.516013356938677299e-09
2.015785515414707106e-09
1.614712360148359669e-09
1.293180233312080251e-09
1.035479910948666807e-09
8.289889438763888784e-10
6.635689024047823468e-10
5.310792647325035663e-10
4.249859539324847184e-10
3.400460949116162741e-10
