# bin_1_1
6.729300843380392884e-05
7.355545671329010782e-05
7.897491981552861424e-05
8.378164341280299279e-05
8.789776622333281763e-05
9.126046966766919412e-05
9.385464101418370872e-05
9.570232131371997450e-05
9.684929235492207114e-05
9.735510896512210072e-05
9.671283318827331697e-05
9.570356107651439327e-05
9.264396712848195449e-05
8.860185914762366409e-05
8.399662481957124506e-05
7.673982056565832079e-05
6.973327318454882612e-05
6.342078199919896951e-05
5.634875781152487954e-05
4.951655862365875605e-05
4.433796531577407140e-05
4.014563236555185912e-05
3.512957061039330176e-05
3.073581874532762837e-05
2.640812366551761021e-05
2.242445856449516045e-05
1.868035064553711917e-05
1.571469181547887530e-05
1.340716450944773658e-05
1.123014454466784151e-05
9.407514962280144280e-06
7.849951650072315400e-06
6.619377178088789069e-06
5.536636111907207736e-06
4.668431869151416819e-06
3.953511835633555421e-06
3.362668783938491707e-06
2.875417335473885628e-06
2.472046083962179231e-06
2.136509298649089242e-06
1.855151138031984001e-06
1.616673848034978562e-06
1.411875878412976568e-06
1.233406313928767654e-06
1.075616155347878305e-06
9.343626645721107083e-07
8.068112410600642294e-07
6.912281896927476145e-07
5.867108141525247783e-07
4.928946240408162480e-07
4.096660396823153929e-07
3.369148650841177134e-07
2.743603151320293094e-07
2.214692347878009503e-07
1.774579850917089968e-07
1.413557944158856125e-07
1.120952410174697762e-07
8.860199850812239355e-08
6.986953989276756307e-08
5.500522643539288251e-08
4.324987221707985933e-08
3.397764867155383488e-08
2.668307744842328173e-08
2.095950859924231507e-08
1.647656145479266717e-08
1.296783992252147379e-08
1.021943792748642529e-08
8.059787878258367504e-09
6.357487941220564199e-09
5.014294932825144703e-09
3.954458740613587878e-09
3.118313859723568635e-09
2.458734496230230273e-09
1.938500458144533650e-09
1.528220598630255604e-09
1.204690403668748497e-09
9.495929945232937750e-10
7.484721942340570757e-10
5.899204464672314463e-10
4.649372391432065886e-10
3.664222487324215078e-10
2.887749405255945002e-10
2.275784052518032726e-10
