# bin_4_4
2.114831291385326051e-05
2.125913270433073030e-05
2.132959392129420690e-05
2.139606862857111464e-05
2.147107873246694858e-05
2.155767897133661294e-05
2.165545828994386513e-05
2.176228720276607518e-05
2.187512052599539989e-05
2.199073959098493588e-05
2.221864469331270465e-05
2.232572358967041079e-05
2.251564443489112872e-05
2.266300901552885253e-05
2.275923688157831427e-05
2.279757691813619398e-05
2.270429930736348530e-05
2.248279426180598950e-05
2.200502817926432516e-05
2.116173983474703695e-05
2.011584468161720278e-05
1.894495998720885683e-05
1.723036135885791566e-05
1.556903516436901881e-05
1.387052403807004430e-05
1.230235338812156114e-05
1.088409252012309981e-05
9.830689781179559813e-06
9.005027581940708189e-06
8.084595849416177928e-06
7.013014717785794524e-06
5.748578403570480091e-06
4.688493495595478452e-06
3.978179584385994540e-06
3.480511068241007858e-06
2.883757101451371524e-06
2.326134778014484905e-06
1.961600250406341447e-06
1.622769572218958547e-06
1.330859960356357833e-06
1.104975833814591066e-06
9.120405775996323398e-07
7.569221043103319474e-07
6.298994259311431347e-07
5.264753046177399095e-07
4.423136240858261546e-07
3.737108994758746056e-07
3.176050939309527736e-07
2.714777325941241274e-07
2.332451250855181390e-07
2.012362653702332288e-07
1.740836690251992593e-07
1.507078097235639694e-07
1.302821094169817202e-07
1.121946196018002074e-07
9.602721217673790275e-08
8.151912354580198471e-08
6.853264518831647258e-08
5.700301799691722697e-08
4.690186079563054150e-08
3.819593958606364844e-08
3.082782404087720121e-08
2.470088090266539502e-08
1.968603654781371131e-08
1.563306236915753040e-08
1.238745398806944612e-08
9.802854003642597308e-09
7.752142536361625205e-09
6.129051676797166681e-09
4.847266638004284783e-09
3.839052238590572687e-09
3.051249644668234974e-09
2.433629476131147401e-09
1.943056912164944865e-09
1.551185656517710861e-09
1.238113173590804310e-09
9.880526982247909419e-10
7.883671633544318330e-10
6.289426801849103816e-10
5.016873220590472477e-10
4.001291411738937670e-10
3.190933887539524820e-10
2.544438099577681044e-10
