# bin_3_3
3.856415725323330830e-05
3.894055943410967672e-05
3.925175399404104529e-05
3.955117852865339622e-05
3.985358490499279311e-05
4.016116927280344003e-05
4.047056228086356327e-05
4.077585163224528998e-05
4.107059472702170383e-05
4.134862312997515465e-05
4.183320729780120939e-05
4.203127829567558497e-05
4.232389718971804810e-05
4.246671296550389211e-05
4.245356300443762089e-05
4.214468893738357704e-05
4.151087497700952771e-05
4.059075358728362189e-05
3.900076989211448988e-05
3.660026977879593686e-05
3.395551944491336855e-05
3.126837407343366625e-05
2.772710648589344755e-05
2.466379036924107085e-05
2.188120003363317433e-05
1.962214010702695560e-05
1.771069962730111526e-05
1.612822634668649953e-05
1.444780925793712167e-05
1.220140434785521060e-05
1.000667343850470272e-05
8.223909726364073467e-06
7.124126138109981148e-06
6.129594087758617934e-06
5.012476516827263850e-06
4.111936192515033688e-06
3.472967743713213197e-06
2.861352471223424739e-06
2.372245226521054723e-06
1.972094406464033839e-06
1.640272106816260690e-06
1.369688350895528841e-06
1.148577991154602992e-06
9.679029406109845077e-07
8.202293164809593236e-07
6.991568533778014582e-07
5.993724629323395249e-07
5.164815442660206686e-07
4.469039857961030941e-07
3.877441466792098938e-07
3.366773224548399054e-07
2.919123087658712884e-07
2.521328406746417319e-07
2.164268574957468579e-07
1.842395133651358603e-07
1.552818078537332046e-07
1.294458021616152922e-07
1.066985439492577848e-07
8.700543467539588506e-08
7.026967332200783171e-08
5.630781279132605530e-08
4.485204088012361586e-08
3.558003334298053359e-08
2.815063536856582779e-08
2.223674278806528255e-08
1.754727672675631373e-08
1.383867544955161416e-08
1.091180162552683505e-08
8.607060379220789545e-09
6.801367943918197378e-09
5.393346219457280914e-09
4.287824560620055654e-09
3.410536273550307395e-09
2.712304018317796238e-09
2.156648598847546701e-09
1.714551368674854116e-09
1.362876899802678750e-09
1.083185222179528338e-09
8.607831510968428057e-10
6.839662772465699332e-10
5.434135949775577385e-10
4.317041445127843390e-10
3.429311684383502268e-10
