# bin_2_3
1.500245128705253580e-03
1.338629995707764104e-03
1.161496515387717456e-03
9.805399532386357021e-04
8.101644654679132813e-04
6.621165533619024438e-04
5.418942598256809486e-04
4.487107878216763362e-04
3.778565327403618436e-04
3.234733077297646418e-04
2.803304948650240888e-04
2.444496322478533997e-04
2.130936223499573770e-04
1.845454606726711685e-04
1.578565296009184593e-04
1.326447150453757330e-04
1.089391134286080403e-04
8.699329715082717706e-05
6.715261107603380563e-05
4.947290248667380897e-05
3.563488315753393881e-05
2.599585357715385512e-05
1.761476746797770995e-05
1.085566719166808727e-05
6.276403349155765050e-06
3.475094493132485076e-06
