# bin_6_3
1.398676943648093649e-04
1.259066587688439562e-04
1.112307690112097230e-04
9.649844272214008636e-05
8.243822304043616281e-05
6.965374383986602314e-05
5.850908710707063934e-05
4.911640770377558154e-05
4.137794295792886283e-05
3.506384643086170663e-05
2.989167412934115448e-05
2.558637563995983717e-05
2.191679486163306803e-05
1.870797605361105859e-05
1.583894169141041353e-05
1.324395953046011942e-05
1.088299595221320281e-05
8.758350912406816894e-06
6.898025833759904458e-06
5.298392000334332111e-06
3.983840145123259514e-06
2.916503216320536924e-06
2.065115770558692940e-06
1.409850684200969242e-06
9.290799977405192897e-07
5.924104498738413644e-07
