# bin_1_1
2.185708796999112939e-04
2.050016970467350948e-04
1.886958209350594960e-04
1.696940793039676001e-04
1.485529739646850901e-04
1.264337113496031239e-04
1.048945948506809357e-04
8.546587447588448205e-05
6.917046754125654113e-05
5.628397413128717342e-05
4.645001562147552576e-05
3.899948020289606670e-05
3.324184154197151351e-05
2.861481225905327893e-05
2.471688736580864568e-05
2.128632602578514754e-05
1.816764369742819202e-05
1.528086226917728645e-05
1.259855246893616275e-05
1.012559796713739639e-05
7.887006897865763355e-06
5.918591789760811914e-06
4.293729463116870124e-06
3.105279946446639242e-06
2.158566310604604012e-06
1.377664626529737543e-06
