# bin_1_4
1.753738530594186988e-03
1.616274838527168717e-03
1.455330888399214775e-03
1.275263311438442531e-03
1.086233595679358304e-03
9.021400368285327964e-04
7.363186010999405676e-04
5.974814830526705301e-04
4.878507699331028550e-04
4.042777768202848883e-04
3.409735563583813516e-04
2.919780146003299261e-04
2.524484967110919684e-04
2.189422522815769414e-04
1.892300450094248736e-04
1.620029862644273169e-04
1.366108790978824965e-04
1.128640694955109039e-04
9.087896309810198096e-05
7.088487748682397360e-05
5.308384998782223949e-05
3.857185430408468911e-05
2.792456868641721070e-05
1.933711358629938449e-05
1.240855619167215292e-05
7.325914002845037547e-06
