# bin_2_4
1.836003515512417373e-03
1.633851229365681796e-03
1.413519291099906566e-03
1.190048478098407192e-03
9.813845792876214197e-04
8.015939312677487555e-04
6.566687640313861266e-04
5.448963467545917374e-04
4.600408736055745925e-04
3.947768212022691658e-04
3.427463479779761877e-04
2.991978509016648448e-04
2.609029126752911132e-04
2.258629504490986700e-04
1.929972138356895615e-04
1.619015379755311685e-04
1.326661238625269313e-04
1.056327850171478788e-04
8.124239736948680850e-05
5.954897965748999039e-05
4.284619455940193758e-05
3.123706867337894695e-05
2.097304656503069819e-05
1.279446244396617352e-05
7.334081771420710099e-06
4.036053794500965022e-06
