# bin_4_1
7.999250949122606639e-05
6.863681531077418698e-05
5.846983571588626298e-05
4.988302671688697298e-05
4.285702271130221937e-05
3.711294092989268268e-05
3.232305440961743181e-05
2.823160833601969245e-05
2.466620597989319712e-05
2.150750893040054442e-05
1.866594004890534427e-05
1.607384220842569077e-05
1.368548435552572094e-05
1.147625362813337259e-05
9.443302002053255640e-06
7.601395939055776655e-06
5.958380976020122977e-06
4.507798651785955667e-06
3.322469834257823705e-06
2.595325712369189947e-06
1.847490211877025596e-06
1.227572006872471462e-06
8.103476427572359368e-07
5.390491402262793494e-07
3.594319856347244407e-07
2.368278436983371813e-07
