# bin_1_3
1.605372727206358374e-03
1.481400661962705909e-03
1.335920458709666378e-03
1.172626158325084777e-03
1.000489083532102048e-03
8.320449570395713895e-04
6.795715931815847054e-04
5.513404250367875481e-04
4.497492610591693378e-04
3.721838325449974036e-04
3.134565895713793356e-04
2.681052380743072119e-04
2.316388214725143273e-04
2.008407398459571846e-04
1.736151151026146789e-04
1.487211343423928023e-04
1.255313102622892911e-04
1.038482096937164780e-04
8.376049845124650269e-05
6.547035017760496618e-05
4.915719900747695786e-05
3.576906376718616836e-05
2.590789868864635905e-05
1.800822948750864131e-05
1.162133125605305719e-05
6.894130516437868533e-06
