# bin_6_1
6.074457570597823722e-05
5.258023923905020267e-05
4.570277491330725241e-05
4.000469047138126126e-05
3.523545252744881933e-05
3.113200129864506269e-05
2.749472444594783918e-05
2.420529996315835632e-05
2.119983182099350919e-05
1.844019303131067547e-05
1.589847900504975247e-05
1.355442668176986136e-05
1.139637583517183796e-05
9.420045044143863402e-06
7.636499664807045490e-06
6.051287004869836618e-06
4.660400236770721947e-06
3.465439248872836071e-06
2.720981510213185833e-06
2.022283297237731625e-06
1.398482852467861913e-06
9.599367966163271949e-07
6.579663111824774396e-07
4.552341737877298189e-07
3.140497477109832218e-07
2.135621731683222639e-07
