# bin_4_3
2.427220379766395584e-04
2.104114711017383778e-04
1.797315747460963688e-04
1.523285156546736602e-04
1.289396321019275831e-04
1.094813902864785006e-04
9.345104420105747030e-05
8.025131537363023400e-05
6.930804530926924323e-05
6.009461185664413083e-05
5.215294363456199421e-05
4.511792270206924581e-05
3.873002475027435690e-05
3.283181578099106298e-05
2.736691802238539324e-05
2.233757936289690086e-05
1.778060177461896545e-05
1.370918352949030993e-05
1.014831423625999197e-05
7.787237227439540855e-06
5.661266064484713803e-06
3.795241118103757693e-06
2.490100111953129934e-06
1.608779232969369708e-06
1.019798720238784493e-06
6.300146978865843630e-07
