# bin_6_4
4.844806153348379571e-04
4.129693881582769061e-04
3.517773881203369794e-04
3.010459712829866583e-04
2.595485970518512800e-04
2.255405916267760381e-04
1.973092743398926585e-04
1.734070048676751531e-04
1.526350817712058866e-04
1.340300959917557115e-04
1.168844666703713469e-04
1.007674831444072054e-04
8.549740940259966955e-05
7.107702799574485265e-05
5.770262871610199124e-05
4.553843112763745246e-05
3.470576140967643195e-05
2.521132023061600750e-05
1.920281898987616785e-05
1.383177323422645126e-05
9.036718116143126848e-06
5.747668450860563185e-06
3.596367497682050552e-06
2.225545085910730333e-06
1.354845255230018658e-06
8.112152898998883767e-07
