# bin_2_1
1.101503661266572791e-04
9.951586983621012498e-05
8.777059518370868235e-05
7.557109961641439986e-05
6.373925906236594080e-05
5.298761489339780180e-05
4.374776185070144166e-05
3.615499848972866283e-05
3.011286844602808870e-05
2.538014091222467599e-05
2.165587473136073817e-05
1.864949670550530611e-05
1.612508467773719246e-05
1.391538052592809080e-05
1.191483532218286156e-05
1.006664437593617473e-05
8.350603123092261937e-06
6.768584339418458761e-06
5.332558400391562433e-06
4.042987379667650152e-06
3.015643637677419028e-06
2.239217540698279330e-06
1.536107871821168229e-06
1.018333238133733089e-06
6.498651440098054609e-07
3.929686725229081183e-07
