# bin_3_2
5.418808530355751559e-05
5.190898831315346880e-05
4.860937581367584867e-05
4.421791744348041214e-05
3.893498247830683693e-05
3.319600709821785223e-05
2.752791276559905806e-05
2.239266671361617812e-05
1.807185329544293409e-05
1.463754283434893712e-05
1.200426636285760492e-05
1.001277311493972606e-05
8.495192836699945943e-06
7.307337815986252090e-06
6.339126147620416150e-06
5.509910773282950908e-06
4.763521458124274897e-06
4.073826118237905242e-06
3.435858787810932513e-06
2.776022480678389953e-06
2.176083502553846349e-06
1.692607722262909242e-06
1.267913153244705415e-06
9.348606951112198477e-07
6.568425562202152304e-07
4.291877563768210360e-07
