# bin_3_3
7.338035783401001969e-04
6.312523744450349895e-04
5.308519764061020657e-04
4.404388334632460380e-04
3.648415930317411445e-04
3.047518468179714001e-04
2.579676853713822114e-04
2.213799095680904516e-04
1.921343887305802778e-04
1.679723611499850367e-04
1.471898140948511727e-04
1.285664962052455822e-04
1.113170348413035669e-04
9.502343401208960161e-05
7.956027784846295061e-05
6.503363963540116253e-05
5.165559160695396999e-05
3.966203090224074156e-05
2.895154812898470016e-05
2.078707084302902676e-05
1.575049580422114488e-05
1.035258964866597746e-05
6.247568766794705478e-06
3.708540812748754224e-06
2.169768497357462654e-06
1.239970722137194433e-06
