# bin_5_2
6.820398137966382382e-05
6.208749429572833474e-05
5.586813549275854770e-05
4.961246996731080071e-05
4.342443927570979067e-05
3.746520791798008896e-05
3.192562273901236515e-05
2.697157551890212371e-05
2.269257789904606312e-05
1.908902879485636106e-05
1.609373202898411114e-05
1.360509026773923608e-05
1.151606651354371608e-05
9.735056103838714959e-06
8.191871718353732371e-06
6.834958883667411800e-06
5.634161506441580409e-06
4.554355179781083076e-06
3.673998935668710011e-06
2.915571463550254639e-06
2.206116681719193006e-06
1.642095190450669851e-06
1.206784071667245289e-06
8.668470937748851687e-07
6.012300456899506827e-07
4.020741090530393265e-07
