# bin_6_2
6.547672068025595885e-05
5.997575153679440645e-05
5.426653077349951834e-05
4.837781085890330448e-05
4.242436806747889910e-05
3.660490914398581994e-05
3.115011010409254888e-05
2.625535951476513810e-05
2.202772830430346670e-05
1.847622183599818675e-05
1.553662574499122827e-05
1.310817746550003575e-05
1.108406323605699806e-05
9.369538522310022119e-06
7.892900021390011482e-06
6.600814901058531805e-06
5.455832725129879317e-06
4.436328170905963253e-06
3.610290808979222269e-06
2.850143499162319429e-06
2.169261025892715654e-06
1.627392162220014079e-06
1.202684759171732143e-06
8.666622629236340601e-07
6.027189836637054804e-07
4.033519184407067869e-07
