# bin_4_4
8.473631117079372371e-04
7.130889528503020925e-04
5.940603422286514380e-04
4.957338697292042835e-04
4.183004706383130740e-04
3.583172981545547885e-04
3.112707810054172867e-04
2.732172625523806306e-04
2.411869139891917898e-04
2.130415791431503156e-04
1.873007902760820138e-04
1.630367618580806394e-04
1.397951630760468195e-04
1.174944575876395701e-04
9.636277898812038419e-05
7.681811370589496893e-05
5.917875733666803646e-05
4.353319449411973481e-05
3.071949537474046342e-05
2.340521838425847523e-05
1.583396477134393915e-05
9.565770080586006885e-06
5.625680992646261428e-06
3.269464503291615952e-06
1.890438049606358060e-06
1.078687191879725409e-06
