# bin_5_3
1.439965781236466063e-04
1.289409436220420992e-04
1.134739524173604891e-04
9.826890659288924957e-05
8.397590217029395022e-05
7.109123966340912795e-05
5.989487323487649770e-05
5.045197418825364137e-05
4.264527539674586322e-05
3.623990552908974412e-05
3.095517547535583491e-05
2.652070777273506013e-05
2.271108603722320692e-05
1.935810527437719104e-05
1.634760303749415128e-05
1.362234437123765470e-05
1.114903022015848266e-05
8.913924118244745867e-06
6.969590318634497952e-06
5.388391046488812411e-06
4.017311381452956955e-06
2.913980760829966982e-06
2.053749266398968309e-06
1.399830714525890098e-06
9.213185116782775069e-07
5.875563046963009873e-07
