# bin_3_1
1.008826073133372751e-04
8.768921778532493732e-05
7.481275591432816308e-05
6.315352985703123984e-05
5.321673122583325425e-05
4.503789635061196866e-05
3.836769645711214931e-05
3.289949998810631472e-05
2.837035937100300568e-05
2.456688564347447981e-05
2.130819459195810686e-05
1.844375855148779655e-05
1.586105015892874399e-05
1.348808249105049819e-05
1.128904347088041215e-05
9.259129009185689620e-06
7.413465129274748976e-06
5.765054470015573851e-06
4.295846731237742478e-06
3.200039940826164491e-06
2.447962938361900043e-06
1.665048102065011626e-06
1.073544069478671930e-06
6.932177619425253644e-07
4.472540710673163375e-07
2.817976248397511696e-07
