# bin_2_2
4.566565215572668300e-04
4.146066223188409712e-04
3.668053558061205107e-04
3.155600913159911669e-04
2.645323366876903086e-04
2.175717464986421518e-04
1.774432599324116968e-04
1.451834779977017860e-04
1.202652838605515072e-04
1.012791740498651547e-04
8.662032894488360074e-05
7.489731432893031386e-05
6.507009192713308649e-05
5.643670448153644719e-05
4.856756453322668191e-05
4.123472549485332603e-05
3.435466192114911438e-05
2.794510924840214837e-05
2.207446945726592748e-05
1.679304110143607363e-05
1.226613181523943765e-05
8.949302217051043808e-06
6.362695004066878506e-06
4.175205287286080798e-06
2.548289076565256420e-06
1.466003557398104331e-06
