# bin_3_4
1.329528377761240434e-03
1.134448075179111557e-03
9.467247178534154073e-04
7.810304350673942693e-04
6.454497180610319464e-04
5.399255967298070792e-04
4.591593607185736627e-04
3.965712349463706488e-04
3.464803042151499003e-04
3.046347355026512668e-04
2.680121984266336122e-04
2.345722519951935140e-04
2.030954108283503220e-04
1.730250153090080126e-04
1.443033585709990144e-04
1.172575630304525479e-04
9.241233341154247007e-05
7.019074926459928886e-05
5.041614803045600944e-05
3.607868808562376663e-05
2.709411777358428959e-05
1.729413474681747466e-05
1.011491283001060536e-05
5.786672894590554909e-06
3.268080971889699056e-06
1.812186105879051093e-06
