# bin_4_2
5.333227458792417261e-05
4.930266124061013540e-05
4.492845761295705679e-05
4.024485423244336993e-05
3.536727729820143183e-05
3.049417311075624908e-05
2.586208567802236255e-05
2.167907005310401754e-05
1.806866794488801587e-05
1.505641971221221468e-05
1.259315880498891863e-05
1.059116844550473096e-05
8.953802128016483079e-06
7.592247881656937859e-06
6.434817368869551424e-06
5.432208663159183785e-06
4.543454874590069610e-06
3.746533972261394825e-06
3.055421696348751771e-06
2.459561221950651300e-06
1.893320598824287480e-06
1.435135934977366058e-06
1.070297532323222574e-06
7.804927683459061320e-07
5.472179142574264443e-07
3.675400658866476113e-07
