# bin_5_1
7.070502246998696609e-05
6.064284979716420322e-05
5.208348592478410314e-05
4.506075295926915226e-05
3.932698632686761531e-05
3.454340830618389822e-05
3.042163901203968931e-05
2.677337125808288291e-05
2.348735638664297231e-05
2.049400692568067845e-05
1.774436046969099715e-05
1.520226736789015286e-05
1.284427077227216212e-05
1.066840797115453143e-05
8.685924030699458903e-06
6.903855842162915557e-06
5.341275900514761653e-06
3.952020910083599041e-06
3.017289177503363643e-06
2.310769414583557608e-06
1.581264555812196460e-06
1.061033707292431845e-06
7.117327789470310101e-07
4.831990982811285371e-07
3.281374658011285142e-07
2.207143697539526708e-07
