# bin_1_2
8.916981540154052602e-04
8.278580472561282650e-04
7.521618280323575214e-04
6.658565996383965973e-04
5.729578955126588425e-04
4.798199010027108980e-04
3.933765130575617901e-04
3.190178783963761966e-04
2.591113759111364945e-04
2.129924003315807751e-04
1.781216514470334135e-04
1.514616139535593571e-04
1.303601743934608187e-04
1.128493480111119289e-04
9.761016837957583493e-05
8.383366788036354439e-05
7.108131678520396399e-05
5.917529372037207532e-05
4.811526799848003908e-05
3.799354609708312903e-05
2.889622372550127577e-05
2.117908467216331525e-05
1.535226587569816134e-05
1.086273867362413303e-05
7.200952741789507288e-06
4.367115191220438443e-06
