# bin_5_4
6.476905652866622341e-04
5.466495386725010990e-04
4.605438960148322070e-04
3.905335532150614169e-04
3.348558814434714399e-04
2.904799224139138682e-04
2.544072374648431506e-04
2.242307620139175279e-04
1.981147817657689762e-04
1.746818607273980910e-04
1.529637191839760906e-04
1.323681337217255910e-04
1.126388355414840520e-04
9.386194423799218585e-05
7.629520216404311558e-05
6.019519040921712284e-05
4.589594800988097825e-05
3.308128837405528407e-05
2.443859330277409637e-05
1.819893396377410087e-05
1.169110899631850365e-05
7.196399419963377101e-06
4.360766109696226796e-06
2.623965905712298889e-06
1.559236786157434910e-06
9.160558527851234677e-07
