# k_h
7.462686335202306509e-05
1.010414562188088894e-04
1.368056255159899592e-04
1.852287387009710073e-04
2.507914614398032427e-04
3.395604726392775774e-04
4.597497754730284214e-04
6.224807584658265114e-04
8.428112487308681011e-04
1.141128828749060631e-03
1.545037725009024143e-03
2.091912319883704185e-03
2.832356141880154610e-03
3.834884148091077805e-03
3.952871542423963547e-03
4.074488766491413116e-03
4.199848044663667679e-03
4.329063929617404938e-03
4.462255630642175674e-03
4.599545150995254517e-03
4.741058684885501862e-03
4.886926151812076569e-03
5.037281196564435959e-03
5.192262586206197739e-03
5.352011881768703461e-03
5.516676697880029678e-03
5.686406977474689484e-03
5.861360114067792892e-03
6.041695363819599152e-03
6.227579433470964432e-03
6.419182289391756058e-03
6.616680417209863663e-03
6.820254493504762650e-03
7.030092179775238037e-03
7.246386259794235229e-03
7.469334639608860016e-03
7.699142210185527802e-03
7.936020381748676300e-03
8.180187083780765533e-03
8.431864902377128601e-03
8.691287599503993988e-03
8.958690799772739410e-03
9.234321303665637970e-03
9.518432430922985077e-03
9.811284020543098450e-03
1.011314615607261658e-02
1.042429637163877487e-02
1.074501872062683105e-02
1.107560843229293823e-02
1.141637004911899567e-02
1.176761556416749954e-02
1.212966814637184143e-02
1.250286027789115906e-02
1.288753375411033630e-02
1.328404247760772705e-02
1.369275059551000595e-02
1.411403249949216843e-02
1.454827655106782913e-02
1.499588135629892349e-02
1.545725762844085693e-02
1.593282818794250488e-02
1.642303168773651123e-02
1.692831516265869141e-02
1.744914613664150238e-02
1.798600144684314728e-02
1.853937469422817230e-02
1.910977251827716827e-02
1.969772018492221832e-02
2.030375599861145020e-02
2.092843875288963318e-02
2.157234027981758118e-02
2.223605290055274963e-02
2.292018570005893707e-02
2.362536825239658356e-02
2.435224503278732300e-02
2.510148845613002777e-02
2.587378025054931641e-02
2.666983567178249359e-02
2.749038301408290863e-02
2.833617478609085083e-02
2.920798957347869873e-02
3.010662645101547241e-02
3.103291243314743042e-02
3.198769688606262207e-02
3.297185897827148438e-02
3.398629650473594666e-02
3.503194823861122131e-02
3.610977157950401306e-02
3.722075372934341431e-02
3.836591914296150208e-02
3.954631835222244263e-02
4.076303169131278992e-02
4.201718047261238098e-02
4.330991953611373901e-02
4.464242607355117798e-02
4.601593315601348877e-02
4.743169993162155151e-02
4.889102280139923096e-02
5.039524286985397339e-02
5.194574594497680664e-02
5.354395136237144470e-02
5.519133061170578003e-02
5.688939243555068970e-02
5.863970145583152771e-02
6.115239113569259644e-02
6.366507709026336670e-02
6.617777049541473389e-02
6.869045644998550415e-02
7.120314985513687134e-02
7.371583580970764160e-02
7.622852176427841187e-02
7.874121516942977905e-02
8.125390112400054932e-02
8.376659452915191650e-02
8.627928048372268677e-02
8.879197388887405396e-02
9.130465984344482422e-02
9.381734579801559448e-02
9.633003920316696167e-02
9.884272515773773193e-02
1.013554185628890991e-01
1.038681045174598694e-01
1.063807979226112366e-01
1.088934838771820068e-01
1.114061698317527771e-01
1.139188632369041443e-01
1.164315491914749146e-01
1.189442425966262817e-01
1.214569285511970520e-01
1.239696219563484192e-01
1.264823079109191895e-01
1.289950013160705566e-01
1.315076798200607300e-01
1.340203732252120972e-01
1.365330666303634644e-01
1.390457600355148315e-01
1.415584385395050049e-01
1.440711319446563721e-01
1.465838253498077393e-01
1.490965038537979126e-01
1.516091972589492798e-01
1.541218906641006470e-01
1.566345840692520142e-01
1.591472625732421875e-01
1.616599559783935547e-01
1.641726493835449219e-01
1.666853278875350952e-01
1.691980212926864624e-01
1.717107146978378296e-01
1.742234081029891968e-01
1.767360866069793701e-01
1.792487800121307373e-01
1.817614734172821045e-01
1.842741519212722778e-01
1.867868453264236450e-01
1.892995387315750122e-01
1.918122321367263794e-01
1.943249106407165527e-01
1.968376040458679199e-01
1.993502974510192871e-01
2.018629759550094604e-01
2.043756693601608276e-01
2.068883627653121948e-01
2.094010561704635620e-01
2.119137346744537354e-01
2.144264280796051025e-01
2.169391214847564697e-01
2.194517999887466431e-01
2.274165302515029907e-01
2.356703281402587891e-01
2.442236840724945068e-01
2.530874609947204590e-01
2.622729539871215820e-01
2.717918157577514648e-01
2.816561460494995117e-01
2.918784916400909424e-01
3.024718761444091797e-01
3.134496808052062988e-01
3.248259425163269043e-01
3.366150856018066406e-01
3.488321006298065186e-01
3.614925444126129150e-01
3.746124505996704102e-01
3.882085382938385010e-01
4.022980630397796631e-01
4.168989658355712891e-01
4.320297837257385254e-01
4.477097392082214355e-01
4.639587998390197754e-01
4.807975888252258301e-01
4.982475340366363525e-01
5.163307785987854004e-01
5.350703597068786621e-01
5.544900298118591309e-01
5.746145844459533691e-01
5.954694747924804688e-01
6.170812845230102539e-01
6.394774317741394043e-01
6.626864671707153320e-01
8.075529336929321289e-01
9.840879440307617188e-01
1.199214339256286621e+00
1.461368322372436523e+00
1.780830502510070801e+00
2.170128822326660156e+00
2.644529342651367188e+00
3.222636222839355469e+00
3.927120208740234375e+00
4.785607814788818359e+00
5.831764698028564453e+00
7.106616497039794922e+00
8.660157203674316406e+00
1.055330944061279297e+01
1.286031436920166016e+01
1.567164134979248047e+01
