# t_k
1.966512000000000000e+07
1.966636600000000000e+07
1.966824000000000000e+07
1.967053600000000000e+07
1.967196800000000000e+07
1.966917800000000000e+07
1.965648400000000000e+07
1.962698000000000000e+07
1.957232000000000000e+07
1.947933800000000000e+07
1.932832400000000000e+07
1.909537800000000000e+07
1.875353200000000000e+07
1.827103400000000000e+07
1.821343800000000000e+07
1.815423400000000000e+07
1.809312400000000000e+07
1.803017400000000000e+07
1.796532600000000000e+07
1.789855400000000000e+07
1.782976000000000000e+07
1.775900600000000000e+07
1.768610000000000000e+07
1.761107800000000000e+07
1.753390600000000000e+07
1.745455000000000000e+07
1.737294200000000000e+07
1.728910400000000000e+07
1.720296600000000000e+07
1.711449400000000000e+07
1.702364600000000000e+07
1.693039600000000000e+07
1.683468200000000000e+07
1.673647500000000000e+07
1.663573800000000000e+07
1.653242800000000000e+07
1.642651600000000000e+07
1.631796300000000000e+07
1.620672800000000000e+07
1.609277600000000000e+07
1.597606700000000000e+07
1.585656300000000000e+07
1.573422700000000000e+07
1.560902400000000000e+07
1.548091500000000000e+07
1.534986200000000000e+07
1.521582600000000000e+07
1.507877500000000000e+07
1.493867300000000000e+07
1.479548600000000000e+07
1.464918000000000000e+07
1.449971900000000000e+07
1.434707300000000000e+07
1.419121400000000000e+07
1.403211600000000000e+07
1.386975400000000000e+07
1.370410700000000000e+07
1.353515700000000000e+07
1.336289500000000000e+07
1.318730800000000000e+07
1.300839800000000000e+07
1.282617200000000000e+07
1.264064000000000000e+07
1.245182400000000000e+07
1.225975600000000000e+07
1.206448200000000000e+07
1.186605700000000000e+07
1.166455100000000000e+07
1.146005200000000000e+07
1.125266500000000000e+07
1.104251100000000000e+07
1.082973800000000000e+07
1.061450900000000000e+07
1.039701800000000000e+07
1.017748500000000000e+07
9.956150000000000000e+06
9.733291000000000000e+06
9.509212000000000000e+06
9.284248000000000000e+06
9.058767000000000000e+06
8.833169000000000000e+06
8.607884000000000000e+06
8.383376500000000000e+06
8.160136500000000000e+06
7.938682500000000000e+06
7.719557000000000000e+06
7.503320500000000000e+06
7.290547000000000000e+06
7.081815000000000000e+06
6.877618000000000000e+06
6.678902500000000000e+06
6.486153000000000000e+06
6.299716500000000000e+06
6.119823000000000000e+06
5.946596500000000000e+06
5.780079500000000000e+06
5.620254500000000000e+06
5.467070000000000000e+06
5.320449000000000000e+06
5.180275500000000000e+06
5.046360500000000000e+06
4.918419500000000000e+06
4.795963000000000000e+06
4.678280000000000000e+06
4.525301000000000000e+06
4.377421500000000000e+06
4.235329000000000000e+06
4.096458500000000000e+06
3.959262750000000000e+06
3.823006750000000000e+06
3.687501000000000000e+06
3.552946250000000000e+06
3.419821000000000000e+06
3.288897250000000000e+06
3.161211000000000000e+06
3.037963250000000000e+06
2.920372750000000000e+06
2.809522000000000000e+06
2.706250250000000000e+06
2.611119000000000000e+06
2.524412750000000000e+06
2.446146000000000000e+06
2.376049750000000000e+06
2.313548250000000000e+06
2.257764750000000000e+06
2.207580750000000000e+06
2.161757500000000000e+06
2.119073000000000000e+06
2.078437875000000000e+06
2.038949000000000000e+06
1.999880750000000000e+06
1.960648000000000000e+06
1.920778125000000000e+06
1.879919750000000000e+06
1.837883250000000000e+06
1.794685000000000000e+06
1.750557875000000000e+06
1.705920250000000000e+06
1.661301750000000000e+06
1.617259625000000000e+06
1.574312625000000000e+06
1.532907125000000000e+06
1.493413875000000000e+06
1.456134500000000000e+06
1.421303375000000000e+06
1.389074625000000000e+06
1.359500500000000000e+06
1.332517625000000000e+06
1.307946125000000000e+06
1.285513500000000000e+06
1.264887000000000000e+06
1.245709125000000000e+06
1.227622625000000000e+06
1.210282625000000000e+06
1.193364000000000000e+06
1.176566250000000000e+06
1.159626750000000000e+06
1.142336000000000000e+06
1.124556250000000000e+06
1.106232250000000000e+06
1.087389625000000000e+06
1.068123000000000000e+06
1.048575375000000000e+06
1.028917000000000000e+06
1.009343250000000000e+06
9.900020000000000000e+05
9.710778125000000000e+05
9.527278750000000000e+05
8.998006250000000000e+05
8.548851250000000000e+05
8.173858125000000000e+05
7.834153125000000000e+05
7.486504375000000000e+05
7.108849375000000000e+05
6.715161875000000000e+05
6.342564375000000000e+05
6.018015625000000000e+05
5.735900000000000000e+05
5.468005000000000000e+05
5.190602812500000000e+05
4.908391875000000000e+05
4.642691250000000000e+05
4.406082500000000000e+05
4.187833750000000000e+05
3.971862187500000000e+05
3.757542187500000000e+05
3.556249375000000000e+05
3.371632500000000000e+05
3.195820000000000000e+05
3.024245625000000000e+05
2.861227187500000000e+05
2.709158125000000000e+05
2.564398750000000000e+05
2.425401406250000000e+05
2.294132031250000000e+05
2.170158906250000000e+05
2.051920000000000000e+05
1.939803750000000000e+05
1.833775156250000000e+05
1.338044218750000000e+05
9.717267968750000000e+04
7.026737500000000000e+04
5.061314453125000000e+04
3.632589843750000000e+04
2.598636523437500000e+04
1.853412695312500000e+04
1.318260156250000000e+04
9.352499023437500000e+03
6.619689941406250000e+03
4.675288574218750000e+03
3.295400634765625000e+03
2.318462402343750000e+03
1.628318359375000000e+03
1.141764648437500000e+03
7.993850708007812500e+02
