# bin_5_4
5.188297688338282461e-08
5.287893729484722868e-08
5.402425488225379096e-08
5.533793018328787107e-08
5.684036799625648787e-08
5.855436188049611742e-08
6.050518535926626600e-08
6.272139269305869145e-08
6.523290456123139984e-08
6.806915836967596551e-08
7.125805585332627257e-08
7.482935791495654499e-08
7.881886897889688930e-08
8.326236813740350713e-08
8.818271437448119142e-08
9.359567209098217904e-08
9.950714430557749716e-08
1.058966339674440581e-07
1.127205179168065341e-07
1.199618783104543636e-07
1.276292337252434621e-07
1.357417465888259156e-07
1.442129412780118769e-07
1.528418647054731708e-07
1.615453132059078651e-07
1.702879740272856122e-07
1.789260534430420693e-07
1.872399458609114102e-07
1.950696029476172342e-07
2.022995078561857636e-07
2.086753326009312243e-07
2.140243142107813816e-07
2.181364536327075297e-07
2.207587428812065334e-07
2.216346643299696631e-07
2.204441745899008042e-07
2.168475150190963031e-07
2.104929086955960970e-07
2.010650505297068008e-07
1.883667815460165571e-07
1.724731767812608010e-07
1.539791440897798261e-07
1.342026981123201592e-07
1.150966710472220861e-07
9.862133773435217912e-08
8.547641676306744881e-08
7.490520199310251766e-08
6.395585584484462161e-08
5.141120947453129608e-08
4.011224641786901491e-08
3.295855141272159127e-08
2.726142115671621305e-08
2.112147936851872180e-08
1.696978644242420813e-08
1.345230958620864401e-08
1.068306083954974671e-08
8.479283608270524425e-09
6.766002994332192490e-09
5.415196522046607254e-09
4.354684364674248836e-09
3.520133281064286201e-09
2.860451506466631722e-09
2.335619351523923988e-09
1.914600818153168238e-09
1.573493382634407166e-09
1.293842972603228115e-09
1.061710280084498002e-09
8.668155367925621928e-10
7.019135995261630471e-10
5.621776096732320387e-10
4.444715171493925743e-10
3.466303671102533348e-10
2.668493165001882136e-10
2.032013631983762625e-10
1.534898144940616292e-10
1.153483367148040713e-10
8.644964903563988481e-11
6.471464888770174410e-11
4.844007448263578962e-11
3.629242726967736854e-11
2.726967359940603799e-11
2.060139659883916540e-11
1.560401878982396241e-11
1.181851077056101919e-11
8.949506555804463611e-12
6.775837427544593420e-12
5.129457559144643670e-12
3.882859741632308105e-12
2.939269143557680473e-12
2.225262260782660609e-12
1.685162321363412710e-12
1.276808711059299116e-12
9.682117726364307441e-13
7.351686470256781511e-13
5.593315835166435100e-13
4.268042428588043575e-13
3.270449249037471086e-13
2.521126096880419841e-13
1.959756827690323715e-13
1.540614298423801480e-13
