# bin_1_4
2.289887591882206860e-07
2.347334561991752461e-07
2.414155035886784682e-07
2.491819401999738462e-07
2.582007954507944231e-07
2.686637783344076727e-07
2.807886217243668424e-07
2.948214696315808236e-07
3.110380516032203189e-07
3.297434417181282192e-07
3.512710202390450218e-07
3.759818627854965202e-07
4.042649841744409517e-07
4.365287430167662214e-07
4.731863274778597065e-07
5.146515973988147584e-07
5.613137473929541765e-07
6.135095653536533048e-07
6.714894385502399735e-07
7.353536503704676298e-07
8.049870738468756445e-07
8.800024708900870018e-07
9.596661061407031569e-07
1.042792408311654532e-06
1.127604325271384834e-06
1.211653146988606303e-06
1.291761075171953620e-06
1.363935434791495938e-06
1.423434707949843063e-06
1.464994036296822494e-06
1.483214005844341633e-06
1.473319921419179551e-06
1.432151450011455156e-06
1.359396398537471965e-06
1.258660346852818877e-06
1.137871482910756546e-06
1.008423787654272335e-06
8.822090238780178486e-07
7.676846608941222807e-07
6.665814367053395802e-07
5.746351484109613189e-07
4.875990635226916318e-07
4.049392463620673463e-07
3.296736588474322122e-07
2.658343563277876862e-07
2.156025456545083328e-07
1.749638648343437722e-07
1.403548342708696174e-07
1.128525861007124873e-07
9.108913921837600322e-08
7.372319115549761607e-08
6.004722323291738113e-08
4.924811967013686623e-08
4.070472899559491500e-08
3.390058371652759300e-08
2.841738488367284195e-08
2.392718672699532193e-08
2.017798374888576228e-08
1.698389349764047645e-08
1.421550885668784407e-08
1.178975123604831781e-08
9.659334901090705352e-09
7.800959133593652636e-09
6.203484429938088273e-09
4.857906377093508839e-09
3.750619351757342130e-09
2.860754404475491131e-09
2.161097972973357960e-09
1.621038875637414494e-09
1.210018463571850971e-09
9.002889110312566206e-10
6.684211884626940138e-10
4.956339443143070492e-10
3.673630895370929000e-10
2.724379094440589287e-10
2.023159638867899955e-10
1.505056206492153766e-10
1.120898851496462292e-10
8.349854989598358800e-11
6.219390477464786997e-11
4.631877030293676170e-11
3.449141455865965624e-11
2.568120132812128529e-11
1.911953054746725994e-11
1.423327586505079332e-11
1.059515384336740245e-11
7.886700691978871513e-12
5.870606523045700355e-12
4.370060069499421091e-12
3.253372435551698542e-12
2.422456739921591735e-12
1.804354415380170801e-12
1.345025552613802718e-12
1.004387485472491954e-12
7.529320947316496254e-13
5.696571875097636092e-13
4.405114184398072897e-13
3.576598807426300050e-13
3.105263419141600744e-13
2.901005701206534423e-13
