# bin_5_3
4.489720491912501374e-08
4.569086866245653333e-08
4.659957674247421843e-08
4.763647692201483498e-08
4.881512173149809618e-08
5.015034369560571329e-08
5.165817417882425343e-08
5.335648052291802564e-08
5.526274068472078128e-08
5.739185703365979834e-08
5.975479563681013522e-08
6.236187284618833470e-08
6.522694177564553000e-08
6.836075083470655873e-08
7.175705909215555764e-08
7.539877756551957269e-08
7.925533957794977331e-08
8.326467370211078792e-08
8.733718858338317271e-08
9.140919311269148027e-08
9.544285399557381892e-08
9.941404146742394435e-08
1.031896516847568970e-07
1.065178541506302788e-07
1.092792934391170068e-07
1.114188037487537394e-07
1.127836072674035797e-07
1.131690545629350624e-07
1.124698304646458584e-07
1.106583370859685127e-07
1.076214963408087428e-07
1.033962815918344488e-07
9.805120658842922422e-08
9.169404841973520188e-08
8.451692734381070134e-08
7.673473978937160098e-08
6.861931153743718098e-08
6.047232040949443534e-08
5.259893837609154240e-08
4.525407498841887935e-08
3.858708010791871987e-08
3.264525312444968388e-08
2.741661934529293222e-08
2.285426742522521018e-08
1.888732373621413722e-08
1.545991157788639412e-08
1.252866495905965343e-08
1.008824001085014412e-08
8.149876214238470416e-09
6.649609231136524487e-09
5.418713243292103724e-09
4.375570655028690904e-09
3.585075901871269206e-09
2.946241819974539581e-09
2.421213609910606498e-09
2.003047023455948591e-09
1.658652201537496252e-09
1.373897057170619942e-09
1.137046354641747160e-09
9.380903791198554793e-10
7.700519588684855651e-10
6.277839693265298952e-10
5.074657333634509010e-10
4.061937567836547744e-10
3.216408945071745733e-10
2.518277608042817689e-10
1.949540623819765636e-10
1.493104468243246018e-10
1.132497036433222598e-10
8.519846029503546252e-11
6.369002087508137568e-11
4.740291593980596569e-11
3.518990473365314854e-11
2.609477273483827805e-11
1.934989016968946993e-11
1.435793668631124393e-11
1.066539791193613200e-11
7.933496938528356673e-12
5.910083035975579168e-12
4.408355523806944489e-12
3.291128787372244256e-12
2.456504293217248569e-12
1.832388835751635197e-12
1.366861625638406751e-12
1.019762249216070245e-12
7.610892100367697228e-13
5.683569190291656333e-13
4.248566067278438514e-13
3.181060521592138134e-13
2.387794230790158449e-13
1.799197168205390655e-13
1.363827561708327935e-13
1.042900553314182118e-13
8.078032661052549528e-14
6.370042347700578888e-14
5.143785972302117954e-14
4.276561192345946271e-14
3.680152976118007982e-14
3.286215210745138975e-14
3.042462561085667447e-14
