# bin_4_4
5.323994362136830613e-08
5.430743225913755071e-08
5.553811903982574114e-08
5.695398098589533199e-08
5.857909813580576796e-08
6.044061492438052291e-08
6.256898083298059411e-08
6.499848733850899198e-08
6.776626926546499198e-08
7.091078898036923826e-08
7.447120545321687141e-08
7.848976680224258111e-08
8.301505990852000344e-08
8.809225853606075050e-08
9.375804696843036402e-08
1.000463867739189876e-07
1.069825570622406231e-07
1.145628028259828298e-07
1.227981482433126424e-07
1.317117263980172023e-07
1.413420380294118442e-07
1.516910109979908561e-07
1.626404482710230573e-07
1.740891786855170803e-07
1.860239769085802316e-07
1.983676881379074720e-07
2.109529749741398311e-07
2.235916776999111338e-07
2.361434752341432545e-07
2.483605680840049467e-07
2.599134775940459270e-07
2.704655703992794033e-07
2.795335149966363340e-07
2.865901527224821484e-07
2.910011351821992086e-07
2.920847817657439208e-07
2.891016993800249154e-07
2.813233925888478319e-07
2.681562286371573627e-07
2.494045575146184769e-07
2.256569188548412020e-07
1.986714173763698223e-07
1.714109223796880578e-07
1.472215918030456975e-07
1.278397670613767357e-07
1.126271454620767385e-07
9.767458324533373831e-08
7.993338459892541164e-08
6.245735326455674987e-08
5.051130852420860748e-08
4.213478400890243910e-08
3.312324779967275522e-08
2.621561589184375393e-08
2.099560289371423369e-08
1.657224171283111686e-08
1.319123695359831579e-08
1.051154130056987727e-08
8.413972815443288032e-09
6.773597556150491418e-09
5.487753815897476834e-09
4.475557233413219832e-09
3.673148318726233094e-09
3.030619098097324270e-09
2.509545236152609032e-09
2.080361880509645972e-09
1.721004090300952061e-09
1.415659069117034165e-09
1.153711692067290429e-09
9.286509774045039162e-10
7.367603323708797222e-10
5.757376478526554611e-10
4.435620785118794628e-10
3.376906613506403489e-10
2.548407957604624949e-10
1.912413343468066497e-10
1.430682915727961874e-10
1.068630987034153918e-10
7.977657153371878627e-11
5.958125879968076546e-11
4.459150222288770550e-11
3.353542097730300518e-11
2.531320450094434561e-11
1.911502179550784675e-11
1.443139323454000104e-11
1.089303457305586252e-11
8.220759449425006770e-12
6.203206363150369242e-12
4.680389117591505793e-12
3.531332314767166129e-12
2.664588259817827954e-12
2.010982475597292050e-12
1.518313020354631783e-12
1.147104871977810022e-12
8.675487226012541202e-13
6.571463091461446831e-13
4.989189044317388065e-13
3.800674776558439203e-13
2.909763209023891161e-13
2.243590248243003380e-13
1.746375763718063088e-13
