# bin_2_1
1.997471895371401525e-08
2.041467585573225368e-08
2.092430612324608727e-08
2.151388616016297515e-08
2.219499368185949658e-08
2.298078236110831272e-08
2.388616218650706131e-08
2.492797648073117246e-08
2.612487919108634991e-08
2.749692187599485258e-08
2.906493341683376849e-08
3.085090613797993922e-08
3.287845124872748594e-08
3.517134730030588902e-08
3.775022814973571544e-08
4.063413689925483341e-08
4.384251700965498360e-08
4.739427279076443749e-08
5.130699289727171035e-08
5.558497088999009228e-08
6.020336037554287878e-08
6.512609156998094693e-08
7.031373581568877932e-08
7.569817149663418953e-08
8.116400991099148290e-08
8.656406297439894235e-08
9.172170487353172844e-08
9.641003477016861685e-08
1.003532802593206277e-07
1.032575072092454165e-07
1.048079836867420593e-07
1.047271643241085758e-07
1.028179317313150142e-07
9.903072312209287374e-08
9.350412381658298386e-08
8.656632939388903266e-08
7.867935028346825627e-08
7.032039672400706713e-08
6.188739156391498294e-08
5.370341601582425111e-08
4.610187502492027313e-08
3.932928617575290391e-08
3.343566547325279064e-08
2.822122359801625234e-08
2.331751720770948117e-08
1.875893811526056699e-08
1.503433216826820441e-08
1.227288784130133718e-08
9.932423035106082904e-09
7.932498735066349715e-09
6.411222384773868972e-09
5.180336376882210610e-09
4.206652900569457851e-09
3.436372669711941690e-09
2.825312206222950798e-09
2.337293749510289904e-09
1.943934320731853981e-09
1.622669067677881649e-09
1.356292662042441010e-09
1.132071447880591059e-09
9.409369645149788054e-10
7.766554790179534034e-10
6.350628935695892916e-10
5.134079696689698074e-10
4.097825938328657182e-10
3.226883144275633467e-10
2.507276431966392229e-10
1.924102159480763540e-10
1.460861232608450739e-10
1.099804677258702543e-10
8.229384210074822268e-11
6.133049753498735148e-11
4.559935218140455051e-11
3.386265209097792420e-11
2.513726065934188727e-11
1.866530985664749530e-11
1.387178991830723134e-11
1.032778258956474270e-11
7.705790318676592575e-12
5.754326758867314290e-12
4.296789209897633107e-12
3.207968771696944839e-12
2.394737727844861789e-12
1.787477026651010368e-12
1.334105774084368457e-12
9.956895333959671267e-13
7.431293995514969992e-13
5.546854153515806703e-13
4.141090856685831658e-13
3.092715372528045489e-13
2.311092973527702218e-13
1.728640189650482589e-13
1.294950851474794760e-13
9.724473372402282192e-14
7.335159478397039801e-14
5.586253902667280570e-14
4.333245044536947071e-14
3.463950863102275475e-14
2.883867201460734933e-14
2.513714194290405348e-14
