# bin_1_1
5.800603061327896520e-08
5.931366500039588205e-08
6.082916887258226233e-08
6.258333926352511612e-08
6.461081531736697891e-08
6.695069132617808690e-08
6.964681720499864866e-08
7.274817535623496268e-08
7.630841838293663888e-08
8.038453216444061845e-08
8.503538745056442706e-08
9.032147470950074112e-08
9.630653316583145206e-08
1.030533024177934956e-07
1.106164909694738958e-07
1.190474359184453655e-07
1.283846913592314493e-07
1.386476030602174261e-07
1.498322741860458660e-07
1.618893087312543234e-07
1.747036849917424042e-07
1.880975297897410217e-07
2.018293158771366353e-07
2.155581369212965814e-07
2.288060089115170296e-07
2.409758626241799576e-07
2.513631404820544481e-07
2.591381905831175203e-07
2.634097055768272032e-07
2.633368550265715833e-07
2.582428882050289396e-07
2.478341631872725028e-07
2.323637686226715029e-07
2.127663498065089948e-07
1.906048824397257996e-07
1.678060477004061962e-07
1.462247832724685634e-07
1.270072895490471103e-07
1.101399104087228811e-07
9.462318985456028788e-08
7.960144294263999239e-08
6.532249807826479957e-08
5.296597106384723918e-08
4.310019160604091689e-08
3.507976353826444490e-08
2.830529477563540401e-08
2.278392540957309369e-08
1.844631630493850163e-08
1.493675060219118482e-08
1.216672917004378520e-08
9.973641037300735522e-09
8.235195402627822151e-09
6.851305796791213682e-09
5.739109356231825960e-09
4.832738943509377271e-09
4.080711773956303013e-09
3.444255062839705430e-09
2.895462024854356730e-09
2.415622665161058021e-09
1.993426855670752447e-09
1.622972813029616137e-09
1.301593760843938722e-09
1.027812943276393809e-09
7.997420762635545860e-10
6.142104697842157889e-10
4.666664432287053042e-10
3.516277192745418527e-10
2.633434683065508124e-10
1.963874453097442152e-10
1.460240937609628732e-10
1.083536369781330332e-10
8.029607167317626520e-11
5.947762498122081907e-11
4.408323202066273513e-11
3.271676741677394273e-11
2.431067782396635778e-11
1.807357765541074113e-11
1.343855364790670759e-11
9.992241797140692764e-12
7.429063784110536985e-12
5.522839864533933571e-12
4.105432196349008008e-12
3.051621967004279344e-12
2.268258277369377362e-12
1.686023971532794098e-12
1.253339885001633362e-12
9.318466296737045377e-13
6.930187258805962455e-13
5.156388848052218410e-13
3.839431363273168614e-13
2.862043012498816090e-13
2.137529707616608105e-13
1.602963697075595621e-13
1.211919634641866258e-13
9.306981718174939003e-14
7.370761554994308607e-14
6.159556528542042184e-14
5.551306407971526429e-14
5.339052028817340796e-14
5.287073641991123380e-14
