# bin_1_3
2.158169127322284619e-07
2.212028058902216017e-07
2.274663243384155937e-07
2.347447397413835682e-07
2.431947924696595610e-07
2.529951959028286909e-07
2.643487711047488026e-07
2.774846276175099643e-07
2.926591016507774741e-07
3.101552639741705161e-07
3.302816830030861983e-07
3.533717650648756735e-07
3.797841758670892390e-07
4.098942931224884104e-07
4.440798421583703848e-07
4.827178480895595459e-07
5.261600942716032500e-07
5.747069233464503433e-07
6.285757702891172159e-07
6.878398909799952775e-07
7.523663322920257675e-07
8.217654295228980764e-07
8.953237716088460852e-07
9.719036260171704021e-07
1.049810611772203669e-06
1.126726407924899119e-06
1.199660689636758866e-06
1.264873087879958016e-06
1.317948137150345315e-06
1.354023882826634591e-06
1.368169723950742446e-06
1.356117060695848232e-06
1.315184767070886741e-06
1.245410294414593234e-06
1.150481332526888458e-06
1.038006517185375152e-06
9.186012692973208772e-07
8.030388297312758466e-07
6.986341770572490125e-07
6.064043880039377101e-07
5.221313555140700886e-07
4.421360806375874628e-07
3.664757317905905982e-07
2.981572707699300405e-07
2.404900514601634909e-07
1.950485758156015748e-07
1.581995429859628744e-07
1.269104754909407648e-07
1.020965493877079534e-07
8.244430597643925434e-08
6.677417606997655765e-08
5.443406358714069322e-08
4.468626909942462508e-08
3.696972128424031509e-08
3.081661695801098624e-08
2.585005603330770570e-08
2.177458892269018070e-08
1.836408408049770848e-08
1.545251539386989072e-08
1.292508585742240083e-08
1.070883739921633033e-08
8.762807047643537123e-09
7.067067269900810412e-09
5.611890826551333811e-09
4.388741729171265465e-09
3.384422022930379226e-09
2.578984512428930412e-09
1.946838796025488043e-09
1.459573472125402643e-09
1.089106450855360052e-09
8.101259661831507471e-10
6.013729181122299570e-10
4.458652052981807992e-10
3.304583824194730323e-10
2.450733310300517854e-10
1.820017417128422622e-10
1.353924600481723966e-10
1.008257067180697175e-10
7.509812537122692445e-11
5.592925982499447088e-11
4.164743860840595246e-11
3.100861957550105189e-11
2.308488551774729456e-11
1.718430038331547303e-11
1.279096735121743988e-11
9.520324778452495871e-12
7.085795713257337879e-12
5.273864282556292826e-12
3.925470002016966261e-12
2.922164319801861941e-12
2.175733618663888326e-12
1.620581876241754629e-12
1.208160295279313914e-12
9.024759577883665075e-13
6.770573423288191178e-13
5.131261235995686224e-13
3.981724784165496877e-13
3.252455295345753344e-13
2.844652831704606448e-13
2.672617073118957262e-13
