# bin_5_2
3.846278967917365600e-08
3.910420327905884837e-08
3.983632483501203190e-08
4.066865442441311818e-08
4.161062481354855737e-08
4.267241225627584555e-08
4.386482444639362207e-08
4.519987349461283617e-08
4.668858698310933528e-08
4.833885673772906357e-08
5.015413353066225671e-08
5.213669518401314752e-08
5.429182205726316961e-08
5.662164687203814274e-08
5.911170847088633435e-08
6.173724815501325489e-08
6.446111336712469625e-08
6.721723051880287543e-08
6.991360276963680600e-08
7.248631504378091871e-08
7.490031778474108633e-08
7.713989830164377354e-08
7.909184223683532255e-08
8.053225796170543426e-08
8.137447659711850079e-08
8.160804199656454562e-08
8.113974119354350545e-08
7.983719121295745695e-08
7.767376725958882390e-08
7.471142496265004870e-08
7.093261823627272816e-08
6.646282556374175046e-08
6.145116044746967553e-08
5.606125862765299322e-08
5.050580483963725722e-08
4.496945841808536880e-08
3.963083662614913479e-08
3.463000627989706275e-08
3.005339403198241333e-08
2.591607627135538531e-08
2.216277373661211935e-08
1.872702061005962416e-08
1.560640967791388472e-08
1.286348842434353098e-08
1.056881719610711913e-08
8.726068806063679190e-09
7.263341152750072601e-09
6.020838679748187172e-09
4.896338101403636044e-09
3.948521743116151728e-09
3.249638366880539303e-09
2.694102370657109014e-09
2.193214699330296758e-09
1.809012369678366072e-09
1.489436787277207367e-09
1.226116330583649220e-09
1.007812491237253731e-09
8.265137993995609094e-10
6.747415391726805486e-10
5.476684060226060236e-10
4.414227951963372156e-10
3.529964914703006130e-10
2.799594745375861554e-10
2.202396255933171276e-10
1.719749023999593272e-10
1.334277023962076257e-10
1.029734588846107416e-10
7.912226418843796884e-11
6.055807578192737305e-11
4.616802358478408076e-11
3.504776260739361696e-11
2.648399585345833861e-11
1.992237417809424886e-11
1.492848192277051451e-11
1.115583743223804723e-11
8.324429261084323074e-12
6.208471591574979077e-12
4.630097710154440237e-12
3.453046545448259896e-12
2.575576078509202246e-12
1.922894885752779767e-12
1.439148325480415256e-12
1.078601321138910960e-12
8.086691788585434609e-13
6.065310394435790240e-13
4.552510813826263973e-13
3.420504291895508394e-13
2.574242951696119035e-13
1.942363433329119961e-13
1.471264110369693252e-13
1.120767261717260165e-13
8.611711850120314666e-14
6.698065867360992087e-14
5.299403721987261995e-14
4.288205338952698687e-14
3.567717408624066909e-14
3.062835605166935166e-14
2.719129241512756875e-14
2.492927205798608478e-14
2.348379510875392912e-14
