# bin_2_3
9.673034670224680414e-08
9.918004748766193839e-08
1.020317317901925634e-07
1.053494027885575794e-07
1.092066168428930106e-07
1.136878917315058923e-07
1.188900892449272990e-07
1.249238394303345718e-07
1.319146195514938558e-07
1.400034191813191261e-07
1.493470022934248931e-07
1.601191007690618156e-07
1.725111897149771750e-07
1.867302863590162220e-07
2.029936644478088457e-07
2.215281816865403125e-07
2.425683793699397111e-07
2.663489540786274912e-07
2.930946492746347786e-07
3.229933305169580433e-07
3.561605218304800887e-07
3.926369505716254796e-07
4.323663630071700695e-07
4.751324529798824890e-07
5.204947658796044322e-07
5.677657067315426475e-07
6.159591836602960295e-07
6.637010914094198678e-07
7.091976064819468401e-07
7.502379851341266840e-07
7.841953139524997583e-07
8.081660243371057124e-07
8.191902049945873216e-07
8.146444036923568215e-07
7.927666970080619076e-07
7.532700113811657873e-07
6.979106043493119947e-07
6.307226093940254469e-07
5.577359960851813365e-07
4.858581562902008120e-07
4.209033791466091134e-07
3.653093388430224721e-07
3.166772951666411679e-07
2.701186894080317536e-07
2.229640172714204246e-07
1.791336536402180276e-07
1.440483295773209771e-07
1.175013263135180280e-07
9.490757983142015808e-08
7.540399609830434444e-08
6.055849853690928907e-08
4.857921732248848575e-08
3.910141551081141502e-08
3.165413390150324005e-08
2.580194281317381739e-08
2.118985232629837857e-08
1.753690701308801588e-08
1.461375042763565846e-08
1.224029485717848141e-08
1.027818839604721814e-08
8.624376276110536710e-09
7.205408715716077851e-09
5.972085859349225130e-09
4.894444983825409819e-09
3.956195593568206990e-09
3.149097333890802943e-09
2.467760148111217250e-09
1.905672197196087654e-09
1.453135753345785827e-09
1.097123362021676264e-09
8.224841019394122148e-10
6.137508019783431816e-10
4.567028817526758726e-10
3.392788129298265432e-10
2.518328908846456758e-10
1.869318934774030205e-10
1.389218452340379804e-10
1.034845784363357639e-10
7.728355460928377803e-11
5.777344812669794703e-11
4.318495657844659891e-11
3.227421340581388216e-11
2.411594424965518156e-11
1.801716538854044803e-11
1.345892421961342710e-11
1.005274177658668958e-11
7.507899268624726696e-12
5.606904171631821779e-12
4.187076740010046552e-12
3.126785097475147752e-12
2.335093795834965550e-12
1.744052680755455004e-12
1.302898052916045836e-12
9.737190736865574336e-13
7.282996843589855493e-13
5.458475251331000719e-13
4.110663997773871646e-13
3.128556598331114552e-13
2.427910759205098834e-13
1.962153809297746816e-13
