# bin_2_4
1.116911826864079611e-07
1.145418395540290630e-07
1.178612482974403562e-07
1.217243745236685826e-07
1.262174787012805318e-07
1.314397712698290232e-07
1.375050722075361308e-07
1.445435335402946302e-07
1.527030409087310129e-07
1.621502104669216184e-07
1.730709757884063728e-07
1.856720380460809238e-07
2.001818052959689748e-07
2.168482708797268679e-07
2.359337176012338916e-07
2.577136638578535243e-07
2.824742012825084173e-07
3.105033810411427363e-07
3.420795078120026969e-07
3.774423567622593953e-07
4.167551647412879392e-07
4.600968569316149848e-07
5.074331872853096066e-07
5.585466075845364930e-07
6.129628094755160145e-07
6.699200107164634431e-07
7.283054816451878086e-07
7.865461551799638368e-07
8.425685864687479928e-07
8.937867760973655005e-07
9.370933249428552663e-07
9.689974806429330782e-07
9.858599288748980731e-07
9.843280968563667232e-07
9.619469648417501677e-07
9.179129536996167197e-07
8.538359302184284964e-07
7.741810058281942536e-07
6.861151302443264633e-07
5.982869560674732301e-07
5.183987681269949757e-07
4.501525526440823017e-07
3.910392450941827056e-07
3.348713162618654133e-07
2.774419129115428993e-07
2.229985886641569043e-07
1.789885160700586577e-07
1.460865142205039715e-07
1.182081375902449726e-07
9.380742885397845029e-08
7.528119771017985644e-08
6.035127970777948846e-08
4.850547056900500415e-08
3.920983624036729644e-08
3.190761377826685797e-08
2.615946384664694991e-08
2.161589320391906809e-08
1.799012130477097420e-08
1.505631693568671507e-08
1.264021398391419723e-08
1.061112891388064779e-08
8.875085217592635183e-09
7.368339899676821551e-09
6.051525614684103960e-09
4.903024472026074013e-09
3.912142608609655327e-09
3.072600130118610957e-09
2.377333264881295101e-09
1.815562874455614624e-09
1.372283076937209317e-09
1.029543609021802777e-09
7.686465704149343201e-10
5.721578592628955277e-10
4.251500292270876100e-10
3.156191312966379154e-10
2.342912007463198246e-10
1.741087953382236214e-10
1.296878358373652133e-10
9.686357539841029265e-11
7.243024288705942839e-11
5.415695692119959353e-11
4.048621008436474865e-11
3.026104191549424111e-11
2.261476764916927886e-11
1.689817604581801064e-11
1.262511584298542990e-11
9.431652927508207281e-12
7.045429371944376887e-12
5.262663843114071493e-12
3.930942261164879099e-12
2.936282063594538538e-12
2.193481422717997789e-12
1.638866263846473864e-12
1.224866557665880613e-12
9.160425823034543728e-13
6.862082354088735312e-13
5.160564737214181919e-13
3.915348698615602809e-13
3.020652617672921940e-13
2.416745091415066103e-13
