# bin_4_1
2.619005919753944930e-08
2.659946966735868010e-08
2.706572153358674021e-08
2.759441070201895500e-08
2.819097192933148712e-08
2.886127146497992408e-08
2.961157946034486617e-08
3.044879320629347181e-08
3.137924837467846525e-08
3.240714677626407954e-08
3.353375829154313877e-08
3.475940313329877914e-08
3.608628392063804958e-08
3.751000866720459573e-08
3.901543492934177414e-08
4.058228371721380570e-08
4.218078533755365408e-08
4.375548249850257843e-08
4.526521591565297994e-08
4.668330932089168667e-08
4.800336508578906886e-08
4.919727455319671003e-08
5.014740532135134228e-08
5.076918280384296356e-08
5.107872091015084518e-08
5.106700119824565944e-08
5.068908088794842097e-08
4.993144968789875625e-08
4.885873094663032465e-08
4.750817437980210926e-08
4.591166070448233009e-08
4.415601318628547717e-08
4.227108437097417497e-08
4.030921811453462765e-08
3.828456019283986222e-08
3.620668117250820783e-08
3.404753107002996524e-08
3.175241727240061036e-08
2.924807566252166163e-08
2.648278084616128979e-08
2.347417135578316359e-08
2.034862840591070155e-08
1.734915833661444957e-08
1.474721010765909568e-08
1.266204070924764687e-08
1.101368544523373241e-08
9.486947403052353328e-09
7.803120076902211274e-09
6.159137379169903787e-09
4.990341304095323191e-09
4.168833784571464373e-09
3.322202039718840021e-09
2.650707313569955239e-09
2.142734121622109301e-09
1.707650881252222390e-09
1.369795465762875103e-09
1.097368857305753419e-09
8.803783642303806836e-10
7.076286935687220897e-10
5.700553102118495247e-10
4.604462497688390436e-10
3.729940224848195829e-10
3.030157096011474894e-10
2.467501802800878288e-10
2.011577175302597376e-10
1.638344672124931527e-10
1.329396705572454566e-10
1.071303057846377549e-10
8.548347070037496027e-11
6.739025766560945182e-11
5.243429515998439924e-11
4.028563353510653421e-11
3.062006633029593209e-11
2.308646936017807324e-11
1.731592292442900876e-11
1.294978707048771544e-11
9.669915271694369134e-12
7.216634445387162147e-12
5.387454633182719697e-12
4.029072126674909405e-12
3.026454220169821297e-12
2.281633640191390372e-12
1.721123773030510628e-12
1.298297196746725137e-12
9.793286038446173755e-13
7.388213152073701487e-13
5.575705210183746197e-13
4.210300466123550105e-13
3.182426530747598666e-13
2.409491161933998465e-13
1.828731283616335032e-13
1.393194978335114569e-13
1.067089316209711386e-13
8.233684861796660241e-14
6.416230162373191817e-14
5.064339853344446763e-14
4.061211082840386637e-14
3.318516697564442537e-14
2.769541807475439629e-14
2.361208764500333086e-14
