# bin_4_2
3.552526166517575033e-08
3.612043293114410035e-08
3.680042740185144782e-08
3.757444190705303464e-08
3.845176968855212491e-08
3.944249736730203989e-08
4.055743904531234659e-08
4.180833918597659712e-08
4.320646057781250910e-08
4.476063964430567017e-08
4.647622673433429179e-08
4.835712560675301104e-08
5.040879149612859256e-08
5.262801645026340999e-08
5.499764348468379578e-08
5.749248232295276923e-08
6.007380208065505515e-08
6.266926290933296269e-08
6.521905805397313313e-08
6.767508560775403374e-08
7.000717855059380581e-08
7.215371393995227953e-08
7.393996760305560050e-08
7.522212579036686692e-08
7.596810132326548365e-08
7.611041932081784067e-08
7.553654330038155363e-08
7.417102927753645527e-08
7.203703526228461870e-08
6.913946200460123147e-08
6.549827613649234883e-08
6.123067982631386069e-08
5.642575580693918845e-08
5.124795909179613046e-08
4.586886997728089907e-08
4.050555925807702974e-08
3.536294155968323513e-08
3.061030515298130580e-08
2.633561150570424936e-08
2.253092272433536764e-08
1.911566153173423516e-08
1.601687888941421884e-08
1.324378119885532008e-08
1.085338757731570075e-08
8.867623493339079634e-09
7.261497961258973245e-09
5.993233495432561229e-09
4.939803918967652881e-09
4.009257963700008533e-09
3.243999450559752083e-09
2.687909250082060292e-09
2.221615868457079476e-09
1.817253544347107665e-09
1.512586828271574251e-09
1.247865510238425515e-09
1.034662347096646660e-09
8.549589325529081920e-10
7.041719426547807728e-10
5.769723981396720059e-10
4.694370436392137079e-10
3.786936220000399600e-10
3.025551245389494146e-10
2.392633605307534450e-10
1.873011195873394341e-10
1.452468376065234041e-10
1.117129512943267321e-10
8.534486749160789867e-11
6.485651761836922796e-11
4.908095657905615824e-11
3.701166208103331384e-11
2.781866059941415546e-11
2.084240191398794365e-11
1.557045665685677269e-11
1.160641572837691688e-11
8.641273040499953588e-12
6.431990339642497684e-12
4.788732865209180053e-12
3.566434866619260658e-12
2.656482872661548341e-12
1.978435507896880077e-12
1.474431528769742034e-12
1.100743553978326815e-12
8.222110558767560452e-13
6.144086102731421565e-13
4.593151641462906001e-13
3.436405969133253408e-13
2.574430619340311124e-13
1.932490481327574944e-13
1.455152669548351965e-13
1.101229841619766150e-13
8.394136058646346991e-14
6.469255400372021211e-14
5.063055434122995949e-14
4.044797970857053970e-14
3.316860941292693438e-14
2.805770571816142288e-14
2.456813812638377526e-14
2.230891201587528169e-14
2.095006968826028413e-14
2.017743111819098178e-14
