# bin_6_4
4.991039006526895770e-08
5.085835140086093029e-08
5.194740401723085206e-08
5.319497567660497124e-08
5.461957947468465221e-08
5.624157863405313618e-08
5.808363994903250248e-08
6.017104836505994269e-08
6.252956099835994613e-08
6.518330427496855991e-08
6.815337142823293574e-08
7.146183919698228296e-08
7.513673320472547181e-08
7.920559510200023816e-08
8.368993322783981786e-08
8.860156535384663582e-08
9.393774114832484332e-08
9.968098964442552914e-08
1.057743036503978802e-07
1.121454066039887608e-07
1.187564943923724487e-07
1.256052166086217416e-07
1.326829012476551052e-07
1.398217413734451597e-07
1.467899319874714010e-07
1.535252508284064812e-07
1.599570366928012765e-07
1.659031745958923859e-07
1.711391825100194287e-07
1.755469859901241044e-07
1.790150257969317458e-07
1.813198240096989592e-07
1.823840556447661264e-07
1.820514835146739197e-07
1.802274226310946147e-07
1.768065825788023575e-07
1.716971116032264358e-07
1.647998645406318047e-07
1.560345657358346647e-07
1.453547307672655983e-07
1.328347516052600530e-07
1.188045807228956061e-07
1.039651805398931850e-07
8.937957374109927117e-08
7.626796456250004194e-08
6.537749720023197788e-08
5.657557721843631471e-08
4.860443639125161523e-08
4.001890279683951956e-08
3.152968843423554148e-08
2.523212981037325077e-08
2.096338280213905939e-08
1.668115982771880605e-08
1.313025537209870276e-08
1.058743319352709819e-08
8.356956833714804232e-09
6.678190410892681364e-09
5.326412609582086702e-09
4.263904932552801762e-09
3.426530523036935712e-09
2.764184569083745013e-09
2.238225902183164111e-09
1.818414807866924800e-09
1.481218811845108508e-09
1.208520927681585506e-09
9.862676447339372537e-10
8.036442009973684977e-10
6.524120787203186968e-10
5.264078303083798558e-10
4.211430776698284146e-10
3.334152908150764067e-10
2.608937922766243784e-10
2.017558199006779170e-10
1.543672732190356961e-10
1.170972934265245380e-10
8.829036421114350240e-11
6.633083594337452058e-11
4.974723018466195177e-11
3.729494026793740023e-11
2.797865062611408515e-11
2.103007156976232545e-11
1.587524949278280265e-11
1.203203315605930981e-11
9.125532586662243826e-12
6.920251158969209026e-12
5.247149450581634388e-12
3.978303943301882755e-12
3.016242705949728416e-12
2.287029842123600459e-12
1.734497332974011817e-12
1.315988394630611322e-12
9.991803890951061450e-13
7.594662769145985512e-13
5.782426215922717132e-13
4.413728018606576841e-13
3.381531919296210954e-13
2.604501644228623241e-13
2.021228331618839156e-13
1.584842609565738319e-13
1.259645090679318698e-13
