# bin_6_1
2.801069675064335488e-08
2.844765672472437138e-08
2.894440638546742411e-08
2.950632279571143246e-08
3.013835664466893707e-08
3.084559665214621112e-08
3.163350182817780226e-08
3.250807446006325804e-08
3.347388697905647466e-08
3.453212028043572077e-08
3.567935462337392904e-08
3.691115791977634773e-08
3.822669725982881387e-08
3.962335872360285468e-08
4.109234609916807578e-08
4.261647723699906335e-08
4.416690000020181445e-08
4.570415972233370758e-08
4.715853714500379550e-08
4.845292235888172417e-08
4.954785856045959474e-08
5.044559220509702696e-08
5.115683569357961102e-08
5.157412835634829969e-08
5.155561123364171712e-08
5.112610580778880675e-08
5.032985052910646249e-08
4.914303428002538293e-08
4.753688283074440396e-08
4.558836879263314544e-08
4.339834166043447624e-08
4.098595056335362379e-08
3.848559423901452714e-08
3.595548566597677530e-08
3.347484465802409987e-08
3.108135508857145880e-08
2.878310179570467582e-08
2.654673070975855535e-08
2.432161533118236566e-08
2.205217708300905483e-08
1.971168729732739202e-08
1.731831556449893473e-08
1.494976000675279262e-08
1.272906475991940861e-08
1.078379697668744699e-08
9.181094791545711280e-09
7.906405691567401618e-09
6.803289774524065004e-09
5.644603523310764856e-09
4.490142204752500701e-09
3.609393622823861103e-09
3.012583049980825222e-09
2.429023012109549123e-09
1.927219223051742796e-09
1.564973680729413529e-09
1.243776044810430346e-09
9.970790204860906313e-10
7.951730963623270635e-10
6.341069652276353685e-10
5.055220871279460215e-10
4.030326949945892191e-10
3.215402878468147521e-10
2.568742770379355055e-10
2.056095408887468585e-10
1.649451412004085589e-10
1.325848208582935246e-10
1.066764157135887251e-10
8.576044059095710522e-11
6.872256227022819826e-11
5.474422803382408181e-11
4.324505486935395128e-11
3.381640723138563612e-11
2.615988591775126563e-11
2.003266453306036795e-11
1.521143581337514867e-11
1.147955606581406899e-11
8.629567476019335426e-12
6.473853384073037435e-12
4.853321995767316509e-12
3.639807410811469650e-12
2.734174500663937673e-12
2.062368883989363479e-12
1.562508025887480428e-12
1.185064073832010808e-12
8.989922452607629657e-13
6.820831340597719392e-13
5.177883187867820691e-13
3.933480414380601436e-13
2.991691285902419680e-13
2.279578466198927726e-13
1.741693569500095057e-13
1.336284478240429053e-13
1.031093157189902254e-13
8.019932682632230335e-14
6.304640281849361111e-14
5.024834378043258495e-14
4.072186043417863106e-14
3.363913656226036417e-14
2.837524312479578146e-14
2.443897540596300532e-14
