# bin_5_1
2.662951191298729395e-08
2.703665063202299407e-08
2.749931540811992077e-08
2.802252489990378032e-08
2.861092231879538047e-08
2.926944052119274651e-08
3.000323962099028807e-08
3.081818514164259759e-08
3.171910184279950647e-08
3.270805572816907693e-08
3.378339441701040564e-08
3.494265542150439632e-08
3.618627200911374158e-08
3.751260581649417651e-08
3.890753256126944491e-08
4.035019476361678821e-08
4.181145447592238432e-08
4.324131053198216870e-08
4.457353378362707771e-08
4.576911549200691388e-08
4.681795798676081805e-08
4.772939177835912141e-08
4.843935157610557188e-08
4.880697920557938109e-08
4.880891278451421527e-08
4.848757428389878257e-08
4.782338150948451080e-08
4.677152999857515750e-08
4.536725566016299723e-08
4.370492159769114842e-08
4.180127858928049136e-08
3.975769372982516929e-08
3.765982405981376548e-08
3.556720045357380273e-08
3.353638973257399878e-08
3.156849488770749634e-08
2.963531062202543752e-08
2.767523574211921492e-08
2.561242135678789949e-08
2.338526601003998679e-08
2.097265427479596481e-08
1.841877826192918915e-08
1.585881958035248713e-08
1.349038573680938263e-08
1.148943324961125603e-08
9.892824216521221983e-09
8.623845930198257014e-09
7.374771923708226318e-09
5.972794387196322519e-09
4.697357926286098928e-09
3.867463649115452475e-09
3.219476543116783900e-09
2.525392148172080944e-09
2.038662587720843024e-09
1.630784265095100647e-09
1.300888609085270854e-09
1.036338409277669401e-09
8.267435336247116369e-10
6.592098946609450662e-10
5.261859531452000835e-10
4.207708934713784912e-10
3.373509421845144403e-10
2.713541149806404865e-10
2.190559152984170041e-10
1.774359964388068803e-10
1.440485378706772959e-10
1.169682039023809342e-10
9.472782709794248658e-11
7.626377586732583797e-11
6.084759652629867655e-11
4.799782568130382873e-11
3.738873299226450264e-11
2.877118938091349517e-11
2.190872415594720923e-11
1.655166400466573937e-11
1.244050158599922644e-11
9.323732243116339441e-12
6.978478243445630213e-12
5.221859500098680709e-12
3.910419553961286321e-12
2.936132584139984486e-12
2.216529520550896970e-12
1.678074704166935083e-12
1.270665788296101026e-12
9.621850630239007175e-13
7.287236610256865125e-13
5.520862696516243333e-13
4.185260027663045171e-13
3.176090481052640002e-13
2.414165857153786234e-13
1.839465504617029116e-13
1.406765517586470868e-13
1.081480632501180943e-13
8.375424120745778029e-14
6.550587008592047247e-14
5.189052524080660119e-14
4.174407614014185808e-14
3.418239896501018462e-14
2.854701031639960484e-14
2.431999147841314231e-14
