# bin_6_3
4.509775290174894458e-08
4.590659806667607743e-08
4.683292497029710801e-08
4.789012358844618643e-08
4.909197630330991146e-08
5.045334547858969162e-08
5.199052236168096940e-08
5.372141951913182876e-08
5.566320107499318836e-08
5.782993904675380276e-08
6.023099765641222658e-08
6.287501782726094270e-08
6.577498441331449106e-08
6.894142519741828818e-08
7.237648257283398316e-08
7.606996083340010356e-08
7.999468467691189990e-08
8.410589381978853733e-08
8.831527736452015834e-08
9.251696615348427880e-08
9.664070219052885409e-08
1.006558892655875835e-07
1.045284204020231677e-07
1.080588297946701282e-07
1.109855850975596820e-07
1.132353144601263579e-07
1.147384104117664952e-07
1.153243367573614821e-07
1.148036890332470328e-07
1.131230213071695731e-07
1.102676116794413875e-07
1.061498825046135418e-07
1.008781111827467933e-07
9.452848771892948843e-08
8.729265178930127678e-08
7.940196655369509552e-08
7.114484897575405343e-08
6.282663344649028638e-08
5.475561108453838386e-08
4.718469136560176658e-08
4.028516870226275481e-08
3.413976558860483734e-08
2.874473069859482742e-08
2.402208522064883254e-08
1.987488134368471957e-08
1.625699410762478647e-08
1.316449743639061100e-08
1.062344104838613691e-08
8.621596179293584477e-09
7.029908528640937333e-09
5.698132232681212749e-09
4.612479566289526397e-09
3.779754337774774344e-09
3.096892825014149043e-09
2.545014786125999814e-09
2.102815293378505776e-09
1.739305451758272131e-09
1.439810478294239925e-09
1.191169009281288271e-09
9.826108054502223611e-10
8.067203775372687860e-10
6.579571413393573533e-10
5.322024631669312659e-10
4.263441247645051639e-10
3.379158467518939944e-10
2.648427189530674903e-10
2.052558764259254253e-10
1.573892117145991620e-10
1.195389600270299382e-10
9.007014133921497171e-11
6.745161989948619650e-11
5.029961404993724928e-11
3.741308028187387585e-11
2.779311264146169350e-11
2.063981887111831175e-11
1.533213204694536901e-11
1.139838742899415265e-11
8.484171668173392651e-12
6.324164396911509238e-12
4.720127507846535299e-12
3.525314425575132238e-12
2.632259558585598865e-12
1.965116987523001002e-12
1.467236023590343119e-12
1.095762546720543129e-12
8.185354699804296196e-13
6.118653122489206111e-13
4.577932632195777397e-13
3.430321737530514262e-13
2.576461333122596220e-13
1.942051836745791712e-13
1.472174527606690431e-13
1.125012795479243605e-13
8.699828181112354004e-14
6.839629861486455787e-14
5.498211845915722835e-14
4.545525185034713436e-14
3.886477633462944707e-14
3.446525282617369169e-14
3.167847333369691064e-14
