# bin_3_2
3.156726949859860277e-08
3.211176600299225784e-08
3.273554872332400133e-08
3.344794088008366020e-08
3.425878467433525088e-08
3.517885358503353650e-08
3.621991408984492546e-08
3.739497450618042072e-08
3.871709221270400675e-08
4.019794609309036650e-08
4.184722360929397231e-08
4.367195457600939086e-08
4.567735223687719643e-08
4.786328929715460234e-08
5.022070121260181297e-08
5.272857700904451461e-08
5.534986895716110082e-08
5.805268141089320579e-08
6.081020378229668915e-08
6.360293778377647408e-08
6.637822974103937095e-08
6.900174573400146892e-08
7.135672781554360803e-08
7.337994941711060127e-08
7.496968589620279739e-08
7.596317753649887337e-08
7.621379688680221406e-08
7.561569825656619696e-08
7.403570398598970477e-08
7.135412931207340389e-08
6.753493402768990513e-08
6.256509766029353507e-08
5.656256737014452985e-08
4.975392061414668226e-08
4.252129169801009071e-08
3.535405577403994370e-08
2.877805135204120084e-08
2.319359683443145217e-08
1.873195021265706039e-08
1.520661886289466732e-08
1.226015531533514453e-08
9.666433595824929517e-09
7.441758180929616088e-09
5.601711752146069873e-09
4.007333863162222441e-09
2.765256946154841288e-09
2.135633387865146930e-09
1.902927108650946499e-09
1.583623022887910617e-09
1.205389130439184270e-09
1.069455325338983066e-09
9.614254221975764472e-10
8.330289849451491303e-10
7.554295998665989517e-10
6.707861296094994516e-10
5.955025454305627349e-10
5.221162009022591239e-10
4.502267479532958469e-10
3.803398564381732573e-10
3.134622389571466442e-10
2.510308384940252880e-10
1.945979147144490296e-10
1.454917378001741423e-10
1.045777870232270356e-10
7.207494226581067644e-11
4.754518421903186076e-11
3.001726400352284667e-11
1.819066205218444499e-11
1.066469191787591845e-11
6.138516049356071116e-12
3.541233783566870907e-12
2.091498423586358858e-12
1.283465212880537863e-12
8.238384900733667483e-13
5.541470531661391410e-13
3.884259109112528727e-13
2.797520912972266109e-13
2.030423706404714748e-13
1.437184789169191586e-13
9.135907456516472054e-14
4.943413546307267701e-14
2.224857634088907207e-14
5.981681903482682309e-15
-3.239353017887203619e-15
-7.913161159320285862e-15
-9.719929579482947659e-15
-9.803856361192807963e-15
-8.883459464491850801e-15
-7.408874224306960506e-15
-5.686266769441196761e-15
-3.867200722973386431e-15
-2.041019368017353813e-15
-2.588722513833557457e-16
1.474949982673608207e-15
3.175084192080796108e-15
4.883268580794277646e-15
6.703157965699695381e-15
8.796500258340754156e-15
1.101056159902135976e-14
1.300229185196659293e-14
