# bin_1_2
1.478449106771724036e-07
1.514514917769159355e-07
1.556423375447492982e-07
1.605076787732450421e-07
1.661501734653535826e-07
1.726865425241268314e-07
1.802488196014314231e-07
1.889856522213091195e-07
1.990624543970711175e-07
2.106602927798198593e-07
2.239742854236665763e-07
2.392129228330532451e-07
2.565989628444310753e-07
2.763622545264965075e-07
2.987278593542705686e-07
3.239165964193487456e-07
3.521262539291064998e-07
3.835134689371283525e-07
4.181738465149552884e-07
4.560962422415220094e-07
4.971187134153206727e-07
5.409028760650841420e-07
5.868973930471080688e-07
6.342644559226941954e-07
6.817878549320945005e-07
7.278518928377182618e-07
7.704256332781284414e-07
8.070175682456904314e-07
8.347633737540839439e-07
8.506281174471905014e-07
8.516965443049397954e-07
8.357152885425186489e-07
8.017033520620951072e-07
7.506334550679476910e-07
6.858493969956157576e-07
6.129344826534808657e-07
5.387830491671843524e-07
4.695014547242205242e-07
4.081831443090776266e-07
3.537375055863268389e-07
3.027188227840759680e-07
2.535882886125158548e-07
2.081314154079553627e-07
1.689048582618151614e-07
1.365827190948257745e-07
1.107516386695383265e-07
8.955341094733420772e-08
7.190506765019678318e-08
5.800009556994427391e-08
4.694163732868843311e-08
3.816336373881190409e-08
3.124242978137993690e-08
2.576692558303163827e-08
2.141627458594648877e-08
1.792562966785811449e-08
1.508445741113596681e-08
1.272911780115128870e-08
1.073654337129236480e-08
9.018645818575774138e-09
7.516810668010417323e-09
6.195925697794773710e-09
5.037862333051965227e-09
4.034450083493693896e-09
3.180943908638471283e-09
2.471127227521256299e-09
1.894740712002549744e-09
1.437264358694266495e-09
1.081345875029460991e-09
8.088333932651793452e-10
6.026075555353641309e-10
4.477753137750645174e-10
3.321445524324562737e-10
2.461372958854465283e-10
1.824001903287171080e-10
1.352946730976251565e-10
1.005010592363587556e-10
7.475927795506529271e-11
5.564670899519780609e-11
4.142085840482536008e-11
3.082767309670339064e-11
2.294063029250195584e-11
1.706949867675566940e-11
1.269970376609792088e-11
9.447838545091020550e-12
7.028256178990775271e-12
5.228181565662725210e-12
3.889172892836925820e-12
2.893267747325213507e-12
2.152647132366807606e-12
1.601965376685691140e-12
1.192585016788619485e-12
8.883912179626014140e-13
6.627651956523383652e-13
4.960159889862296438e-13
3.737312233123268467e-13
2.858708246339333447e-13
2.258991723843811213e-13
1.902643659944444484e-13
1.724634210433243550e-13
1.662006719772297825e-13
