# bin_3_3
5.309692735595441473e-08
5.420031671481357622e-08
5.547525662057634060e-08
5.694596397024092110e-08
5.863947734029475504e-08
6.058640259914437428e-08
6.282133654995879095e-08
6.538352163961416069e-08
6.831605408582698825e-08
7.166488441637543290e-08
7.547864640858394129e-08
7.980833227240846496e-08
8.470846794059289113e-08
9.023380582758985512e-08
9.643568452105096352e-08
1.033584340077388942e-07
1.110345442747822410e-07
1.195055818752279480e-07
1.288202488803477170e-07
1.390342807844393923e-07
1.501655271885932366e-07
1.621394366433639415e-07
1.748861841383621446e-07
1.883701933624070407e-07
2.024845582712522571e-07
2.170072411013171905e-07
2.316753598737523305e-07
2.462090329217199863e-07
2.601968216772785678e-07
2.731358722413898617e-07
2.844925912719963121e-07
2.936262509034040671e-07
2.999056167185264775e-07
3.026977360751983379e-07
3.014510422028536548e-07
2.957064816870826722e-07
2.851291503357322023e-07
2.695096075247221272e-07
2.488910167050964107e-07
2.238801497782756051e-07
1.961047794046999945e-07
1.684890123742358433e-07
1.444177033228313591e-07
1.254211244254621828e-07
1.102034581438138509e-07
9.452028569250333036e-08
7.650013991260302973e-08
5.998905126920871803e-08
4.904850282215791703e-08
4.060255530701714043e-08
3.187595558734963516e-08
2.551024840221605117e-08
2.042650305917965284e-08
1.628257605999610611e-08
1.305456046511322981e-08
1.050593080960004910e-08
8.500441350144276097e-09
6.920813511649268617e-09
5.670454959403252639e-09
4.673409010987196458e-09
3.870306294893839004e-09
3.215338179970330213e-09
2.673670743955321180e-09
2.218955701922251350e-09
1.831993565834608340e-09
1.499470514228723057e-09
1.212858716503559428e-09
9.671768832680333552e-10
7.594967116511786882e-10
5.875107069062006104e-10
4.485116725258538823e-10
3.388838766915501972e-10
2.542416501412030409e-10
1.899336231461796304e-10
1.415695630312007052e-10
1.053931204217288607e-10
7.842142730505136486e-11
5.837029127357983631e-11
4.353493222667604588e-11
3.261319904036535027e-11
2.449632553165325311e-11
1.840201899038640171e-11
1.382094494436713419e-11
1.037826921194206619e-11
7.791848661950038185e-12
5.849253851155603772e-12
4.390577983633094727e-12
3.295553423274951977e-12
2.473742266243653463e-12
1.857123939023753040e-12
1.394614320955289485e-12
1.047824637353514435e-12
7.879125834122765742e-13
5.932402143406466269e-13
4.475733177350990956e-13
3.387611314468425398e-13
2.577875607879887812e-13
1.980354510319929668e-13
1.541861658667344011e-13
1.218854423547536509e-13
