# bin_6_2
3.878834918593617112e-08
3.944517809044045137e-08
4.019507819984035287e-08
4.104774269406570080e-08
4.201276631761983744e-08
4.310028439968614796e-08
4.432126563362857343e-08
4.568766391339170566e-08
4.721006244263433527e-08
4.889533881904354816e-08
5.074510201474018798e-08
5.275967166336381351e-08
5.494316224656032227e-08
5.729707783360504135e-08
5.981471689414145097e-08
6.247754835269076838e-08
6.525102870234979577e-08
6.808529560145723958e-08
7.088894135662136312e-08
7.355578417115518076e-08
7.601829867717274042e-08
7.825370705735654787e-08
8.024514338065340778e-08
8.181994029792603314e-08
8.275141185835076951e-08
8.301041843477568000e-08
8.258553311494320061e-08
8.137749528506385323e-08
7.927911458237683584e-08
7.632755313689742531e-08
7.260480061650992278e-08
6.811906818357158550e-08
6.306328846921079039e-08
5.757722372774264531e-08
5.187871801246503642e-08
4.617476300546999528e-08
4.066580512489319062e-08
3.550213876514296677e-08
3.077908941078256322e-08
2.651008764163332565e-08
2.265083154858475406e-08
1.914825262762192797e-08
1.598821318235305696e-08
1.319981876124521275e-08
1.083097172343094013e-08
8.903343728049162620e-09
7.370325465014988601e-09
6.110759137290315540e-09
5.005263085248820615e-09
4.050697233751172207e-09
3.305363806065781421e-09
2.738517878476190454e-09
2.248055867313270425e-09
1.843118851460798052e-09
1.524024623997495874e-09
1.253089099707677044e-09
1.032179718884545952e-09
8.469615738464639879e-10
6.921486510856683679e-10
5.623659764935947976e-10
4.536444691345145713e-10
3.629578804433713128e-10
2.878802811041520616e-10
2.263549276539148182e-10
1.765392819966233754e-10
1.367121002567655567e-10
1.052520988809567562e-10
8.065625184731925185e-11
6.157681013657638793e-11
4.685439673099897481e-11
3.553274400617636356e-11
2.685014934092542183e-11
2.021412089314241869e-11
1.516633657714681502e-11
1.134871199970812758e-11
8.477855476237970904e-12
6.328383349818632225e-12
4.722860658379751079e-12
3.524656433208095855e-12
2.630590054949696547e-12
1.964327197899966110e-12
1.469329256472035123e-12
1.101278758263417204e-12
8.259116136583458681e-13
6.197438645715451535e-13
4.652917627449405155e-13
3.497739696183152805e-13
2.633566020302799844e-13
1.987911392941918611e-13
1.506311263778738622e-13
1.147826378001603622e-13
8.822666599842602751e-14
6.862307589689931631e-14
5.427261353178839177e-14
4.387141532852931331e-14
3.644692099879353272e-14
3.124539859424779145e-14
2.770946049706026125e-14
2.538532162691812652e-14
2.389873318052029670e-14
