# bin_4_3
4.351526931230587105e-08
4.430886942181696605e-08
4.521952095717630393e-08
4.626143403627786444e-08
4.744962428146123711e-08
4.880070967965756060e-08
5.033292487144012922e-08
5.206641586722213746e-08
5.402189476766546865e-08
5.621873049253206501e-08
5.867393695655375737e-08
6.140428114683101607e-08
6.442934695117726132e-08
6.776097477251718784e-08
7.139773776966074985e-08
7.533075441668228990e-08
7.953771224779089408e-08
8.396140527401781198e-08
8.855662881177030790e-08
9.328811500875255181e-08
9.813590597201167817e-08
1.030435316474092768e-07
1.078313920742048379e-07
1.123435494273423975e-07
1.165283628781827419e-07
1.202846746964627063e-07
1.234471381095401052e-07
1.258703062144620716e-07
1.274935418666521817e-07
1.282116551060260814e-07
1.279138492714678372e-07
1.265698720466618937e-07
1.241031792325904534e-07
1.205076294822228850e-07
1.157872940227391132e-07
1.100123004009946044e-07
1.032755203704365819e-07
9.568682729767089233e-08
8.734929553037514089e-08
7.837852378654846200e-08
6.897107576272402254e-08
5.952003305221819173e-08
5.065761487924679353e-08
4.301372199461051592e-08
3.676780362350039213e-08
3.160404118689792516e-08
2.661155726095086114e-08
2.144611844322875358e-08
1.695004777518321339e-08
1.389847968243374981e-08
1.143951897914376655e-08
9.021236829844681026e-09
7.291672667555894301e-09
5.861474452766916044e-09
4.716643374631817153e-09
3.805969312779184032e-09
3.083325727986518462e-09
2.504845039520807985e-09
2.041465485178655328e-09
1.668183791478990716e-09
1.365612408688582051e-09
1.118765272752973790e-09
9.160995772283321735e-10
7.487417808824541757e-10
6.097906478855568038e-10
4.939226014887308061e-10
3.970622227566087938e-10
3.161473827915257574e-10
2.489054667400264105e-10
1.935986298778265155e-10
1.487834281257646861e-10
1.131269246368056112e-10
8.529098356443742076e-11
6.393043271347460435e-11
4.775726208939993694e-11
3.561711709342880809e-11
2.654597952901555118e-11
1.978667253167188492e-11
1.476042502055484599e-11
1.103563528684264438e-11
8.283323483650117942e-12
6.229211333824150555e-12
4.684253097981742041e-12
3.522086629762089753e-12
2.648015100533679986e-12
1.990842319290255117e-12
1.496922029323870370e-12
1.125805676386757345e-12
8.470829753867060904e-13
6.378901490770531447e-13
4.809670671373912450e-13
3.633964473291577650e-13
2.754173553209302041e-13
2.096888871062058132e-13
1.606960075857892312e-13
1.242922482652928296e-13
9.737096236264476942e-14
7.763253789930949454e-14
6.331248999385478956e-14
5.300492447727616885e-14
