# bin_3_4
6.608844361570692076e-08
6.755026624790557112e-08
6.924373219088345571e-08
7.120307122293250575e-08
7.346697494794007855e-08
7.607957336380617297e-08
7.909113769587033306e-08
8.255904067636907419e-08
8.654736855503920898e-08
9.112637732419989775e-08
9.637276553817141584e-08
1.023697599335975659e-07
1.092085794138069384e-07
1.169856100494022182e-07
1.257992011539886723e-07
1.357460832944183160e-07
1.469163385578458392e-07
1.594130048825306298e-07
1.733491698160288186e-07
1.888462506492863851e-07
2.059889339646030535e-07
2.247699611745988331e-07
2.451792911670967817e-07
2.672272855079448428e-07
2.908362714914382472e-07
3.157830217917448167e-07
3.417595944698173797e-07
3.684007980696286755e-07
3.951387064503413133e-07
4.212268734368967948e-07
4.457912642825146603e-07
4.677344773781550084e-07
4.858408520078444069e-07
4.987606989088726438e-07
5.051017976035375476e-07
5.034785502996621914e-07
4.926286302858335359e-07
4.715750705261799919e-07
4.400188601140236969e-07
3.989987159516117213e-07
3.516511551757627345e-07
3.034912783933162056e-07
2.609216083468698845e-07
2.272342950107344947e-07
2.007113655881090344e-07
1.738483608759700726e-07
1.418751637451975647e-07
1.110531966541397933e-07
9.015398986364154376e-08
7.499554105103149302e-08
5.903767249252555510e-08
4.687737004097887394e-08
3.757279628305335352e-08
2.977611454008096364e-08
2.379554042323626693e-08
1.905405665335719402e-08
1.534551137361428543e-08
1.244188360681771604e-08
1.016060313834110352e-08
8.357503214445112862e-09
6.918781216138232061e-09
5.755821251337378654e-09
4.800804912423795491e-09
4.002244296719772424e-09
3.322677524324221547e-09
2.736426850666561224e-09
2.227504544934868100e-09
1.787223778132756650e-09
1.411287732178440128e-09
1.096878287794170565e-09
8.405000606657342938e-10
6.367984825309958280e-10
4.786390856610006183e-10
3.580070037608352943e-10
2.670574459863677975e-10
1.989228811176004216e-10
1.480718318560305165e-10
1.102405908330787885e-10
8.222807509402734273e-11
6.160883873889986094e-11
4.631104681215281763e-11
3.482382154818644511e-11
2.618017887015976656e-11
1.967771872070787043e-11
1.478746236452391046e-11
1.111071055700352250e-11
8.347035686736172091e-12
6.270203534804798079e-12
4.709899374693479497e-12
3.537915561539375725e-12
2.657831585739017600e-12
1.997121174675208974e-12
1.501244953525307660e-12
1.129227084189594674e-12
8.502861045391327857e-13
6.413326962888644793e-13
4.851328981881765157e-13
3.689083455275853308e-13
2.827022051540608721e-13
2.186414874226116756e-13
