# bin_3_1
2.367164000473187962e-08
2.405713022456548420e-08
2.449780324495964745e-08
2.499982712805503320e-08
2.556962177424670295e-08
2.621423899303070466e-08
2.694144503522280210e-08
2.775998245163683852e-08
2.867860596304609827e-08
2.970494600626356674e-08
3.084512591178409576e-08
3.210341940798968892e-08
3.348327756855572024e-08
3.498458649489417884e-08
3.660096130263079224e-08
3.831767010961395146e-08
4.010865199435919759e-08
4.195562488405676519e-08
4.384899467814061517e-08
4.579064706793589986e-08
4.775978893056165619e-08
4.967214551194542252e-08
5.146606789183428397e-08
5.313476403781101794e-08
5.464660959032415822e-08
5.592385331160813614e-08
5.690699046642488443e-08
5.757536816676286982e-08
5.787910551003409511e-08
5.776474735225509234e-08
5.722358272232950348e-08
5.622102356566104465e-08
5.476696098762562368e-08
5.287446644510360840e-08
5.058512224420562571e-08
4.793782519630427553e-08
4.495840516371410919e-08
4.162887182083172704e-08
3.789781189094258823e-08
3.374829765269100243e-08
2.931700602302509413e-08
2.496877877154930390e-08
2.118103856127203761e-08
1.818377727882239562e-08
1.580802743871105390e-08
1.354246357132592996e-08
1.106781043743725255e-08
8.740336109922076559e-09
7.096009717470889257e-09
5.897097220871428838e-09
4.696237040536009682e-09
3.759277608908960117e-09
3.041578057085894192e-09
2.437643016424233954e-09
1.968303197064978418e-09
1.590834743594925078e-09
1.290265280378731257e-09
1.049998073445900613e-09
8.570741545324386605e-10
7.014038816655649664e-10
5.751012925978190992e-10
4.720185459690578257e-10
3.873580637557360606e-10
3.173154286332289570e-10
2.589102320538049120e-10
2.098667525698680471e-10
1.685269475811708562e-10
1.337467758083521559e-10
1.047458255264407742e-10
8.093467828508714974e-11
6.177372760865042562e-11
4.668412493254487877e-11
3.503427820551385854e-11
2.618018837506323087e-11
1.951954404971237476e-11
1.453594701086956559e-11
1.081829571926972126e-11
8.052475318642787981e-12
6.003081716466190564e-12
4.492604752050412694e-12
3.372321857069160408e-12
2.532407375948116407e-12
1.901503146882911353e-12
1.427635911441168049e-12
1.071842185158687950e-12
8.047993791790283406e-13
6.044254815796949838e-13
4.541406381022500758e-13
3.414874817075963270e-13
2.570823630336831096e-13
1.939010024991715621e-13
1.466592771042000445e-13
1.113810364148748154e-13
8.508918851012259800e-14
6.554822977130378256e-14
5.108984224060627738e-14
4.047861396991121541e-14
3.278735929400603653e-14
2.722673360047201878e-14
2.313315585075441899e-14
