# bin_2_2
4.504268298746313477e-08
4.612618054781453858e-08
4.738500695030588331e-08
4.884624466776228637e-08
5.054075881057049963e-08
5.250379001549404982e-08
5.477545007305742912e-08
5.740120453872408281e-08
6.043199532632680466e-08
6.392398277028588404e-08
6.793796224228798139e-08
7.253980412207020955e-08
7.780079034806571902e-08
8.379555004904719156e-08
9.059752183728037983e-08
9.827951586251294239e-08
1.069142264305873454e-07
1.165706596808879368e-07
1.273097108505232789e-07
1.391657303491783907e-07
1.521224902272578756e-07
1.661257013908685834e-07
1.810821239034608025e-07
1.968224235312166728e-07
2.130682745068170823e-07
2.294347790260944730e-07
2.454200186057703781e-07
2.603731186058576031e-07
2.734886983692231285e-07
2.838466921730030466e-07
2.904319967587835772e-07
2.922528970178416506e-07
2.884827305040293936e-07
2.786740169098670189e-07
2.629719036385575978e-07
2.422654597407233805e-07
2.181804529537733500e-07
1.927894126190258713e-07
1.681354670181960575e-07
1.456842034404417979e-07
1.259531266569859087e-07
1.084676962850999060e-07
9.210633361246465048e-08
7.616839005470859687e-08
6.143683944433762323e-08
4.946146211966547664e-08
4.024426659202371096e-08
3.257625918422988425e-08
2.605358139375146621e-08
2.092776065028831992e-08
1.689294055524127233e-08
1.365115360985848936e-08
1.111579806413409242e-08
9.108947846596877838e-09
7.522057634237969670e-09
6.256948570129403336e-09
5.236297049366259805e-09
4.399635475419034523e-09
3.700866218999800889e-09
3.106167606791443477e-09
2.592019256621040322e-09
2.143185840927795964e-09
1.750740592998234248e-09
1.409947079813392909e-09
1.118230029096723841e-09
8.734527494238383724e-10
6.727430132185118523e-10
5.120062167660870278e-10
3.860603157608982845e-10
2.891575993048472591e-10
2.156187070018215657e-10
1.603337486787975122e-10
1.190217125476108063e-10
8.827510264750964965e-11
6.546417169303906866e-11
4.858947737594960008e-11
3.613061076683450285e-11
2.692158379572879056e-11
2.008024172379433888e-11
1.497697245444532510e-11
1.116865634899962532e-11
8.327469933513793022e-12
6.208225325670388103e-12
4.627791064745288292e-12
3.449381843991195894e-12
2.570877162203011489e-12
1.916056114334011277e-12
1.428046263991707166e-12
1.064408739737088543e-12
7.934983186578299869e-13
5.917080141023237429e-13
4.414490391131698135e-13
3.296184313825304155e-13
2.464608269076733865e-13
1.847874417474727821e-13
1.394555604981948534e-13
1.067650884540286004e-13
8.410263547479733125e-14
6.926650391774624590e-14
6.106541321707293578e-14
