# d_a
0.000000000000000000e+00
4.419590777699883688e+01
8.731412708831695113e+01
1.293849722515556664e+02
1.704376565392254292e+02
2.105003442265451667e+02
2.496001996268823007e+02
2.877634333147088341e+02
3.250153457212327339e+02
3.613803682742806700e+02
3.968821022416020696e+02
4.315433554252708745e+02
4.653861768443538267e+02
4.984318895332921215e+02
5.307011215744835226e+02
5.622138354752976284e+02
5.929893559921399628e+02
6.230463964970990673e+02
6.524030839762351661e+02
6.810769827425014000e+02
7.090851169407246744e+02
7.364439919168945607e+02
7.631696145192041740e+02
7.892775123938495199e+02
8.147827523344495830e+02
8.396999577401286388e+02
8.640433252337174963e+02
8.878266404882377856e+02
9.110632933067367958e+02
9.337662919976750118e+02
9.559482770853935563e+02
9.776215343927138974e+02
9.987980075303834155e+02
1.019489309825936630e+03
1.039706735722510530e+03
1.059461271676285833e+03
1.078763606579457246e+03
1.097624141734002478e+03
1.116053000399986331e+03
1.134060036940709779e+03
1.151654845585660496e+03
1.168846768831001100e+03
1.185644905496118554e+03
1.202058118453713405e+03
1.218095042049831818e+03
1.233764089229327510e+03
1.249073458381324826e+03
1.264031139918397457e+03
1.278644922602429688e+03
1.292922399629342181e+03
1.306870974484211047e+03
1.320497866577630248e+03
1.333810116673586890e+03
1.346814592118515748e+03
1.359517991880693216e+03
1.371926851408613402e+03
1.384047547316513828e+03
1.395886301904782385e+03
1.407449187522563307e+03
1.418742130779472745e+03
1.429770916612990732e+03
1.440541192217722482e+03
1.451058470842426232e+03
1.461328135460372323e+03
1.471355442318333871e+03
1.481145524369216218e+03
1.490703394593097300e+03
1.500033949211199115e+03
1.509141970797090380e+03
1.518032131289197650e+03
1.526708994908520935e+03
1.535177020985234776e+03
1.543440566697704980e+03
1.551503889727256592e+03
1.559371150831887917e+03
1.567046416341968097e+03
1.574533660580819515e+03
1.581836768212941024e+03
1.588959536522512963e+03
1.595905677624703685e+03
1.602678820612175514e+03
1.609282513639095896e+03
1.615720225944841786e+03
1.621995349819498188e+03
1.628111202513171065e+03
1.634071028091023891e+03
1.639877999235880907e+03
1.645535219000180405e+03
1.651045722508936478e+03
1.656412478702297676e+03
1.661638391820940797e+03
1.666726302820403134e+03
1.671678991221676597e+03
1.676499176453085511e+03
1.681189519291261604e+03
1.685752623263217856e+03
1.690191036010734251e+03
1.694507250618243461e+03
1.698703706905330137e+03
1.702782792684952028e+03
1.706746844988408384e+03
1.710598151258087000e+03
1.714338950508943526e+03
1.717971434459661623e+03
1.721497748634394156e+03
1.724919993435956030e+03
1.728240225191312447e+03
1.731460457170168866e+03
1.734582660577453453e+03
1.737608765520442148e+03
1.740540661951260063e+03
1.743380200585464763e+03
1.746129193797393782e+03
1.748789416492935970e+03
1.751362606960365838e+03
1.753850467699853880e+03
1.756254666232255431e+03
1.758576835887750804e+03
1.760818576574899453e+03
1.762981455530645462e+03
1.765067008051802532e+03
1.767076738208521874e+03
1.769012119540240747e+03
1.770874595734579998e+03
1.772665581289659485e+03
1.774386462160275187e+03
1.776038596388372298e+03
1.777623314718236770e+03
1.779141921196811381e+03
1.780595693759532651e+03
1.781985884802072860e+03
1.783313721738360528e+03
1.784580407545238359e+03
1.785787121294112922e+03
1.786935018669933925e+03
1.788025232477834834e+03
1.789058873137758837e+03
1.790037029167372793e+03
1.790960767653587482e+03
1.791831134712961557e+03
1.792649155941287518e+03
1.793415836852631855e+03
1.794132163308097688e+03
1.794799101934580676e+03
1.795417600533761515e+03
1.795988588481591933e+03
1.796512977118510889e+03
1.796991660130625405e+03
1.797425513922085884e+03
1.797815397978875581e+03
1.798162155224227945e+03
1.798466612365888295e+03
1.798729580235413778e+03
1.798951854119717609e+03
1.799134214085046551e+03
1.799277425293581928e+03
1.799382238312843810e+03
1.799449389418076862e+03
1.799479600887794049e+03
1.799473581292642166e+03
1.799432025777754689e+03
1.799355616338750906e+03
1.799245022091540022e+03
1.799100899536073712e+03
1.798923892814203327e+03
1.798714633961777963e+03
1.798473743155127295e+03
1.798201828952060396e+03
1.797899488527521271e+03
1.797567307904016161e+03
1.797205862176955861e+03
1.796815715735018102e+03
1.796397422475659596e+03
1.795951526015893023e+03
1.795478559898434696e+03
1.794979047793344762e+03
1.794453503695252948e+03
1.793902432116288765e+03
1.793326328274808475e+03
1.792725678280018428e+03
1.792100959312599116e+03
1.791452639801413852e+03
1.790781179596403945e+03
1.790087030137749707e+03
1.789370634621394856e+03
1.788632428161010921e+03
1.787872837946490563e+03
1.787092283399047346e+03
1.786291176323000855e+03
1.785469921054325368e+03
1.784628914606038734e+03
1.783768546810498947e+03
1.782889200458683945e+03
1.781991251436524863e+03
1.781075068858357554e+03
1.780141015197560137e+03
1.779189446414439089e+03
1.778220712081432112e+03
1.777235155505680723e+03
1.776233113849040365e+03
1.775214918245581202e+03
1.774180893916638297e+03
1.773131360283468666e+03
1.772066631077564352e+03
1.770987014448679702e+03
1.769892813070620832e+03
1.768784324244848904e+03
1.767661840001948576e+03
1.766525647201002357e+03
1.765376027626928362e+03
1.764213258085816506e+03
1.763037610498314280e+03
1.761849351991104186e+03
1.760648744986513520e+03
1.759436047290299484e+03
1.758211512177650320e+03
1.756975388477439310e+03
1.755727920654774834e+03
1.754469348891878099e+03
1.753199909167331953e+03
1.751919833333730139e+03
1.750629349193766075e+03
1.749328680574793452e+03
1.748018047401894364e+03
1.746697665769485184e+03
1.745367748011489766e+03
1.744028502770119303e+03
1.742680135063278840e+03
1.741322846350637519e+03
1.739956834598388696e+03
1.738582294342727664e+03
1.737199416752075877e+03
1.735808389688077568e+03
1.734409397765396534e+03
1.733002622410337835e+03
1.731588241918316726e+03
1.730166431510206621e+03
1.728737363387582036e+03
1.727301206786886269e+03
1.725858128032541345e+03
1.724408290589026365e+03
1.722951855111946315e+03
1.721488979498107938e+03
1.720019818934631076e+03
1.718544525947108013e+03
1.717063250446836491e+03
1.715576139777143226e+03
1.714083338758817490e+03
1.712584989734673172e+03
1.711081232613257953e+03
1.709572204911728477e+03
1.708058041797903797e+03
1.706538876131522557e+03
1.705014838504711861e+03
1.703486057281689909e+03
1.701952658637716468e+03
1.700414766597305061e+03
1.698872503071715300e+03
1.697325987895736489e+03
1.695775338863781599e+03
1.694220671765299358e+03
1.692662100419525359e+03
1.691099736709581066e+03
1.689533690615935029e+03
1.687964070249240194e+03
1.686390981882558663e+03
1.684814529982988461e+03
1.683234817242701638e+03
1.681651944609406655e+03
1.680066011316248023e+03
1.678477114911152739e+03
1.676885351285636261e+03
1.675290814703075512e+03
1.673693597826465975e+03
1.672093791745664930e+03
1.670491486004138324e+03
1.668886768625216746e+03
1.667279726137873240e+03
1.665670443602028172e+03
1.664059004633396853e+03
1.662445491427882644e+03
1.660829984785528950e+03
1.659212564134035574e+03
1.657593307551851240e+03
1.655972291790847976e+03
1.654349592298587368e+03
1.652725283240184581e+03
1.651099437519780622e+03
1.649472126801627837e+03
1.647843421530799333e+03
1.646213390953525959e+03
1.644582103137171316e+03
1.642949624989850008e+03
1.641316022279695289e+03
1.639681359653787240e+03
1.638045700656740792e+03
1.636409107748968154e+03
1.634771642324614731e+03
1.633133364729181267e+03
1.631494334276830159e+03
1.629854609267394380e+03
1.628214247003079208e+03
1.626573303804875877e+03
1.624931835028685327e+03
1.623289895081159557e+03
1.621647537435267623e+03
1.620004814645587658e+03
1.618361778363333542e+03
1.616718479351119413e+03
1.615074967497468378e+03
1.613431291831069757e+03
1.611787500534787114e+03
1.610143640959425738e+03
1.608499759637262287e+03
1.606855902295339547e+03
1.605212113868534516e+03
1.603568438512399325e+03
1.601924919615782301e+03
1.600281599813233925e+03
1.598638520997198157e+03
1.596995724329996847e+03
1.595353250255609055e+03
1.593711138511248691e+03
1.592069428138746616e+03
1.590428157495737196e+03
1.588787364266656596e+03
1.587147085473553716e+03
1.585507357486718774e+03
1.583868216035130445e+03
1.582229696216729508e+03
1.580591832508515381e+03
1.578954658776477572e+03
1.577318208285354103e+03
1.575682513708232591e+03
1.574047607135984208e+03
1.572413520086544395e+03
1.570780283514036455e+03
1.569147927817740992e+03
1.567516482850919601e+03
1.565885977929488718e+03
1.564256441840550224e+03
1.562627902850779492e+03
1.561000388714675864e+03
1.559373926682674892e+03
1.557748543509127785e+03
1.556124265460146717e+03
1.554501118321324611e+03
1.552879127405322379e+03
1.551258317559336547e+03
1.549638713172440930e+03
1.548020338182807791e+03
1.546403216084813494e+03
1.544787369936023197e+03
1.543172822364066178e+03
1.541559595573396109e+03
1.539947711351939915e+03
1.538337191077642501e+03
1.536728055724900514e+03
1.535120325870894249e+03
1.533514021701816318e+03
1.531909163018998242e+03
1.530305769244940393e+03
1.528703859429240083e+03
1.527103452254430067e+03
1.525504566041715634e+03
1.523907218756626435e+03
1.522311428014571902e+03
1.520717211086309817e+03
1.519124584903327104e+03
1.517533566063134231e+03
1.515944170834473880e+03
1.514356415162447774e+03
1.512770314673559824e+03
1.511185884680681511e+03
1.509603140187934514e+03
1.508022095895498751e+03
1.506442766204342433e+03
1.504865165220877088e+03
1.503289306761539819e+03
1.501715204357300991e+03
1.500142871258101877e+03
1.498572320437222970e+03
1.497003564595580656e+03
1.495436616165958867e+03
1.493871487317171841e+03
1.492308189958163894e+03
1.490746735742042119e+03
1.489187136070046790e+03
1.487629402095460136e+03
1.486073544727452827e+03
1.484519574634871560e+03
1.482967502249964355e+03
1.481417337772052633e+03
1.479869091171141008e+03
1.478322772191473632e+03
1.476778390355035299e+03
1.475235954964996154e+03
1.473695475109104564e+03
1.472156959663026555e+03
1.470620417293633636e+03
1.469085856462239917e+03
