# d_c
0.000000000000000000e+00
4.463786685476882354e+01
8.906040963008328504e+01
1.332665214191023324e+02
1.772551628007944657e+02
2.210253614378724478e+02
2.645762116044952563e+02
3.079068736467384610e+02
3.510165733789313549e+02
3.939046014189659672e+02
4.365703124657622993e+02
4.790131245220507026e+02
5.212325180656763450e+02
5.632280351726200252e+02
6.049992785949112886e+02
6.465459107965922385e+02
6.878676529508823023e+02
7.289642839016058815e+02
7.698356390919574324e+02
8.104816094635766603e+02
8.509021403288695637e+02
8.910972302194423946e+02
9.310669297134290900e+02
9.708113402444348594e+02
1.010330612894717433e+03
1.049624947175160742e+03
1.088694589794484045e+03
1.127539833420061996e+03
1.166161015432623117e+03
1.204558516677000853e+03
1.242732760211011737e+03
1.280684210054455207e+03
1.318413369940106122e+03
1.355920782068495782e+03
1.393207025868164237e+03
1.430272716762985965e+03
1.467118504948061627e+03
1.503745074175583568e+03
1.540153140551981096e+03
1.576343451347586779e+03
1.612316783819924694e+03
1.648073944051711578e+03
1.683615765804488319e+03
1.718943109388810171e+03
1.754056860551757836e+03
1.788957929382524981e+03
1.823647249236734069e+03
1.858125775680044171e+03
1.892394485451595756e+03
1.926454375447719713e+03
1.960306461726316456e+03
1.993951778532221624e+03
2.027391377343852128e+03
2.060626325941329014e+03
2.093657707496267449e+03
2.126486619683350909e+03
2.159114173813761681e+03
2.191541493990508570e+03
2.223769716285650247e+03
2.255799987939361472e+03
2.287633466580785353e+03
2.319271319470532944e+03
2.350714722764730595e+03
2.381964860800406768e+03
2.413022925402067813e+03
2.443890115209206670e+03
2.474567635024541687e+03
2.505056695182702242e+03
2.535358510939111966e+03
2.565474301878743972e+03
2.595405291344485704e+03
2.625152705884751413e+03
2.654717774720052603e+03
2.684101729228153999e+03
2.713305802447484893e+03
2.742331228598444341e+03
2.771179242622242327e+03
2.799851079736905831e+03
2.828347975010073242e+03
2.856671162948219717e+03
2.884821877101916016e+03
2.912801349686763842e+03
2.940610811219612060e+03
2.968251490169681801e+03
2.995724612624234396e+03
3.023031401968394221e+03
3.050173078578738114e+03
3.077150859530337584e+03
3.103965958316800425e+03
3.130619584747342742e+03
3.157112944459787286e+03
3.183447238386970184e+03
3.209623663145619048e+03
3.235643410554455386e+03
3.261507667425047202e+03
3.287217615363274945e+03
3.312774430581039269e+03
3.338179283717939597e+03
3.363433339672553757e+03
3.388537757443054488e+03
3.413493689976816768e+03
3.438302284028754457e+03
3.462964680028066141e+03
3.487482011953113670e+03
3.511855407214164188e+03
3.536085986543709623e+03
3.560174863894103510e+03
3.584123146342250038e+03
3.607931934001103400e+03
3.631602319937723678e+03
3.655135390097646450e+03
3.678532223235331003e+03
3.701793890850474781e+03
3.724921457129953524e+03
3.747915978895182889e+03
3.770778505554686490e+03
3.793510079061672059e+03
3.816111733876419294e+03
3.838584496933280207e+03
3.860929387612113715e+03
3.883147417713965751e+03
3.905239591440833465e+03
3.927206905379333875e+03
3.949050348488113286e+03
3.970770902088837829e+03
3.992369539860619170e+03
4.013847227837720766e+03
4.035204924410397325e+03
4.056443580328730150e+03
4.077564138709329654e+03
4.098567535044767283e+03
4.119454697215613123e+03
4.140226545504953720e+03
4.160883992615283205e+03
4.181427943687644984e+03
4.201859296322912087e+03
4.222178940605111165e+03
4.242387759126673700e+03
4.262486627015538033e+03
4.282476411963978535e+03
4.302357974259090952e+03
4.322132166814843004e+03
4.341799835205596537e+03
4.361361817701030304e+03
4.380818945302377870e+03
4.400172041779900610e+03
4.419421923711536692e+03
4.438569400522644173e+03
4.457615274526772737e+03
4.476560340967400407e+03
4.495405388060569749e+03
4.514151197038378996e+03
4.532798542193242611e+03
4.551348190922885806e+03
4.569800903776018458e+03
4.588157434498633847e+03
4.606418530080880373e+03
4.624584930804458054e+03
4.642657370290508879e+03
4.660636575547942812e+03
4.678523267022162145e+03
4.696318158644140567e+03
4.714021957879835099e+03
4.731635365779873609e+03
4.749159077029496984e+03
4.766593779998712307e+03
4.783940156792638845e+03
4.801198883302001377e+03
4.818370629253756306e+03
4.835456058261803264e+03
4.852455827877781303e+03
4.869370589641898732e+03
4.886200989133793883e+03
4.902947666023387683e+03
4.919611254121711681e+03
4.936192381431697868e+03
4.952691670198897555e+03
4.969109736962120223e+03
4.985447192603967778e+03
5.001704642401251476e+03
5.017882686075276979e+03
5.033981917841972972e+03
5.050002926461859715e+03
5.065946295289832051e+03
5.081812602324761428e+03
5.097602420258881466e+03
5.113316316526963419e+03
5.128954853355266096e+03
5.144518587810242025e+03
5.160008071847000792e+03
5.175423852357513169e+03
5.190766471218552397e+03
5.206036465339357164e+03
5.221234366709017195e+03
5.236360702443571427e+03
5.251415994832802426e+03
5.266400761386739759e+03
5.281315514881853233e+03
5.296160763406928709e+03
5.310937010408631068e+03
5.325644754736743380e+03
5.340284490689081395e+03
5.354856708056075149e+03
5.369361892165020436e+03
5.383800523923986475e+03
5.398173079865393447e+03
5.412480032189238045e+03
5.426721848805981608e+03
5.440898993379087187e+03
5.455011925367208278e+03
5.469061100066031031e+03
5.483046968649757218e+03
5.496969978212245223e+03
5.510830571807787237e+03
5.524629188491540845e+03
5.538366263359598634e+03
5.552042227588708556e+03
5.565657508475635950e+03
5.579212529476172676e+03
5.592707710243788824e+03
5.606143466667936991e+03
5.619520210911989125e+03
5.632838351450835034e+03
5.646098293108118924e+03
5.659300437093132132e+03
5.672445181037342081e+03
5.685532919030589255e+03
5.698564041656922200e+03
5.711538936030091463e+03
5.724457985828698838e+03
5.737321571331001905e+03
5.750130069449371149e+03
5.762883853764416926e+03
5.775583294558770831e+03
5.788228758850527811e+03
5.800820610426360872e+03
5.813359209874293811e+03
5.825844914616151982e+03
5.838278078939675652e+03
5.850659054030315019e+03
5.862988188002689640e+03
5.875265825931736799e+03
5.887492309883528833e+03
5.899667978945784853e+03
5.911793169258051421e+03
5.923868214041585816e+03
5.935893443628915520e+03
5.947869185493096666e+03
5.959795764276662339e+03
5.971673501820270758e+03
5.983502717191049669e+03
5.995283726710642441e+03
6.007016843982959472e+03
6.018702379921633110e+03
6.030340642777182438e+03
6.041931938163894301e+03
6.053476569086406016e+03
6.064974835966023420e+03
6.076427036666736967e+03
6.087833466520975890e+03
6.099194418355077687e+03
6.110510182514486587e+03
6.121781046888683704e+03
6.133007296935844352e+03
6.144189215707234325e+03
6.155327083871338800e+03
6.166421179737738385e+03
6.177471779280715054e+03
6.188479156162617073e+03
6.199443581756954700e+03
6.210365325171265795e+03
6.221244653269710398e+03
6.232081830695441568e+03
6.242877119892717928e+03
6.253630781128787021e+03
6.264343072515518543e+03
6.275014250030815674e+03
6.285644567539781747e+03
6.296234276815666817e+03
6.306783627560574132e+03
6.317292867425954682e+03
6.327762242032865288e+03
6.338191994992015680e+03
6.348582367923590027e+03
6.358933600476855645e+03
6.369245930349561604e+03
6.379519593307112700e+03
6.389754823201551517e+03
6.399951851990315845e+03
6.410110909754809654e+03
6.420232224718751240e+03
6.430316023266340380e+03
6.440362529960211759e+03
6.450371967559202858e+03
6.460344557035921753e+03
6.470280517594126650e+03
6.480180066685913516e+03
6.490043420028720902e+03
6.499870791622141041e+03
6.509662393764552689e+03
6.519418437069577521e+03
6.529139130482347355e+03
6.538824681295600385e+03
6.548475295165601892e+03
6.558091176127884864e+03
6.567672526612835100e+03
6.577219547461087132e+03
6.586732437938768271e+03
6.596211395752567114e+03
6.605656617064645616e+03
6.615068296507385639e+03
6.624446627197974522e+03
6.633791800752834206e+03
6.643104007301893034e+03
6.652383435502706561e+03
6.661630272554419207e+03
6.670844704211581302e+03
6.680026914797812424e+03
6.689177087219317400e+03
6.698295402978259517e+03
6.707382042185987302e+03
6.716437183576113966e+03
6.725461004517470428e+03
6.734453681026899176e+03
6.743415387781926256e+03
6.752346298133290475e+03
6.761246584117338898e+03
6.770116416468288662e+03
6.778955964630358721e+03
6.787765396769769723e+03
6.796544879786617457e+03
6.805294579326618987e+03
6.814014659792730527e+03
6.822705284356647098e+03
6.831366614970171213e+03
6.839998812376467868e+03
6.848602036121197671e+03
6.857176444563528094e+03
6.865722194887027399e+03
6.874239443110456705e+03
6.882728344098421076e+03
6.891189051571937853e+03
6.899621718118866738e+03
6.908026495204248931e+03
6.916403533180526210e+03
6.924752981297653605e+03
6.933074987713107475e+03
6.941369699501791729e+03
6.949637262665828530e+03
6.957877822144259881e+03
6.966091521822635514e+03
6.974278504542508017e+03
6.982438912110824276e+03
6.990572885309220510e+03
6.998680563903218172e+03
7.006762086651327991e+03
7.014817591314050333e+03
7.022847214662795523e+03
7.030851092488695940e+03
7.038829359611336258e+03
7.046782149887391824e+03
7.054709596219174273e+03
7.062611830563089825e+03
7.070488983938011188e+03
7.078341186433561234e+03
7.086168567218313910e+03
7.093971254547905119e+03
7.101749375773066276e+03
7.109503057347570575e+03
7.117232424836099199e+03
7.124937602922027509e+03
7.132618715415128463e+03
7.140275885259203278e+03
7.147909234539623867e+03
7.155518884490809796e+03
7.163104955503618839e+03
7.170667567132669319e+03
7.178206838103583323e+03
7.185722886320160796e+03
7.193215828871471786e+03
7.200685782038890466e+03
7.208132861303043683e+03
7.215557181350699466e+03
7.222958856081580961e+03
7.230337998615111246e+03
7.237694721297094475e+03
7.245029135706323359e+03
7.252341352661127530e+03
7.259631482225845502e+03
7.266899633717245706e+03
7.274145915710871122e+03
7.281370436047325711e+03
7.288573301838498992e+03
7.295754619473724233e+03
7.302914494625879342e+03
7.310053032257425002e+03
7.317170336626380958e+03
7.324266511292250470e+03
7.331341659121872908e+03
7.338395882295232695e+03
7.345429282311200041e+03
