# d_l
0.000000000000000000e+00
4.508424552331651114e+01
9.084161782268495244e+01
1.372645170616754058e+02
1.843453693128262501e+02
2.320766295097660930e+02
2.804507843007650081e+02
3.294603548020101584e+02
3.790978992492458701e+02
4.293560155466729498e+02
4.802273437123385520e+02
5.317045682194763003e+02
5.837804202335576065e+02
6.364476797450605545e+02
6.896991775981989576e+02
7.435277974160810572e+02
7.979264774230234707e+02
8.528882121648788370e+02
9.084060541285097088e+02
9.644731152616561758e+02
1.021082568394643431e+03
1.078227648565525215e+03
1.135901654250383444e+03
1.194097948500654866e+03
1.252809959989449681e+03
1.312031183968950927e+03
1.371755183141049883e+03
1.431975588443478728e+03
1.492686099753757617e+03
1.553880486513331107e+03
1.615552588274315212e+03
1.677696315171336437e+03
1.740305648320940236e+03
1.803374640151099584e+03
1.866897414663340214e+03
1.930868167630031166e+03
1.995281166729363576e+03
2.060130751620549745e+03
2.125411333961733817e+03
2.191117397373145650e+03
2.257243497347894390e+03
2.323784261112913555e+03
2.390734387442373190e+03
2.458088646425998377e+03
2.525841879194530975e+03
2.593988997604661108e+03
2.662524983885631627e+03
2.731444890249664695e+03
2.800743838468361901e+03
2.870417019417102438e+03
2.940459692589474798e+03
3.010867185583654646e+03
3.081634893562655179e+03
3.152758278690233510e+03
3.224232869544252026e+03
3.296054260509194137e+03
3.368218111149468314e+03
3.440720145565098392e+03
3.513556151731327645e+03
3.586721980823584545e+03
3.660213546529256746e+03
3.734026824347557977e+03
3.808157850878863883e+03
3.882602723104662800e+03
3.957357597659391558e+03
4.032418690095190868e+03
4.107782274140739901e+03
4.183444680955112744e+03
4.259402298377708576e+03
4.335651570175076813e+03
4.412188995285626333e+03
4.489011127062924970e+03
4.566114572518490604e+03
4.643495991564705946e+03
4.721152096258623715e+03
4.799079650047277937e+03
4.877275467015146205e+03
4.955736411134323134e+03
5.034459395517930716e+03
5.113441381677313075e+03
5.192679378783448556e+03
5.272170442933042978e+03
5.351911676419694231e+03
5.431900227010517483e+03
5.512133287228591144e+03
5.592608093641529194e+03
5.673321926156452719e+03
5.754272107321731710e+03
5.835456001635584471e+03
5.916871015172478110e+03
5.998514594473595935e+03
6.080384225319113284e+03
6.162477433239588208e+03
6.244791782370099099e+03
6.327324874804591673e+03
6.410074349958386847e+03
6.493037883938836785e+03
6.576213188924341011e+03
6.659598012551656211e+03
6.743190137311677972e+03
6.826987379953633535e+03
6.910987590897795599e+03
6.995188653656693532e+03
7.079588484264822000e+03
7.164185030716895199e+03
7.248976272414603955e+03
7.333960219621853867e+03
7.419134912928459016e+03
7.504498422722294890e+03
7.590048848669842300e+03
7.675784319205057727e+03
7.761702991026549171e+03
7.847803048603006573e+03
7.934082703686800414e+03
8.020540194835692091e+03
8.107173786942576953e+03
8.193981770773212702e+03
8.280962462511830381e+03
8.368114203314549741e+03
8.455435358870528944e+03
8.542924318970724926e+03
8.630579497084241666e+03
8.718399329942119948e+03
8.806382277128492206e+03
8.894526820678996955e+03
8.982831464686392792e+03
9.071294734913248249e+03
9.159915178411602028e+03
9.248691363149506287e+03
9.337621877644365668e+03
9.426705330602964750e+03
9.515940350568065696e+03
9.605325585571494230e+03
9.694859702793610268e+03
9.784541388229088625e+03
9.874369346358844268e+03
9.964342299828063915e+03
1.005445898913021665e+04
1.014471817229697990e+04
1.023511862459390977e+04
1.032565913822181938e+04
1.041633852202377238e+04
1.050715560119754264e+04
1.059810921701350162e+04
1.068919822653780102e+04
1.078042150236075759e+04
1.087177793233038028e+04
1.096326641929093057e+04
1.105488588082639581e+04
1.114663524900882840e+04
1.123851347015142528e+04
1.133051950456632949e+04
1.142265232632697189e+04
1.151491092303490223e+04
1.160729429559108758e+04
1.169980145797151636e+04
1.179243143700705332e+04
1.188518327216745820e+04
1.197805601534951347e+04
1.207104873066917207e+04
1.216416049425762139e+04
1.225739039406120901e+04
1.235073752964516825e+04
1.244420101200106728e+04
1.253777996335787248e+04
1.263147351699658975e+04
1.272528081706842022e+04
1.281920101841634278e+04
1.291323328640006548e+04
1.300737679672425111e+04
1.310163073527000961e+04
1.319599429792954470e+04
1.329046669044391820e+04
1.338504712824384842e+04
1.347973483629349175e+04
1.357452904893716914e+04
1.366942900974895565e+04
1.376443397138507316e+04
1.385954319543903148e+04
1.395475595229949249e+04
1.405007152101077554e+04
1.414548918913594389e+04
1.424100825262244507e+04
1.433662801567022507e+04
1.443234779060232177e+04
1.452816689773781218e+04
1.462408466526711709e+04
1.472010042912961399e+04
1.481621353289349645e+04
1.491242332763783270e+04
1.500872917183679056e+04
1.510513043124598880e+04
1.520162647879092219e+04
1.529821669445741827e+04
1.539490046518410054e+04
1.549167718475676884e+04
1.558854625370474969e+04
1.568550707919910201e+04
1.578255907495264728e+04
1.587970166112180777e+04
1.597693426421023105e+04
1.607425631697413701e+04
1.617166725832934753e+04
1.626916653326001324e+04
1.636675359272891910e+04
1.646442789358945083e+04
1.656218889849906918e+04
1.666003607583436315e+04
1.675796889960758926e+04
1.685598684938467341e+04
1.695408941020469501e+04
1.705227607250074288e+04
1.715054633202220430e+04
1.724889968975837473e+04
1.734733565186343913e+04
1.744585372958273365e+04
1.754445343918032086e+04
1.764313430186776532e+04
1.774189584373422986e+04
1.784073759567768502e+04
1.793965909333739910e+04
1.803865987702748316e+04
1.813773949167169121e+04
1.823689748673922441e+04
1.833613341618175036e+04
1.843544683837136108e+04
1.853483731603972410e+04
1.863430441621813588e+04
1.873384771017870298e+04
1.883346677337641813e+04
1.893316118539230956e+04
1.903293052987741976e+04
1.913277439449786471e+04
1.923269237088070804e+04
1.933268405456076289e+04
1.943274904492831047e+04
1.953288694517762633e+04
1.963309736225643428e+04
1.973337990681610245e+04
1.983373419316276704e+04
1.993415983920914368e+04
2.003465646642722277e+04
2.013522369980166695e+04
2.023586116778404175e+04
2.033656850224769732e+04
2.043734533844347243e+04
2.053819131495604597e+04
2.063910607366104523e+04
2.074008925968278345e+04
2.084114052135274687e+04
2.094225951016867475e+04
2.104344588075435604e+04
2.114469929082001909e+04
2.124601940112336524e+04
2.134740587543122456e+04
2.144885838048182632e+04
2.155037658594760433e+04
2.165196016439870436e+04
2.175360879126691725e+04
2.185532214481030314e+04
2.195709990607828149e+04
2.205894175887729580e+04
2.216084738973703497e+04
2.226281648787711310e+04
2.236484874517433491e+04
2.246694385613038685e+04
2.256910151784012487e+04
2.267132142996022230e+04
2.277360329467843258e+04
2.287594681668316116e+04
2.297835170313368508e+04
2.308081766363062707e+04
2.318334441018704456e+04
2.328593165719983881e+04
2.338857912142166606e+04
2.349128652193319431e+04
2.359405358011586941e+04
2.369688001962497583e+04
2.379976556636322130e+04
2.390270994845457608e+04
2.400571289621862888e+04
2.410877414214521559e+04
2.421189342086949910e+04
2.431507046914735110e+04
2.441830502583112320e+04
2.452159683184581445e+04
2.462494563016545362e+04
2.472835116579000533e+04
2.483181318572242526e+04
2.493533143894621026e+04
2.503890567640313020e+04
2.514253565097139290e+04
2.524622111744403082e+04
2.534996183250766990e+04
2.545375755472153105e+04
2.555760804449680290e+04
2.566151306407621814e+04
2.576547237751402281e+04
2.586948575065612022e+04
2.597355295112056774e+04
2.607767374827831009e+04
2.618184791323421086e+04
2.628607521880830973e+04
2.639035543951737782e+04
2.649468835155665511e+04
2.659907373278198793e+04
2.670351136269201743e+04
2.680800102241079003e+04
2.691254249467047339e+04
2.701713556379439979e+04
2.712178001568028048e+04
2.722647563778367112e+04
2.733122221910167718e+04
2.743601955015681597e+04
2.754086742298120953e+04
2.764576563110084317e+04
2.775071396952018040e+04
2.785571223470687619e+04
2.796076022457674480e+04
2.806585773847890232e+04
2.817100457718114922e+04
2.827620054285544029e+04
2.838144543906372928e+04
2.848673907074378803e+04
2.859208124419536762e+04
2.869747176706648315e+04
2.880291044833986234e+04
2.890839709831959044e+04
2.901393152861793715e+04
2.911951355214231080e+04
2.922514298308245998e+04
2.933081963689772965e+04
2.943654333030459748e+04
2.954231388126428283e+04
2.964813110897054139e+04
2.975399483383763436e+04
2.985990487748841770e+04
2.996586106274261692e+04
3.007186321360517832e+04
3.017791115525490750e+04
3.028400471403305346e+04
3.039014371743224547e+04
3.049632799408538995e+04
3.060255737375482204e+04
3.070883168732153354e+04
3.081515076677456091e+04
3.092151444520046061e+04
3.102792255677301364e+04
3.113437493674291545e+04
3.124087142142772791e+04
3.134741184820186027e+04
3.145399605548671025e+04
3.156062388274092154e+04
3.166729517045077228e+04
3.177400976012061074e+04
3.188076749426354581e+04
3.198756821639207192e+04
3.209441177100897767e+04
3.220129800359822912e+04
3.230822676061603124e+04
3.241519788948199857e+04
3.252221123857038765e+04
3.262926665720147503e+04
3.273636399563298983e+04
3.284350310505172820e+04
3.295068383756516414e+04
3.305790604619323858e+04
3.316516958486021758e+04
3.327247430838662694e+04
3.337982007248129958e+04
3.348720673373353202e+04
3.359463414960525552e+04
3.370210217842344719e+04
3.380961067937242478e+04
3.391715951248643978e+04
3.402474853864219040e+04
3.413237761955150199e+04
3.424004661775408749e+04
3.434775539661037328e+04
3.445550382029434695e+04
3.456329175378668151e+04
3.467111906286764133e+04
3.477898561411037372e+04
3.488689127487403312e+04
3.499483591329713818e+04
3.510281939829090697e+04
3.521084159953273047e+04
3.531890238745968963e+04
3.542700163326212351e+04
3.553513920887733548e+04
3.564331498698327050e+04
3.575152884099236690e+04
3.585978064504541544e+04
3.596807027400545485e+04
3.607639760345184186e+04
3.618476250967425585e+04
3.629316486966684897e+04
3.640160456112249085e+04
3.651008146242693329e+04
3.661859545265321503e+04
3.672714641155600111e+04
