# d_v
0.000000000000000000e+00
4.460201409459386923e+01
8.891637769870763464e+01
1.329410978247834976e+02
1.766743091905984784e+02
2.201142735786641822e+02
2.632593790241720626e+02
3.061081388389659423e+02
3.486591904792400669e+02
3.909112942647852833e+02
4.328633319577526208e+02
4.745143052089512707e+02
5.158633338797674242e+02
5.569096542477921048e+02
5.976526171042257829e+02
6.380916857510802629e+02
6.782264339061358669e+02
7.180565435234802862e+02
7.575818025373680484e+02
7.968021025369595236e+02
8.357174363793573093e+02
8.743278957481555835e+02
9.126336686645291820e+02
9.506350369576707635e+02
9.883323737011572803e+02
1.025726140621596187e+03
1.062816885485644661e+03
1.099605239471259438e+03
1.136091914528762345e+03
1.172277700737053692e+03
1.208163463660033585e+03
1.243750141708038882e+03
1.279038743508820062e+03
1.314030345292334687e+03
1.348726088293354678e+03
1.383127176175645900e+03
1.417234872481199773e+03
1.451050498107764497e+03
1.484575428817664942e+03
1.517811092780674016e+03
1.550758968153445039e+03
1.583420580697818195e+03
1.615797501440058340e+03
1.647891344372910680e+03
1.679703764202120738e+03
1.711236454138894260e+03
1.742491143739586505e+03
1.773469596793706160e+03
1.804173609261190677e+03
1.834605007259705417e+03
1.864765645102603457e+03
1.894657403388009698e+03
1.924282187139381676e+03
1.953641923997745153e+03
1.982738562465708583e+03
2.011574070203231713e+03
2.040150432375022092e+03
2.068469650049340544e+03
2.096533738647904102e+03
2.124344726446486675e+03
2.151904653125758159e+03
2.179215568371802874e+03
2.206279530525732298e+03
2.233098605281711116e+03
2.259674864432700360e+03
2.286010384663133664e+03
2.312107246387747637e+03
2.337967532635702355e+03
2.363593327979140668e+03
2.388986717505266370e+03
2.414149785831031295e+03
2.439084616159474990e+03
2.463793289376772918e+03
2.488277883188995474e+03
2.512540471297611475e+03
2.536583122612739771e+03
2.560407900503157634e+03
2.584016862082057287e+03
2.607412057527566503e+03
2.630595529437040113e+03
2.653569312214116962e+03
2.676335431487587357e+03
2.698895903561070554e+03
2.721252734892553690e+03
2.743407921602838542e+03
2.765363449011949797e+03
2.787121291202575321e+03
2.808683410609642124e+03
2.830051757635104877e+03
2.851228285610281091e+03
2.872214889592392865e+03
2.893013496706746992e+03
2.913626005845401323e+03
2.934054302289571297e+03
2.954300257457872249e+03
2.974365728673996728e+03
2.994252558953050084e+03
3.013962576805827666e+03
3.033497596060291016e+03
3.052859415699578676e+03
3.072049819715840385e+03
3.091070576979249836e+03
3.109923441121557062e+03
3.128610150433547915e+03
3.147132427775810811e+03
3.165491980502232764e+03
3.183690500395641266e+03
3.201729663615055415e+03
3.219611130654011959e+03
3.237336546309444657e+03
3.254907539660628117e+03
3.272325724057696789e+03
3.289592697119283912e+03
3.306710040738822045e+03
3.323679321099080880e+03
3.340502088694516260e+03
3.357179878361034753e+03
3.373714209312786807e+03
3.390106585185604217e+03
3.406358494086736300e+03
3.422471408650525063e+03
3.438446786099696965e+03
3.454286068311949293e+03
3.469990681891511031e+03
3.485562038245401709e+03
3.501001533664091312e+03
3.516310549406287009e+03
3.531490451787597522e+03
3.546542592272813181e+03
3.561468307571555670e+03
3.576268919737092801e+03
3.590945736268062774e+03
3.605500050212922361e+03
3.619933140276904396e+03
3.634246270931294930e+03
3.648440692524844053e+03
3.662517641397127591e+03
3.676478339993707777e+03
3.690323996982901008e+03
3.704055807374034430e+03
3.717674952637014030e+03
3.731182600823079611e+03
3.744579906686609775e+03
3.757868011807846415e+03
3.771048044716420463e+03
3.784121121015563403e+03
3.797088343506888123e+03
3.809950802315646342e+03
3.822709575016351664e+03
3.835365726758679102e+03
3.847920310393552882e+03
3.860374366599334735e+03
3.872728924008034483e+03
3.884984999331461950e+03
3.897143597487255647e+03
3.909205711724713183e+03
3.921172323750361556e+03
3.933044403853208223e+03
3.944822911029610168e+03
3.956508793107719157e+03
3.968102986871429493e+03
3.979606418183804635e+03
3.991020002109929010e+03
4.002344643039130460e+03
4.013581234806555130e+03
4.024730660814042949e+03
4.035793794150273243e+03
4.046771497710146377e+03
4.057664624313378681e+03
4.068474016822273825e+03
4.079200508258646096e+03
4.089844921919883745e+03
4.100408071494103751e+03
4.110890761174415275e+03
4.121293785772231786e+03
4.131617930829651414e+03
4.141863972730864589e+03
4.152032678812587619e+03
4.162124807473508554e+03
4.172141108282721689e+03
4.182082322087166176e+03
4.191949181118031447e+03
4.201742409096138545e+03
4.211462721336284631e+03
4.221110824850554309e+03
4.230687418450573205e+03
4.240193192848723811e+03
4.249628830758301774e+03
4.258995006992621711e+03
4.268292388563063469e+03
4.277521634776069732e+03
4.286683397329078616e+03
4.295778320405406703e+03
4.304807040768075240e+03
4.313770187852587696e+03
4.322668383858654124e+03
4.331502243840868687e+03
4.340272375798353096e+03
4.348979380763350491e+03
4.357623852888786132e+03
4.366206379534805819e+03
4.374727541354286586e+03
4.383187912377324210e+03
4.391588060094714820e+03
4.399928545540426057e+03
4.408209923373065067e+03
4.416432741956364225e+03
4.424597543438667344e+03
4.432704863831444527e+03
4.440755233086839326e+03
4.448749175174238189e+03
4.456687208155897679e+03
4.464569844261623075e+03
4.472397589962492930e+03
4.480170946043671393e+03
4.487890407676282848e+03
4.495556464488381607e+03
4.503169600635010283e+03
4.510730294867361408e+03
4.518239020601055927e+03
4.525696245983535846e+03
4.533102433960589224e+03
4.540458042342017507e+03
4.547763523866441574e+03
4.555019326265275595e+03
4.562225892325852328e+03
4.569383659953744427e+03
4.576493062234243553e+03
4.583554527493057321e+03
4.590568479356187709e+03
4.597535336809037290e+03
4.604455514254729678e+03
4.611329421571649618e+03
4.618157464170239109e+03
4.624940043049035012e+03
4.631677554849947228e+03
4.638370391912832929e+03
4.645018942329316815e+03
4.651623589995907423e+03
4.658184714666410400e+03
4.664702692003629636e+03
4.671177893630389008e+03
4.677610687179862907e+03
4.684001436345245565e+03
4.690350500928743713e+03
4.696658236889920772e+03
4.702924996393387119e+03
4.709151127855861887e+03
4.715336975992587213e+03
4.721482881863134935e+03
4.727589182916591199e+03
4.733656213036131703e+03
4.739684302583005774e+03
4.745673778439923808e+03
4.751624964053860822e+03
4.757538179478293387e+03
4.763413741414856304e+03
4.769251963254448128e+03
4.775053155117786446e+03
4.780817623895403813e+03
4.786545673287123464e+03
4.792237603840992961e+03
4.797893712991703069e+03
4.803514295098478215e+03
4.809099641482474908e+03
4.814650040463657206e+03
4.820165777397201964e+03
4.825647134709391139e+03
4.831094391933041152e+03
4.836507825742443856e+03
4.841887709987847302e+03
4.847234315729470836e+03
4.852547911271068187e+03
4.857828762193036710e+03
4.863077131385081884e+03
4.868293279078457999e+03
4.873477462877757716e+03
4.878629937792294186e+03
4.883750956267056608e+03
4.888840768213253796e+03
4.893899621038446639e+03
4.898927759676292226e+03
4.903925426615872311e+03
4.908892861930647086e+03
4.913830303307018767e+03
4.918737986072514104e+03
4.923616143223599465e+03
4.928465005453111189e+03
4.933284801177343979e+03
4.938075756562764582e+03
4.942838095552376217e+03
4.947572039891740133e+03
4.952277809154639726e+03
4.956955620768425433e+03
4.961605690039009460e+03
4.966228230175533099e+03
4.970823452314722090e+03
4.975391565544905461e+03
4.979932776929728789e+03
4.984447291531553674e+03
4.988935312434551633e+03
4.993397040767492399e+03
4.997832675726238449e+03
5.002242414595943046e+03
5.006626452772953598e+03
5.010984983786445810e+03
5.015318199319754967e+03
5.019626289231446208e+03
5.023909441576098288e+03
5.028167842624829973e+03
5.032401676885550842e+03
5.036611127122951984e+03
5.040796374378244764e+03
5.044957597988630368e+03
5.049094975606531989e+03
5.053208683218574151e+03
5.057298895164316491e+03
5.061365784154742869e+03
5.065409521290524935e+03
5.069430276080037402e+03
5.073428216457153212e+03
5.077403508798804978e+03
5.081356317942322676e+03
5.085286807202553064e+03
5.089195138388758096e+03
5.093081471821296873e+03
5.096945966348102047e+03
5.100788779360937042e+03
5.104610066811455908e+03
5.108409983227056728e+03
5.112188681726529467e+03
5.115946314035514661e+03
5.119683030501762914e+03
5.123398980110199773e+03
5.127094310497805964e+03
5.130769167968303918e+03
5.134423697506672397e+03
5.138058042793458299e+03
5.141672346218935672e+03
5.145266748897062826e+03
5.148841390679284814e+03
5.152396410168149487e+03
5.155931944730762552e+03
5.159448130512072566e+03
5.162945102447990394e+03
5.166422994278349506e+03
5.169881938559699847e+03
5.173322066677948897e+03
5.176743508860844486e+03
5.180146394190302999e+03
5.183530850614587507e+03
5.186897004960336744e+03
5.190244982944441290e+03
5.193574909185782417e+03
5.196886907216819964e+03
5.200181099495043782e+03
5.203457607414278755e+03
5.206716551315862489e+03
5.209958050499676574e+03
5.213182223235045967e+03
5.216389186771514687e+03
5.219579057349482355e+03
5.222751950210708856e+03
5.225907979608703499e+03
5.229047258818980481e+03
5.232169900149191562e+03
5.235276014949143246e+03
5.238365713620679344e+03
5.241439105627464414e+03
5.244496299504636227e+03
5.247537402868343634e+03
5.250562522425176212e+03
5.253571763981477488e+03
5.256565232452551754e+03
5.259543031871755375e+03
5.262505265399479867e+03
5.265452035332038577e+03
5.268383443110435110e+03
5.271299589329039009e+03
5.274200573744150461e+03
5.277086495282470423e+03
5.279957452049465246e+03
5.282813541337642164e+03
5.285654859634716559e+03
5.288481502631691910e+03
5.291293565230837885e+03
5.294091141553587477e+03
5.296874324948326830e+03
5.299643207998106845e+03
5.302397882528255650e+03
5.305138439613912851e+03
5.307864969587462838e+03
5.310577562045898048e+03
5.313276305858085834e+03
5.315961289171949829e+03
5.318632599421584928e+03
5.321290323334267669e+03
5.323934546937404775e+03
5.326565355565388018e+03
5.329182833866386318e+03
5.331787065809043270e+03
