# f_ap
0.000000000000000000e+00
1.002413450720295897e-02
2.009734901875514373e-02
3.022084875349060479e-02
4.039582351252712228e-02
5.062344721071836140e-02
6.090487744001087805e-02
7.124125506434862698e-02
8.163370384571419502e-02
9.208333010082923875e-02
1.025912223879924257e-01
1.131584512234743711e-01
1.237860688268492687e-01
1.344751088946004869e-01
1.452265864012977081e-01
1.560414974276102262e-01
1.669208190143959269e-01
1.778655090420704354e-01
1.888765061344485907e-01
1.999547295862267871e-01
2.111010793132571117e-01
2.223164358247620154e-01
2.336016602166168521e-01
2.449575941848349536e-01
2.563850600583761352e-01
2.678848608504104112e-01
2.794577803271593996e-01
2.911045830934556045e-01
3.028260146941563757e-01
3.146228017305676694e-01
3.264956519910328647e-01
3.384452545948704594e-01
3.504722801488414641e-01
3.625773809153602922e-01
3.747611909916643835e-01
3.870243264991889975e-01
3.993673857824061035e-01
4.117909496164094962e-01
4.242955814225426447e-01
4.368818274914036404e-01
4.495502172125573903e-01
4.623012633103400493e-01
4.751354620851294674e-01
4.880532936595113891e-01
5.010552222287609769e-01
5.141416963151136388e-01
5.273131490253000209e-01
5.405699983108509521e-01
5.539126472306998838e-01
5.673414842156355720e-01
5.808568833341732907e-01
5.944592045594392360e-01
6.081487940366852030e-01
6.219259843510650532e-01
6.357910947953313574e-01
6.497444316371279172e-01
6.637862883855737417e-01
6.779169460568461592e-01
6.921366734385061559e-01
7.064457273523022662e-01
7.208443529152342988e-01
7.353327837986408655e-01
7.499112424851289704e-01
7.645799405231454848e-01
7.793390787790271945e-01
7.941888476863665502e-01
8.091294274925512342e-01
8.241609885023486459e-01
8.392836913184147374e-01
8.544976870786140655e-01
8.698031176900687944e-01
8.852001160598362839e-01
9.006888063221508700e-01
9.162693040621598950e-01
9.319417165360950328e-01
9.477061428878346128e-01
9.635626743618168621e-01
9.795113945122706500e-01
9.955523794087336453e-01
1.011685697837853892e+00
1.027911411501441385e+00
1.044229575210784633e+00
1.060640237077217662e+00
1.077143438698948019e+00
1.093739215344152083e+00
1.110427596130360461e+00
1.127208604200128139e+00
1.144082256893051541e+00
1.161048565914108543e+00
1.178107518884289773e+00
1.195259153617657333e+00
1.212503447613363594e+00
1.229840391649521525e+00
1.247269971657733789e+00
1.264792168870233047e+00
1.282406961278845792e+00
1.300114318539525193e+00
1.317914209926005498e+00
1.335806599277286955e+00
1.353791446418728617e+00
1.371868707289516376e+00
1.390038334535337983e+00
1.408300275764833520e+00
1.426654476452774656e+00
1.445100878207089989e+00
1.463639419341360437e+00
1.482270034984441764e+00
1.500992657187291357e+00
1.519807216534344141e+00
1.538713636240707228e+00
1.557711841220030147e+00
1.576801752225989173e+00
1.595983287428495601e+00
1.615256362504889021e+00
1.634620890728711862e+00
1.654076783056112721e+00
1.673623948898363079e+00
1.693262293460506829e+00
1.712991721919955079e+00
1.732812136781719747e+00
1.752723438631668129e+00
1.772725526209774749e+00
1.792818296481342832e+00
1.813001644706249804e+00
1.833275464506264330e+00
1.853639647930484635e+00
1.874094087312073276e+00
1.894638668182700325e+00
1.915273280015999058e+00
1.935997809188632290e+00
1.956812140805070932e+00
1.977716158752648834e+00
1.998709745755039124e+00
2.019792783424173344e+00
2.040965152310675101e+00
2.062226731952813807e+00
2.083577400924021106e+00
2.105017036879036851e+00
2.126545517265588270e+00
2.148162716708726716e+00
2.169868511028944624e+00
2.191662774640910083e+00
2.213545381251595945e+00
2.235516203898784582e+00
2.257575114988413123e+00
2.279721986330788486e+00
2.301956689175713056e+00
2.324279094246540556e+00
2.346689071773190527e+00
2.369186491524151617e+00
2.391771222837502098e+00
2.414443136864749651e+00
2.437202097770584164e+00
2.460047975966750400e+00
2.482980639361160868e+00
2.505999955572592253e+00
2.529105791956338667e+00
2.552298015629055783e+00
2.575576493492826025e+00
2.598941092258460372e+00
2.622391678468040777e+00
2.645928118516749805e+00
2.669550278673994193e+00
2.693258025103845821e+00
2.717051223884822342e+00
2.740929741029004330e+00
2.764893442500545362e+00
2.788942194233563487e+00
2.813075863206640381e+00
2.837294313241715216e+00
2.861597411330581320e+00
2.885985023454523013e+00
2.910457015645687484e+00
2.935013254001666461e+00
2.959653604699561846e+00
2.984377934009604605e+00
3.009186108308263385e+00
3.034077994090922381e+00
3.059053457984110214e+00
3.084112366757282064e+00
3.109254587334215891e+00
3.134479986803973883e+00
3.159788432431478888e+00
3.185179791667712479e+00
3.210653932159544421e+00
3.236210721759178011e+00
3.261850028533280987e+00
3.287571720771745198e+00
3.313375666996138502e+00
3.339261738880015429e+00
3.365229799634648966e+00
3.391279721409723891e+00
3.417411373731646496e+00
3.443624626396103228e+00
3.469919349474695380e+00
3.496295413321341083e+00
3.522752688578406399e+00
3.549291046182576181e+00
3.575910357370499337e+00
3.602610493684181403e+00
3.629391326976151966e+00
3.656252729414412261e+00
3.683194573487166057e+00
3.710216732007339591e+00
3.737319078116890569e+00
3.764501485290940863e+00
3.791763827341692927e+00
3.819105978422177028e+00
3.846527813029819054e+00
3.874029206009823589e+00
3.901610032558396668e+00
3.929270168225799775e+00
3.957009488919259965e+00
3.984827870905692127e+00
4.012725190814325771e+00
4.040701325639119545e+00
4.068756153891944116e+00
4.096889551010543862e+00
4.125101396238169293e+00
4.153391568049555893e+00
4.181759945294436065e+00
4.210206407199207135e+00
4.238730833368496320e+00
4.267333103786597803e+00
4.296013098818832532e+00
4.324770699212757030e+00
4.353605786099318919e+00
4.382518240993876546e+00
4.411507945797154662e+00
4.440574780178847547e+00
4.469718631953899290e+00
4.498939381656947845e+00
4.528236912737661157e+00
4.557611110934478127e+00
4.587061856688870343e+00
4.616589036504034738e+00
4.646192535386854061e+00
4.675872238734243069e+00
4.705628032333273758e+00
4.735459802361264181e+00
4.765367435385774897e+00
4.795350818364595646e+00
4.825409838645612126e+00
4.855544383966652333e+00
4.885754342455276067e+00
4.916039602628497818e+00
4.946400053392459917e+00
4.976835584042071048e+00
5.007346084260577257e+00
5.037931444119108981e+00
5.068591554076152583e+00
5.099326304977011226e+00
5.130135588755276643e+00
5.161019295628664239e+00
5.191977318296509658e+00
5.223009549145038122e+00
5.254115880943899697e+00
5.285296206845446321e+00
5.316550420383884479e+00
5.347878415474427882e+00
5.379280086412451034e+00
5.410755327872550424e+00
5.442304034907643917e+00
5.473926102947989314e+00
5.505621427800216239e+00
5.537389905646286969e+00
5.569231433042514112e+00
5.601145906918452155e+00
5.633133224575849418e+00
5.665193283687539605e+00
5.697325982296320923e+00
5.729531218813825433e+00
5.761808892019349315e+00
5.794158901058696465e+00
5.826581145442974119e+00
5.859075527405428474e+00
5.891641942482626959e+00
5.924280293617808724e+00
5.956990481771106793e+00
5.989772408261771375e+00
6.022625974766911305e+00
6.055551083320201755e+00
6.088547636310586597e+00
6.121615536480983444e+00
6.154754686926938945e+00
6.187964991095329381e+00
6.221246352782984879e+00
6.254598676135404212e+00
6.288021865645342601e+00
6.321515826151491879e+00
6.355080462837091382e+00
6.388715681228575249e+00
6.422421387194173548e+00
6.456197486942539143e+00
6.490043887021362146e+00
6.523960494315970138e+00
6.557947216047931072e+00
6.592003959773660604e+00
6.626130633383004565e+00
6.660327145097845403e+00
6.694593403470673110e+00
6.728929317383199660e+00
6.763334796044916608e+00
6.797809750118207539e+00
6.832354087217169081e+00
6.866967718646415975e+00
6.901650554912439617e+00
6.936402506842434867e+00
6.971223485582882518e+00
7.006113402598118434e+00
7.041072169668923131e+00
7.076099698891089140e+00
7.111195902674032787e+00
7.146360693739332248e+00
7.181593985119354429e+00
7.216895690155809895e+00
7.252265722498352218e+00
7.287703996103170212e+00
7.323210425231559739e+00
7.358784924448546150e+00
7.394427408621454312e+00
7.430137792918497297e+00
7.465915992807420132e+00
7.501761924054056507e+00
7.537675502720951215e+00
7.573656645165992352e+00
7.609705268040975135e+00
7.645821288290257201e+00
7.682004623149368605e+00
7.718255190143617384e+00
7.754572907086744848e+00
7.790957692079519603e+00
7.827409463508404386e+00
7.863928140044183834e+00
7.900513640640600244e+00
7.937165884533008864e+00
7.973884791237020764e+00
8.010670283645632495e+00
8.047522275649422241e+00
8.084440690679832286e+00
8.121425449360099691e+00
8.158476472587063100e+00
8.195593681529825147e+00
8.232776997628441507e+00
8.270026342592581514e+00
8.307341638400277617e+00
8.344722807296555800e+00
8.382169771792195689e+00
8.419682454662410720e+00
8.457260778945574486e+00
8.494904667941936438e+00
8.532614045212353560e+00
8.570388834576998960e+00
8.608228960114134409e+00
8.646134346158813599e+00
8.684104917301656457e+00
8.722140598387587929e+00
8.760241314514601640e+00
8.798406991032509339e+00
8.836637553541747181e+00
8.874932927892114520e+00
8.913293040181544669e+00
8.951717816754948487e+00
8.990207184202931856e+00
9.028761069360658809e+00
9.067379399306602750e+00
9.106062101361404260e+00
9.144809103086632973e+00
9.183620332283666698e+00
9.222495716992451520e+00
9.261435185490398680e+00
9.300438666291164225e+00
9.339506088143542328e+00
9.378637380030273363e+00
9.417832471166933672e+00
9.457091291000773836e+00
9.496413769209585354e+00
9.535799835700592197e+00
9.575249420609312168e+00
9.614762455512778416e+00
9.654338868576401111e+00
9.693978591822942192e+00
9.733681556289990766e+00
9.773447693237930167e+00
9.813276934148820629e+00
9.853169210725345906e+00
9.893124454889694164e+00
9.933142598782538357e+00
9.973223574761922450e+00
1.001336731540224889e+01
1.005357375349319504e+01
1.009384282203866512e+01
1.013417445425578833e+01
1.017456858357382110e+01
1.021502514363318070e+01
1.025554406828435638e+01
1.029612529158693945e+01
1.033676874780860189e+01
1.037747437142404827e+01
1.041824209711407612e+01
1.045907185976453668e+01
