# h
2.234879437827618723e-04
2.245657180482848688e-04
2.256597467255449390e-04
2.267700054960522071e-04
2.278964670457097794e-04
2.290391011567569622e-04
2.301978748000628114e-04
2.313727522276070063e-04
2.325636950649963384e-04
2.337706624038641070e-04
2.349936108940110953e-04
2.362324948351495922e-04
2.374872662681207366e-04
2.387578750654586839e-04
2.400442690211861000e-04
2.413463939397267896e-04
2.426641937238341676e-04
2.439976104614341446e-04
2.453465845112937690e-04
2.467110545874297810e-04
2.480909578421784212e-04
2.494862299478563185e-04
2.508968051769459688e-04
2.523226164807464166e-04
2.537635955664371530e-04
2.552196729725074160e-04
2.566907781425090433e-04
2.581768394970970987e-04
2.596777845043291618e-04
2.611935397481947654e-04
2.627240309953572011e-04
2.642691832600902900e-04
2.658289208673990075e-04
2.674031675143173463e-04
2.689918463293790286e-04
2.705948799302630714e-04
2.722121904796175680e-04
2.738436997390696526e-04
2.754893291214316779e-04
2.771489997411187849e-04
2.788226324627921752e-04
2.805101479482483614e-04
2.822114667015753202e-04
2.839265091125983708e-04
2.856551954986408237e-04
2.873974461446275890e-04
2.891531813415583073e-04
2.909223214233812825e-04
2.927047868022990620e-04
2.945004980025373769e-04
2.963093756926109441e-04
2.981313407161194709e-04
2.999663141211102342e-04
3.018142171880391672e-04
3.036749714563692659e-04
3.055484987498401973e-04
3.074347212004454851e-04
3.093335612711540258e-04
3.112449417774116613e-04
3.131687859074589646e-04
3.151050172415013439e-04
3.170535597697672430e-04
3.190143379094899996e-04
3.209872765208482198e-04
3.229723009219007167e-04
3.249693369025482702e-04
3.269783107375576594e-04
3.289991491986813082e-04
3.310317795659052328e-04
3.330761296378558639e-04
3.351321277451610502e-04
3.371997027645721708e-04
3.392787840885852241e-04
3.413693016787609151e-04
3.434711860558293042e-04
3.455843683057010043e-04
3.477087800848456902e-04
3.498443536250661666e-04
3.519910217376911402e-04
3.541487178172165128e-04
3.563173758444154152e-04
3.584969303889446292e-04
3.606873166114679436e-04
3.628884702653198619e-04
3.651003276977331908e-04
3.673228258506486678e-04
3.695559022611288554e-04
3.717994950613970101e-04
3.740535429785160496e-04
3.763179853337325566e-04
3.785927620414969311e-04
3.808778136081805081e-04
3.831730811305065001e-04
3.854785062937089680e-04
3.877940313694348351e-04
3.901195992134074320e-04
3.924551532628597558e-04
3.948006375337578290e-04
3.971559966178207150e-04
3.995211756793555155e-04
4.018961204519145040e-04
4.042807772347908218e-04
4.066750928893590787e-04
4.090790148352744658e-04
4.114924910465405164e-04
4.139154700474537564e-04
4.163479009084355433e-04
4.187897332417597675e-04
4.212409171971850355e-04
4.237014034574998998e-04
4.261711432339877498e-04
4.286500882618188442e-04
4.311381907953791342e-04
4.336354036035383716e-04
4.361416799648674221e-04
4.386569736628093369e-04
4.411812389808091712e-04
4.437144306974112216e-04
4.462565040813242802e-04
4.488074148864647163e-04
4.513671193469772779e-04
4.539355741722425576e-04
4.565127365418728575e-04
4.590985641007004647e-04
4.616930149537620777e-04
4.642960476612851303e-04
4.669076212336764468e-04
4.695276951265182691e-04
4.721562292355730665e-04
4.747931838918026024e-04
4.774385198564013669e-04
4.800921983158475733e-04
4.827541808769745374e-04
4.854244295620648258e-04
4.881029068039684725e-04
4.907895754412472172e-04
4.934843987133470406e-04
4.961873402558006785e-04
4.988983640954615774e-04
5.016174346457703218e-04
5.043445167020548349e-04
5.070795754368667913e-04
5.098225763953540251e-04
5.125734854906708856e-04
5.153322689994261057e-04
5.180988935571712202e-04
5.208733261539280146e-04
5.236555341297585838e-04
5.264454851703753973e-04
5.292431473027940821e-04
5.320484888910274055e-04
5.348614786318267459e-04
5.376820855504612934e-04
5.405102789965449562e-04
5.433460286399067422e-04
5.461893044665046184e-04
5.490400767743849062e-04
5.518983161696856951e-04
5.547639935626851428e-04
5.576370801638959622e-04
5.605175474802037098e-04
5.634053673110494187e-04
5.663005117446589598e-04
5.692029531543157722e-04
5.721126641946799960e-04
5.750296177981496738e-04
5.779537871712687883e-04
5.808851457911794278e-04
5.838236674021168859e-04
5.867693260119495385e-04
5.897220958887626312e-04
5.926819515574842422e-04
5.956488677965572154e-04
5.986228196346505583e-04
6.016037823474155088e-04
6.045917314542842121e-04
6.075866427153087286e-04
6.105884921280437362e-04
6.135972559244686972e-04
6.166129105679515497e-04
6.196354327502540333e-04
6.226647993885761536e-04
6.257009876226403292e-04
6.287439748118155451e-04
6.317937385322809716e-04
6.348502565742269880e-04
6.379135069390954541e-04
6.409834678368578212e-04
6.440601176833302133e-04
6.471434350975260224e-04
6.502333988990446076e-04
6.533299881054967489e-04
6.564331819299659872e-04
6.595429597785037925e-04
6.626593012476628955e-04
6.657821861220610850e-04
6.689115943719830615e-04
6.720475061510126479e-04
6.751899017937009959e-04
6.783387618132655835e-04
6.814940668993230404e-04
6.846557979156535226e-04
6.878239358979958791e-04
6.909984620518762116e-04
6.941793577504645155e-04
6.973666045324641719e-04
7.005601841000291949e-04
7.037600783167131382e-04
7.069662692054455404e-04
7.101787389465376429e-04
7.133974698757181414e-04
7.166224444821934396e-04
7.198536454067392364e-04
7.230910554398162909e-04
7.263346575197155699e-04
7.295844347307281139e-04
7.328403703013414670e-04
7.361024476024623448e-04
7.393706501456644544e-04
7.426449615814595178e-04
7.459253656975972429e-04
7.492118464173841592e-04
7.525043877980312941e-04
7.558029740290214725e-04
7.591075894305035054e-04
7.624182184517051342e-04
7.657348456693728643e-04
7.690574557862310968e-04
7.723860336294637030e-04
7.757205641492184766e-04
7.790610324171309917e-04
7.824074236248707969e-04
7.857597230827080993e-04
7.891179162181002904e-04
7.924819885742977708e-04
7.958519258089723257e-04
7.992277136928605712e-04
8.026093381084316867e-04
8.059967850485691334e-04
8.093900406152750330e-04
8.127890910183887489e-04
8.161939225743283441e-04
8.196045217048442914e-04
8.230208749357963843e-04
8.264429688959424669e-04
8.298707903157487385e-04
8.333043260262133940e-04
8.367435629577081547e-04
8.401884881388361689e-04
8.436390886953056348e-04
8.470953518488187096e-04
8.505572649159760324e-04
8.540248153071974000e-04
8.574979905256564306e-04
8.609767781662294294e-04
8.644611659144610600e-04
8.679511415455415076e-04
8.714466929233014242e-04
8.749478079992159801e-04
8.784544748114268050e-04
8.819666814837747717e-04
8.854844162248486084e-04
8.890076673270437026e-04
8.925364231656350003e-04
8.960706721978638906e-04
8.996104029620351737e-04
9.031556040766285575e-04
9.067062642394204536e-04
9.102623722266193259e-04
9.138239168920105808e-04
9.173908871661169608e-04
9.209632720553637087e-04
9.245410606412635731e-04
9.281242420796047407e-04
9.317128055996558994e-04
9.353067405033761803e-04
9.389060361646426635e-04
9.425106820284808113e-04
9.461206676103120321e-04
9.497359824952038461e-04
9.533566163371396751e-04
9.569825588582873315e-04
9.606137998482868054e-04
9.642503291635415221e-04
9.678921367265206580e-04
9.715392125250740330e-04
9.751915466117465695e-04
9.788491291031155197e-04
9.825119501791232477e-04
9.861800000824272501e-04
9.898532691177551641e-04
9.935317476512692085e-04
9.972154261099384302e-04
1.000904294980919191e-03
1.004598344810943462e-03
1.008297566205716657e-03
1.012001949829319800e-03
1.015711486403624931e-03
1.019426166707711363e-03
1.023145981577293665e-03
1.026870921904157654e-03
1.030600978635599864e-03
1.034336142773878506e-03
1.038076405375667035e-03
1.041821757551518761e-03
1.045572190465334948e-03
1.049327695333842660e-03
1.053088263426076076e-03
1.056853886062866701e-03
1.060624554616339645e-03
1.064400260509415323e-03
1.068180995215317446e-03
1.071966750257088812e-03
1.075757517207110141e-03
1.079553287686629533e-03
1.083354053365291484e-03
1.087159805960678273e-03
1.090970537237852213e-03
1.094786239008905919e-03
1.098606903132518008e-03
1.102432521513513342e-03
1.106263086102427613e-03
1.110098588895082556e-03
1.113939021932158335e-03
1.117784377298778730e-03
1.121634647124095671e-03
1.125489823580883746e-03
1.129349898885133839e-03
1.133214865295658052e-03
1.137084715113694184e-03
1.140959440682518238e-03
1.144839034387058665e-03
1.148723488653520140e-03
1.152612795949006048e-03
1.156506948781148335e-03
1.160405939697742566e-03
1.164309761286386451e-03
1.168218406174121845e-03
1.172131867027079773e-03
1.176050136550136748e-03
1.179973207486563914e-03
1.183901072617690731e-03
1.187833724762566052e-03
1.191771156777625927e-03
1.195713361556364866e-03
1.199660332029011019e-03
1.203612061162202644e-03
1.207568541958675213e-03
1.211529767456940914e-03
1.215495730730985083e-03
1.219466424889956114e-03
1.223441843077861454e-03
1.227421978473270748e-03
1.231406824289017245e-03
1.235396373771905287e-03
1.239390620202422558e-03
1.243389556894451469e-03
1.247393177194988136e-03
1.251401474483860915e-03
1.255414442173455455e-03
1.259432073708440826e-03
1.263454362565496732e-03
1.267481302253051136e-03
1.271512886311009644e-03
1.275549108310499412e-03
1.279589961853607859e-03
1.283635440573127444e-03
1.287685538132304561e-03
1.291740248224585840e-03
1.295799564573375069e-03
1.299863480931786209e-03
1.303931991082401621e-03
1.308005088837034839e-03
1.312082768036489881e-03
1.316165022550333128e-03
1.320251846276657409e-03
1.324343233141854091e-03
1.328439177100388443e-03
1.332539672134573465e-03
1.336644712254348496e-03
1.340754291497062590e-03
1.344868403927253772e-03
1.348987043636438055e-03
1.353110204742896065e-03
1.357237881391461839e-03
1.361370067753317047e-03
1.365506758025785208e-03
1.369647946432127426e-03
1.373793627221340727e-03
1.377943794667961389e-03
1.382098443071866963e-03
1.386257566758079601e-03
1.390421160076576535e-03
1.394589217402096657e-03
1.398761733133952953e-03
1.402938701695845801e-03
1.407120117535676273e-03
1.411305975125366373e-03
1.415496268960674290e-03
1.419690993561018109e-03
1.423890143469296694e-03
