# mu
-inf
3.327012403116182782e+01
3.479142430041617473e+01
3.568779143214531757e+01
3.632816116381576421e+01
3.682815704252139710e+01
3.723928329441475427e+01
3.758901580896555572e+01
3.789375688906717699e+01
3.816408776007522619e+01
3.840723442380802766e+01
3.862835195818165346e+01
3.883124762414794162e+01
3.901881353773350014e+01
3.919329854066837981e+01
3.935648604814155505e+01
3.950981438206380147e+01
3.965446056016681098e+01
3.979140009969931668e+01
3.992145063083657419e+01
4.004530431057309414e+01
4.016355232038594636e+01
4.027670366010883640e+01
4.038519976105486364e+01
4.048942598710407736e+01
4.058972078672524475e+01
4.068638304920774118e+01
4.077967807207057405e+01
4.086984244291895152e+01
4.095708806446164374e+01
4.104160549708440442e+01
4.112356675331744782e+01
4.120312764865978039e+01
4.128042979070782792e+01
4.135560227140131673e+01
4.142876311404116052e+01
4.150002051654264790e+01
4.156947392443137801e+01
4.163721496083152829e+01
4.170332823573932046e+01
4.176789205292213580e+01
4.183097902961272041e+01
4.189265664160808456e+01
4.195298770430517266e+01
4.201203079851008226e+01
4.206984064846714233e+01
4.212646845840816923e+01
4.218196221297364445e+01
4.223636694606882003e+01
4.228972498205867225e+01
4.234207615265397351e+01
4.239345799237563739e+01
4.244390591509201016e+01
4.249345337379151033e+01
4.254213200546953999e+01
4.258997176276762531e+01
4.263700103379603945e+01
4.268324675139375302e+01
4.272873449292702475e+01
4.277348857159612550e+01
4.281753212010569598e+01
4.286088716745506844e+01
4.290357470951916241e+01
4.294561477401502714e+01
4.298702648038398877e+01
4.302782809506135209e+01
4.306803708255570484e+01
4.310767015271504476e+01
4.314674330451800444e+01
4.318527186669396656e+01
4.322327053544513831e+01
4.326075340951665993e+01
4.329773402283666428e+01
4.333422537492679538e+01
4.337023995926475095e+01
4.340578978976312641e+01
4.344088642551383117e+01
4.347554099393357774e+01
4.350976421243376535e+01
4.354356640872705952e+01
4.357695753987317744e+01
4.360994721015734399e+01
4.364254468788696784e+01
4.367475892118483216e+01
4.370659855285055073e+01
4.373807193435595764e+01
4.376918713903499736e+01
4.379995197452349487e+01
4.383037399450005722e+01
4.386046050988902323e+01
4.389021859917652080e+01
4.391965511812645673e+01
4.394877670959075999e+01
4.397758981220951569e+01
4.400610066882864402e+01
4.403431533448129187e+01
4.406223968395995882e+01
4.408987941900477381e+01
4.411724007513112866e+01
4.414432702811853204e+01
4.417114550018077779e+01
4.419770056583641349e+01
4.422399715749683224e+01
4.425004007078845802e+01
4.427583396962423024e+01
4.430138339103854150e+01
4.432669274979896556e+01
4.435176634280716712e+01
4.437660835330056841e+01
4.440122285486573617e+01
4.442561381527347919e+01
4.444978510014536255e+01
4.447374047646049178e+01
4.449748361591097989e+01
4.452101809811388478e+01
4.454434741368712025e+01
4.456747496719630419e+01
4.459040407997888167e+01
4.461313799285193937e+01
4.463567986870928195e+01
4.465803279501334089e+01
4.468019978618703192e+01
4.470218378591034281e+01
4.472398766932636960e+01
4.474561424516091535e+01
4.476706625775988613e+01
4.478834638904827870e+01
4.480945726041439059e+01
4.483040143452269177e+01
4.485118141705862627e+01
4.487179965840846307e+01
4.489225855527699593e+01
4.491256045224602644e+01
4.493270764327608191e+01
4.495270237315401118e+01
4.497254683888868954e+01
4.499224319105711345e+01
4.501179353510308800e+01
4.503119993259035425e+01
4.505046440241225980e+01
4.506958892195969923e+01
4.508857542824900122e+01
4.510742581901158132e+01
4.512614195374675319e+01
4.514472565473934651e+01
4.516317870804334689e+01
4.518150286443322727e+01
4.519969984032390187e+01
4.521777131866087274e+01
4.523571894978144314e+01
4.525354435224835470e+01
4.527124911365683602e+01
4.528883479141597945e+01
4.530630291350557570e+01
4.532365497920935127e+01
4.534089245982525540e+01
4.535801679935399022e+01
4.537502941516631694e+01
4.539193169865008315e+01
4.540872501583761789e+01
4.542541070801430436e+01
4.544199009230891306e+01
4.545846446226642712e+01
4.547483508840391409e+01
4.549110321875013341e+01
4.550727007936938406e+01
4.552333687487013947e+01
4.553930478889908784e+01
4.555517498462095460e+01
4.557094860518471080e+01
4.558662677417653697e+01
4.560221059606012517e+01
4.561770115660453939e+01
4.563309952330030228e+01
4.564840674576386448e+01
4.566362385613102504e+01
4.567875186943956578e+01
4.569379178400147623e+01
4.570874458176512434e+01
4.572361122866769989e+01
4.573839267497818639e+01
4.575308985563125930e+01
4.576770369055235932e+01
4.578223508497413263e+01
4.579668492974469984e+01
4.581105410162783187e+01
4.582534346359534538e+01
4.583955386511203045e+01
4.585368614241320273e+01
4.586774111877525684e+01
4.588171960477929190e+01
4.589562239856812198e+01
4.590945028609684186e+01
4.592320404137711165e+01
4.593688442671539462e+01
4.595049219294529053e+01
4.596402807965415604e+01
4.597749281540419020e+01
4.599088711794814799e+01
4.600421169443976055e+01
4.601746724163913882e+01
4.603065444611328871e+01
4.604377398443169511e+01
4.605682652335740102e+01
4.606981272003351080e+01
4.608273322216525969e+01
4.609558866819789102e+01
4.610837968749034843e+01
4.612110690048490369e+01
4.613377091887294057e+01
4.614637234575683777e+01
4.615891177580824234e+01
4.617138979542262689e+01
4.618380698287042208e+01
4.619616390844470288e+01
4.620846113460557092e+01
4.622069921612123267e+01
4.623287870020610058e+01
4.624500012665559723e+01
4.625706402797820260e+01
4.626907092952443890e+01
4.628102134961312686e+01
4.629291579965482129e+01
4.630475478427261748e+01
4.631653880142032165e+01
4.632826834249807746e+01
4.633994389246554135e+01
4.635156592995257085e+01
4.636313492736763919e+01
4.637465135100394775e+01
4.638611566114320794e+01
4.639752831215737672e+01
4.640888975260819649e+01
4.642020042534461766e+01
4.643146076759832397e+01
4.644267121107714047e+01
4.645383218205665088e+01
4.646494410146985388e+01
4.647600738499501460e+01
4.648702244314173981e+01
4.649798968133531218e+01
4.650890949999929092e+01
4.651978229463649939e+01
4.653060845590835015e+01
4.654138836971265647e+01
4.655212241725979538e+01
4.656281097514746392e+01
4.657345441543390763e+01
4.658405310570972802e+01
4.659460740916829025e+01
4.660511768467475235e+01
4.661558428683376576e+01
4.662600756605584706e+01
4.663638786862249219e+01
4.664672553675004707e+01
4.665702090865232776e+01
4.666727431860208242e+01
4.667748609699125950e+01
4.668765657039016048e+01
4.669778606160545564e+01
4.670787488973713408e+01
4.671792337023438790e+01
4.672793181495041637e+01
4.673790053219627794e+01
4.674782982679370491e+01
4.675772000012693042e+01
4.676757135019361300e+01
4.677738417165478779e+01
4.678715875588392237e+01
4.679689539101509865e+01
4.680659436199029244e+01
4.681625595060580736e+01
4.682588043555789170e+01
4.683546809248753817e+01
4.684501919402444514e+01
4.685453400983023187e+01
4.686401280664091473e+01
4.687345584830853085e+01
4.688286339584216478e+01
4.689223570744815106e+01
4.690157303856959459e+01
4.691087564192527282e+01
4.692014376754774219e+01
4.692937766282089740e+01
4.693857757251679885e+01
4.694774373883194585e+01
4.695687640142282504e+01
4.696597579744098283e+01
4.697504216156736589e+01
4.698407572604617854e+01
4.699307672071812192e+01
4.700204537305309316e+01
4.701098190818228773e+01
4.701988654892985409e+01
4.702875951584391601e+01
4.703760102722717562e+01
4.704641129916690545e+01
4.705519054556457093e+01
4.706393897816482763e+01
4.707265680658416329e+01
4.708134423833896420e+01
4.709000147887323351e+01
4.709862873158575525e+01
4.710722619785688181e+01
4.711579407707486666e+01
4.712433256666178494e+01
4.713284186209899929e+01
4.714132215695227757e+01
4.714977364289646999e+01
4.715819650973978128e+01
4.716659094544770170e+01
4.717495713616652608e+01
4.718329526624649617e+01
4.719160551826462324e+01
4.719988807304709155e+01
4.720814310969135619e+01
4.721637080558789989e+01
4.722457133644159200e+01
4.723274487629279861e+01
4.724089159753811629e+01
4.724901167095077170e+01
4.725710526570077263e+01
4.726517254937468238e+01
4.727321368799512413e+01
4.728122884604000831e+01
4.728921818646141162e+01
4.729718187070421465e+01
4.730512005872446224e+01
4.731303290900740421e+01
4.732092057858533707e+01
4.732878322305506913e+01
4.733662099659525779e+01
4.734443405198337018e+01
4.735222254061248748e+01
4.735998661250776820e+01
4.736772641634277647e+01
4.737544209945546925e+01
4.738313380786398454e+01
4.739080168628224499e+01
4.739844587813525578e+01
4.740606652557424638e+01
4.741366376949154926e+01
4.742123774953528681e+01
4.742878860412382380e+01
4.743631647046003508e+01
4.744382148454539561e+01
4.745130378119375791e+01
4.745876349404507266e+01
4.746620075557883212e+01
4.747361569712733598e+01
4.748100844888877958e+01
4.748837913994014315e+01
4.749572789824991759e+01
4.750305485069064559e+01
4.751036012305128509e+01
4.751764384004938790e+01
4.752490612534312220e+01
4.753214710154314560e+01
4.753936689022428652e+01
4.754656561193704789e+01
4.755374338621901842e+01
4.756090033160606367e+01
4.756803656564336791e+01
4.757515220489639773e+01
4.758224736496160290e+01
4.758932216047704600e+01
4.759637670513292562e+01
4.760341111168180817e+01
4.761042549194890938e+01
4.761741995684209883e+01
4.762439461636181193e+01
4.763134957961086258e+01
4.763828495480409231e+01
4.764520084927787025e+01
4.765209736949950070e+01
4.765897462107653837e+01
4.766583270876589751e+01
4.767267173648287581e+01
4.767949180731010728e+01
4.768629302350632315e+01
4.769307548651506323e+01
4.769983929697321656e+01
4.770658455471948400e+01
4.771331135880274132e+01
4.772001980749024597e+01
4.772670999827582250e+01
4.773338202788783491e+01
4.774003599229712336e+01
4.774667198672484147e+01
4.775329010565019416e+01
4.775989044281801199e+01
4.776647309124632557e+01
4.777303814323376230e+01
4.777958569036691472e+01
4.778611582352756670e+01
4.779262863289984153e+01
4.779912420797728601e+01
4.780560263756983375e+01
4.781206400981068327e+01
4.781850841216311210e+01
4.782493593142719135e+01
