# rs_dv
inf
3.304112822731828825e+00
1.657400925496263833e+00
1.108536706112110970e+00
8.341342177295776317e-01
6.695162666811175223e-01
5.597904516673729569e-01
4.814314550686946692e-01
4.226766157721235651e-01
3.769911201127682521e-01
3.404540782493368223e-01
3.105703770610652170e-01
2.856766065951122369e-01
2.646211743063845434e-01
2.465815131934965265e-01
2.309544066792659778e-01
2.172874416599469560e-01
2.052346545948499912e-01
1.945269622317047364e-01
1.849519299966676800e-01
1.763396098663156664e-01
1.685524245609364979e-01
1.614778105932277164e-01
1.550227805207387288e-01
1.491098446342846995e-01
1.436739114402467987e-01
1.386599034153224719e-01
1.340209025927119046e-01
1.297166935218799777e-01
1.257126076841318385e-01
1.219785990243137941e-01
1.184884984111281014e-01
1.152194078854321263e-01
1.121512050445286207e-01
1.092661348873972676e-01
1.065484716286845129e-01
1.039842368764237746e-01
1.015609635100849784e-01
9.926749684048102873e-02
9.709382635992402921e-02
9.503094272934831110e-02
9.307071569365789332e-02
9.120578943727272736e-02
8.942949254078010057e-02
8.773576021579963802e-02
8.611906690812690113e-02
8.457436769138473864e-02
8.309704714196781972e-02
8.168287460426901236e-02
8.032796493329948107e-02
7.902874394787803847e-02
7.778191794785026258e-02
7.658444674826619947e-02
7.543351976602198639e-02
7.432653476328493491e-02
7.326107890957456181e-02
7.223491187267669367e-02
7.124595068924387264e-02
7.029225620030070398e-02
6.937202086599525419e-02
6.848355779869219617e-02
6.762529087460568411e-02
6.679574580220826174e-02
6.599354204111412825e-02
6.521738547842348410e-02
6.446606178096074558e-02
6.373843035172803428e-02
6.303341882745198965e-02
6.235001806152962872e-02
6.168727754313475808e-02
6.104430120887451711e-02
6.042024360829850727e-02
5.981430638886346685e-02
5.922573506972490798e-02
5.865381607703881034e-02
5.809787401637009352e-02
5.755726916037252200e-02
5.703139513217447831e-02
5.651967676691015130e-02
5.602156813561480486e-02
5.553655071728084286e-02
5.506413170627305620e-02
5.460384244355172279e-02
5.415523696126395281e-02
5.371789063125931296e-02
5.329139890897301862e-02
5.287537616491747028e-02
5.246945459673444528e-02
5.207328321540261734e-02
5.168652661629910550e-02
5.130886523163864094e-02
5.093999280230582238e-02
5.057961674426643406e-02
5.022745714321929372e-02
4.988324607975016395e-02
4.954672696322123815e-02
4.921765407459993691e-02
4.889579180697035954e-02
4.858091427916599175e-02
4.827280481144003571e-02
4.797125546448626626e-02
4.767606659513404233e-02
4.738704649110263983e-02
4.710401092238347687e-02
4.682678282197094005e-02
4.655519193368325148e-02
4.628907449003653168e-02
4.602827290818362060e-02
4.577263547248416192e-02
4.552201618424701890e-02
4.527627432346478104e-02
4.503527432732130215e-02
4.479888553020860975e-02
4.456698194625175607e-02
4.433944206328474524e-02
4.411614864758076765e-02
4.389698854665036176e-02
4.368185256174629549e-02
4.347063520886275401e-02
4.326323460862394055e-02
4.305955232383951864e-02
4.285949321657815669e-02
4.266296531227702776e-02
4.246987967048681395e-02
4.228015026187776498e-02
4.209369385115637602e-02
4.191042985883117189e-02
4.173028036195347568e-02
4.155316983237614809e-02
4.137902514726502640e-02
4.120777547026940879e-02
4.103935216368392869e-02
4.087368870460980630e-02
4.071072060490567995e-02
4.055038533472941908e-02
4.039262224948516472e-02
4.023737252000036957e-02
4.008457906576724100e-02
3.993418648274487531e-02
3.978614101567930911e-02
3.964039044951821189e-02
3.949688408686943125e-02
3.935557268604646108e-02
3.921640840972789172e-02
3.907934477576261584e-02
3.894433661001683172e-02
3.881134000116528981e-02
3.868031225733375295e-02
3.855121186450535115e-02
3.842399844660791125e-02
3.829863272720348405e-02
3.817507646937145366e-02
3.805329253374705595e-02
3.793324470450622904e-02
3.781489775017177202e-02
3.769821736891552227e-02
3.758317015843059411e-02
3.746972358696020605e-02
3.735784596543181846e-02
3.724750642064789119e-02
3.713867486948698587e-02
3.703132199407117159e-02
3.692541921785803816e-02
3.682093868261736291e-02
3.671785322625478049e-02
3.661613636144633865e-02
3.651576225504984952e-02
3.641670570826016640e-02
3.631894212837813440e-02
3.622244754676853112e-02
3.612719854644524942e-02
3.603317228132960071e-02
3.594034645058052924e-02
3.584869928261084915e-02
3.575820951965855837e-02
3.566885640289075426e-02
3.558061965801902204e-02
3.549347948140602060e-02
3.540741652664373268e-02
3.532241189158527583e-02
3.523844710581198331e-02
3.515550411851944140e-02
3.507356528680607988e-02
3.499261336434865421e-02
3.491263149045027714e-02
3.483360317944665663e-02
3.475551231045673206e-02
3.467834311746535031e-02
3.460208017972502686e-02
3.452670839239131706e-02
3.445221303783974759e-02
3.437857965646524960e-02
3.430579411859080441e-02
3.423384259620748660e-02
3.416271155505976043e-02
3.409238774697641999e-02
3.402285820243883263e-02
3.395411022337772866e-02
3.388613137619060633e-02
3.381890948497175142e-02
3.375243262494758562e-02
3.368668911611000238e-02
3.362166751704095957e-02
3.355735661892150085e-02
3.349374543971900264e-02
3.343082321854646405e-02
3.336857941018794155e-02
3.330700367978451509e-02
3.324608589767532457e-02
3.318581613438846556e-02
3.312618465577676918e-02
3.306718191829344927e-02
3.300879856440320365e-02
3.295102541812418295e-02
3.289385348069640697e-02
3.283727392637274256e-02
3.278127809214676641e-02
3.272585749850629583e-02
3.267100380846760938e-02
3.261670884855524810e-02
3.256296459896245582e-02
3.250976318999761194e-02
3.245709689862798231e-02
3.240495814511785977e-02
3.235333948975781942e-02
3.230223362968259737e-02
3.225163339577452604e-02
3.220153174965001419e-02
3.215192178072642099e-02
3.210279671598111756e-02
3.205414986706098951e-02
3.200597470223313923e-02
3.195826479431233130e-02
3.191101382150280524e-02
3.186421560037974721e-02
3.181786403022527493e-02
3.177195312614786854e-02
3.172647700789728992e-02
3.168142989761281447e-02
3.163680611762888228e-02
3.159260008833651712e-02
3.154880632609871616e-02
3.150541944121851984e-02
3.146243413595802008e-02
3.141984520260675956e-02
3.137764752159834247e-02
3.133583605967377173e-02
3.129440586809000002e-02
3.125335208087267475e-02
3.121266991311163683e-02
3.117235465929809810e-02
3.113240169170213706e-02
3.109280645595285247e-02
3.105356448084186857e-02
3.101467135979062151e-02
3.097612276073000506e-02
3.093791442182571017e-02
3.090004215007554483e-02
3.086250181994028979e-02
3.082528937200677485e-02
3.078840081168214907e-02
3.075183220791908451e-02
3.071557969197032806e-02
3.067963945617254926e-02
3.064400775275797142e-02
3.060868089269384515e-02
3.057365524454808484e-02
3.053892723338136675e-02
3.050449333966420012e-02
3.047035009821864177e-02
3.043649409718413718e-02
3.040292197700648208e-02
3.036963042944976557e-02
3.033661619663016035e-02
3.030387607007160866e-02
3.027140688166018653e-02
3.023920553523293600e-02
3.020726895695166614e-02
3.017559412693843202e-02
3.014417807030518245e-02
3.011301785632760145e-02
3.008211059763681375e-02
3.005145344942880895e-02
3.002104360869084845e-02
2.999087831344459179e-02
2.996095484200550149e-02
2.993127051225809993e-02
2.990182268094664086e-02
2.987260874298093560e-02
2.984362613075685830e-02
2.981487231349121483e-02
2.978634479657061435e-02
2.975804112091400000e-02
2.972995886234850241e-02
2.970209563099834166e-02
2.967444907068636159e-02
2.964701685834799857e-02
2.961979670345736559e-02
2.959278634746510123e-02
2.956598356324770943e-02
2.953938615456831729e-02
2.951299195554814986e-02
2.948679883014901359e-02
2.946080466841131951e-02
2.943500739897740581e-02
2.940940496907234331e-02
2.938399535704949023e-02
2.935877656866689098e-02
2.933374663662890319e-02
2.930890362013696682e-02
2.928424560444927924e-02
2.925977070044913711e-02
2.923547704422172627e-02
2.921136279663935284e-02
2.918742614295456381e-02
2.916366529240141045e-02
2.914007847780429247e-02
2.911666395519449391e-02
2.909342000343404649e-02
2.907034492384684421e-02
2.904743703985688402e-02
2.902469469663337617e-02
2.900211626074259558e-02
2.897970011980644314e-02
2.895744468216742556e-02
2.893534837655992176e-02
2.891340965178775327e-02
2.889162697640769786e-02
2.886999883841897055e-02
2.884852374495856797e-02
2.882720022200215698e-02
2.880602681407065657e-02
2.878500208394210377e-02
2.876412461236897700e-02
2.874339299780058476e-02
2.872280585611065862e-02
2.870236182032990038e-02
2.868205953298735150e-02
2.866189767543900896e-02
2.864187492323136755e-02
2.862198997544426401e-02
2.860224154704820929e-02
2.858262836866480583e-02
2.856314918633123812e-02
2.854380276126921093e-02
2.852458786965772139e-02
2.850550330241016089e-02
2.848654786495512931e-02
2.846772037702125988e-02
2.844901967242578419e-02
2.843044459886682335e-02
2.841199401771930810e-02
2.839366680383450386e-02
2.837546184534294955e-02
2.835737804346091795e-02
2.833941431230013394e-02
2.832156957868089270e-02
2.830384278194824493e-02
2.828623287379151627e-02
2.826873881806675134e-02
2.825135959062232555e-02
2.823409417912748839e-02
2.821694158290372068e-02
2.819990081275916202e-02
2.818297089082559201e-02
2.816615085039839150e-02
2.814943973577896733e-02
2.813283660212005655e-02
2.811634051527339348e-02
2.809995055164009325e-02
2.808366579802340848e-02
2.806748535148399087e-02
2.805140831919753983e-02
2.803543381831474085e-02
2.801956097582361180e-02
2.800378892841404177e-02
2.798811682234452272e-02
2.797254381331114662e-02
2.795706906631865996e-02
2.794169175320093332e-02
2.792641106190763001e-02
2.791122618226334062e-02
2.789613631525952875e-02
2.788114067058234877e-02
2.786623846649569081e-02
2.785142892972617898e-02
2.783671129534989741e-02
2.782208480668101058e-02
2.780754871516204901e-02
2.779310228025605803e-02
2.777874476934034248e-02
2.776447545760195312e-02
2.775029362793473425e-02
2.773619857083814422e-02
2.772218958431741861e-02
2.770826597378554454e-02
2.769442705196656362e-02
2.768067213880047450e-02
2.766700056134960978e-02
2.765341165370637302e-02
2.763990475690251275e-02
