# bin_3_1
2.641702910053838068e-08
2.678737748193054373e-08
2.720813395191192875e-08
2.768392066892696473e-08
2.821938579624600622e-08
2.881951924749321833e-08
2.948959603702144600e-08
3.023435804712277178e-08
3.105836468372593087e-08
3.196468064310303453e-08
3.295139901573939403e-08
3.401226028596119886e-08
3.513725863561773406e-08
3.631029397148824231e-08
3.750284436300806453e-08
3.867845808544463821e-08
3.980766942916343570e-08
4.087330819665758195e-08
4.185839704630901920e-08
4.272814977697718322e-08
4.338955085771764145e-08
4.376154841941386944e-08
4.384255702787519782e-08
4.360521934026916173e-08
4.297817951485269502e-08
4.192178610697003834e-08
4.045210323074487102e-08
3.857206714167514211e-08
3.629196882569504387e-08
3.369199657460058263e-08
3.083023192518234735e-08
2.781430761457425955e-08
2.474376541383644639e-08
2.173057628424573322e-08
1.886563947626576712e-08
1.621953479763758831e-08
1.383019489341890441e-08
1.170444321900985037e-08
9.828748053755293893e-09
8.183316161547115689e-09
6.753544473628818688e-09
5.532814546586051333e-09
4.514385175924027614e-09
3.681828667796507855e-09
3.007007816974886502e-09
2.459082760945586184e-09
2.014648263794550408e-09
1.656398590497786036e-09
1.367488910047333450e-09
1.133273685044874271e-09
9.423709273746076596e-10
7.854818527784009650e-10
6.553063042976084391e-10
5.462261466239937459e-10
4.539996674186555251e-10
3.754914531022058088e-10
3.084194420529710251e-10
2.511346064678210161e-10
2.024242850866296650e-10
1.613494511748198567e-10
1.271172736793638173e-10
9.899268306505735767e-11
7.624910883359786407e-11
5.815435593621308012e-11
4.398242126019118809e-11
3.303931324723024950e-11
2.469079109146524927e-11
1.838274740752085367e-11
1.365108365824157497e-11
1.012059045940736966e-11
7.496233059382496432e-12
5.550612735768993583e-12
4.110725900446604678e-12
3.046020523467247129e-12
2.258620812509580419e-12
1.675817887312388141e-12
1.243796691519083307e-12
9.232241594431307796e-13
6.853049343548819406e-13
5.087976154320330103e-13
3.777978647390422025e-13
2.806931373163669968e-13
2.086770147902855959e-13
1.553277240038693931e-13
1.158484340067615581e-13
8.665719695812260555e-14
6.511469389630389350e-14
4.927582153856696533e-14
3.765911118496923647e-14
2.920329765805164677e-14
2.310781470144961812e-14
1.876589798033373103e-14
1.573859828743046162e-14
1.369170752508800121e-14
1.236433686493505766e-14
1.155971469839626568e-14
1.111728381205091290e-14
1.090738015573783277e-14
1.082875260315911362e-14
1.080832118087132158e-14
