# bin_6_4
1.065678394667091487e-07
1.084228359226858946e-07
1.105462925289971323e-07
1.129685057273185532e-07
1.157216744180507330e-07
1.188407979549984964e-07
1.223636010255923113e-07
1.263321956288806062e-07
1.307888100554163296e-07
1.357699352068342555e-07
1.413036416819581643e-07
1.474162055919694666e-07
1.541391482260063721e-07
1.614896035559125818e-07
1.694595246125113920e-07
1.779980482175115945e-07
1.870059146826938709e-07
1.963312533574644515e-07
2.058107984495080213e-07
2.153507897753192827e-07
2.249199566489027601e-07
2.343616423245395781e-07
2.432474568565077990e-07
2.511109889998662392e-07
2.578135553660978923e-07
2.631485505124457265e-07
2.666483186988913932e-07
2.679077719593983088e-07
2.667488108290868081e-07
2.629528576423595550e-07
2.562536094755245057e-07
2.467413481838088668e-07
2.344307554172795066e-07
2.196272344924351641e-07
2.027211793455154793e-07
1.843019514150726528e-07
1.650384347825375140e-07
1.456802065703360273e-07
1.269390830437297759e-07
1.094066541404739528e-07
9.347382618452799159e-08
7.928548478317385653e-08
6.677092565670783566e-08
5.574364374081472591e-08
4.603937634014755385e-08
3.761293222516445776e-08
3.051182044854400531e-08
2.472746336124398680e-08
2.007788446765085298e-08
1.629676093859072363e-08
1.321704412412392615e-08
1.075374181990820773e-08
8.784845646919898871e-09
7.200428339800183945e-09
5.925280810000160602e-09
4.891147331870851666e-09
4.046154362257561714e-09
3.349358620233284947e-09
2.769550275907000130e-09
2.283239517842109119e-09
1.872999189665614672e-09
1.526005784229398466e-09
1.232785268199611889e-09
9.861674252362557320e-10
7.804555098365165068e-10
6.108020011079962468e-10
4.727900173767408898e-10
3.622040185492810461e-10
2.749613455917736898e-10
2.071559268065281090e-10
1.551601857545214365e-10
1.157325882439733466e-10
8.609328849944164514e-11
6.395031603850167514e-11
4.747676830796606524e-11
3.525373448557228511e-11
2.619845750903620704e-11
1.949347792346388266e-11
1.452452229925010272e-11
1.083394037639936866e-11
8.085128916953375710e-12
6.034247225097474909e-12
4.503315637681027898e-12
3.361126663733639646e-12
2.508910015485116376e-12
1.873422596302739542e-12
1.399723961536658191e-12
1.046778026122599585e-12
7.839936007591071749e-13
5.885939429159752290e-13
4.434765172418133166e-13
3.359797215145667909e-13
2.565883135104284878e-13
1.982816407763841518e-13
1.557514408672812129e-13
1.250708632389346021e-13
1.033108455616163662e-13
8.825745582811269736e-14
7.821692819233416313e-14
7.189748944668454148e-14
