# bin_4_1
3.150264997874038808e-08
3.195074089367734688e-08
3.246014369193089479e-08
3.303665115972451769e-08
3.368611354075893703e-08
3.441471235459413225e-08
3.522889580732054234e-08
3.613554648716167000e-08
3.714063978181729546e-08
3.824674874141481164e-08
3.945200840455651864e-08
4.075106377022412101e-08
4.213333017170320361e-08
4.357919356531722169e-08
4.505522718795104408e-08
4.652074673925662251e-08
4.793822649326862578e-08
4.928784512399438499e-08
5.055339977640687118e-08
5.168436320196348003e-08
5.257515877880671647e-08
5.312804712750290615e-08
5.333500708824795528e-08
5.316275707042860874e-08
5.251987173813771495e-08
5.135595951733561990e-08
4.968431129503912494e-08
4.750298916577774651e-08
4.481977902225528712e-08
4.172525954573611283e-08
3.828607534247517722e-08
3.463125154480583266e-08
3.088257474201151177e-08
2.717956650418308046e-08
2.363910754421436245e-08
2.035467832393891230e-08
1.737978013009132704e-08
1.472807188731149875e-08
1.238519645795871196e-08
1.032637063531242634e-08
8.532374423134704967e-09
6.994963124899462990e-09
5.708020669241915634e-09
4.654129373576303199e-09
3.799744891962343748e-09
3.105840168828984221e-09
2.542501281112627173e-09
2.088363651133376342e-09
1.722495746582056712e-09
1.426245488922686672e-09
1.185135677890350182e-09
9.873690924831562387e-10
8.236206079914217594e-10
6.866766705943577086e-10
5.710841618500765827e-10
4.727942500308450359e-10
3.888564006642494302e-10
3.171409310640835989e-10
2.560923959576091695e-10
2.045227314657504172e-10
1.614466642920003483e-10
1.259643894837471041e-10
9.719268881872350826e-11
7.424070540739975782e-11
5.622008429737193183e-11
4.227509320187026141e-11
3.161741089815482944e-11
2.355324955331183304e-11
1.749785632897895869e-11
1.297609562115244765e-11
9.612946401387071311e-12
7.118588965851926148e-12
5.272128854763862612e-12
3.906646368774555958e-12
2.896835599595952046e-12
2.149467910809375039e-12
1.595487163274900696e-12
1.184403450724825750e-12
8.792766785985599580e-13
6.528717526385592612e-13
4.848154573871645786e-13
3.602105594375545814e-13
2.677806794653799271e-13
1.992891163126694345e-13
1.485856859392548403e-13
1.110793147778457711e-13
8.338455395864515440e-14
6.300480383239001924e-14
4.804223459278363735e-14
3.713362814046572634e-14
2.925217068407384384e-14
2.362089533742784107e-14
1.967716314186530013e-14
1.699376709707373523e-14
1.523841748371824626e-14
1.416101147532502476e-14
1.355798627181936324e-14
1.326438908623072984e-14
1.314981039853239421e-14
1.311764077599113407e-14
