# bin_5_5
1.320344896907494161e-07
1.343677792185645650e-07
1.370395861675772583e-07
1.400879081792903925e-07
1.435526039694032984e-07
1.474777700656823013e-07
1.519113267020500574e-07
1.569051653703714601e-07
1.625114418779306744e-07
1.687749513442172046e-07
1.757283531974638746e-07
1.834043958951559289e-07
1.918399215817550997e-07
2.010688145853834895e-07
2.110983317130209911e-07
2.218877371264099069e-07
2.333288430370114461e-07
2.452666763969768513e-07
2.574433122243250870e-07
2.696571079555253558e-07
2.818437258159851141e-07
2.939075058571385448e-07
3.055308040852273054e-07
3.160161815945454591e-07
3.249124088162874668e-07
3.321386162974638003e-07
3.372273675699018596e-07
3.396003010120207510e-07
3.388496494695171297e-07
3.348702894117089631e-07
3.272694138239042161e-07
3.160113231073486845e-07
3.012402201571783654e-07
2.831577105349093070e-07
2.623156676699044225e-07
2.393507188164588097e-07
2.151230731373192213e-07
1.905540737386337738e-07
1.665567738735712547e-07
1.439256817102901671e-07
1.232172526102071658e-07
1.046899063734241193e-07
8.831769216657853657e-08
7.389559758214812504e-08
6.119949084292888235e-08
5.012885961257896866e-08
4.071486435629200217e-08
3.297669761702778519e-08
2.674995365009224116e-08
2.171202707724638538e-08
1.760162966631544899e-08
1.429522598919295895e-08
1.166043705746843280e-08
9.541940716649896326e-09
7.838425607676797362e-09
6.460662049952994358e-09
5.337887586574149061e-09
4.414920100488675478e-09
3.649369636186293952e-09
3.009148788889959892e-09
2.470365501465174093e-09
2.015376938787465863e-09
1.631146406055121924e-09
1.307857484243367073e-09
1.037806271983845344e-09
8.145592993805248650e-10
6.323695768199427536e-10
4.858344136333043651e-10
3.697611202201705069e-10
2.791838516263759457e-10
2.094681753653987263e-10
1.564382967497163406e-10
1.164769468364386531e-10
8.657069458267030604e-11
6.429525328922824423e-11
4.775415308092874332e-11
3.549325065925593054e-11
2.641189579911099872e-11
1.968200049110444621e-11
1.468492905738112160e-11
1.096388992289540292e-11
8.187213726401947886e-12
6.113517495033182053e-12
4.565136541528511850e-12
3.409388777504236369e-12
2.546977913854127100e-12
1.903623805842951910e-12
1.423981969908880525e-12
1.066664157543727842e-12
8.007177319502480189e-13
6.029962054345324815e-13
4.563920457778348928e-13
3.479598384046652022e-13
2.681213973266968279e-13
2.097756988739262331e-13
1.675216721863232700e-13
1.373964360318070339e-13
1.163728844164864721e-13
1.021930660362467148e-13
9.310667453604972805e-14
