# bin_1_1
1.276332929277818447e-08
1.292583250179252250e-08
1.310958067763754597e-08
1.331626541343368627e-08
1.354739333147669569e-08
1.380453004346831730e-08
1.408929746190728575e-08
1.440347816270628935e-08
1.474845365535961152e-08
1.512395440859133838e-08
1.552693140182314773e-08
1.595242930499584900e-08
1.639491455431516696e-08
1.684599669073454949e-08
1.728761369804698022e-08
1.770114063153953910e-08
1.807076264355220134e-08
1.838674293933237219e-08
1.864737999298542587e-08
1.883657709561454752e-08
1.890645589173081977e-08
1.882574890809523978e-08
1.859872478251517030e-08
1.822486085440946713e-08
1.767616033329970279e-08
1.694576852417713835e-08
1.605590885409521557e-08
1.502051218951646775e-08
1.385534142651948517e-08
1.260970667505162647e-08
1.131409324397475558e-08
1.001931903952781755e-08
8.763289292193026390e-09
7.583595662465804990e-09
6.502301485989862711e-09
5.531185946808277859e-09
4.670102053951666019e-09
3.912188302366970899e-09
3.249767917415863650e-09
2.677785924041306415e-09
2.193277406165261756e-09
1.791588990206056752e-09
1.463769110737510892e-09
1.197709111398338856e-09
9.817985518260988240e-10
8.068364558160830586e-10
6.654759687098359544e-10
5.511324935166492547e-10
4.580981601072003562e-10
3.818874219848416928e-10
3.189102060905050521e-10
2.663546929107862489e-10
2.220744795596964806e-10
1.844610607630931338e-10
1.523340842166795327e-10
1.248389498614929815e-10
1.013551728105836125e-10
8.141955660437897554e-11
6.466142740210339386e-11
5.075462632668892842e-11
3.938616316841366331e-11
3.024146878984764893e-11
2.300346540215263909e-11
1.736096504589652021e-11
1.302093449475302263e-11
9.719831754852572259e-12
7.230974680601011288e-12
5.366795084619518913e-12
3.977154443963876486e-12
2.944808528967021102e-12
2.179770031232994258e-12
1.613743186304349775e-12
1.195271396824645495e-12
8.858296295777987166e-13
6.567977077944664407e-13
4.871488466435046805e-13
3.613534947875099307e-13
2.680476631769275432e-13
1.988611249995269773e-13
1.476005862803917913e-13
1.095895602116728192e-13
8.146507507625914796e-14
6.063356824249298112e-14
4.523447981961581034e-14
3.387183274224924430e-14
2.549920460031065642e-14
1.935061379832558671e-14
1.486457962803317719e-14
1.160513749739481085e-14
9.267605537693689361e-15
7.618525580644483950e-15
6.478057439161240351e-15
5.716950411965554885e-15
5.234095143284828326e-15
4.948094415865331009e-15
4.796537457218673763e-15
4.728160922998692749e-15
4.703955490467378041e-15
4.698178161427116123e-15
4.697461356731273748e-15
