# bin_5_4
1.071531001203935826e-07
1.090059167747206095e-07
1.111261741756808879e-07
1.135437788328455056e-07
1.162904377572168175e-07
1.194005633453485423e-07
1.229111841735803579e-07
1.268636269217766005e-07
1.312991522524106687e-07
1.362529707960620709e-07
1.417515099351218625e-07
1.478191898915142264e-07
1.544856395853491444e-07
1.617656996135790872e-07
1.696484673203950147e-07
1.780794058541615792e-07
1.869547684226874941e-07
1.961174543972190794e-07
2.053992624698510776e-07
2.147036739584086144e-07
2.239990108269183263e-07
2.331271481573920106e-07
2.416545972820547150e-07
2.491113110940510738e-07
2.553641622975086114e-07
2.602138088684527908e-07
2.631980527055800883e-07
2.639219543510442199e-07
2.622252999298971017e-07
2.579097088102636284e-07
2.507302050163339964e-07
2.408058263226596219e-07
2.281771493223301065e-07
2.131765906869664300e-07
1.962154295460773846e-07
1.778960355501173149e-07
1.588868179755421488e-07
1.399213427238974607e-07
1.216785998503218588e-07
1.047042499841990663e-07
8.933878387618740815e-08
7.568466303276508815e-08
6.364898815944417094e-08
5.304830811800475093e-08
4.373865803433792385e-08
3.569162845183753649e-08
2.894785458557549429e-08
2.347177343167795084e-08
1.906579404561166605e-08
1.547892548617196239e-08
1.256361041941141014e-08
1.023408027917065744e-08
8.369242327669972193e-09
6.867754027564487817e-09
5.657567645451712259e-09
4.674297721023973142e-09
3.869156393096219909e-09
3.203743215736634417e-09
2.648875726149350855e-09
2.182658960848371644e-09
1.788886085757177192e-09
1.455640457364398598e-09
1.174096491308067631e-09
9.375263488778573716e-10
7.405180004455625184e-10
5.783969077658420090e-10
4.468502615497949796e-10
3.417341807225510811e-10
2.590329771882375522e-10
1.949192895380497436e-10
1.458610372296347716e-10
1.087251193926207888e-10
8.084428063732453278e-11
6.003365779946472047e-11
4.456073349754496601e-11
3.308480388729234209e-11
2.458509149735362250e-11
1.829201476290774678e-11
1.362789227605145612e-11
1.016309208880911718e-11
7.582318216902594216e-12
5.657216708855578053e-12
4.220643258827842684e-12
3.149253187988046616e-12
2.350141719348304728e-12
1.754483045047982850e-12
1.310650883596464999e-12
9.800980228914413978e-13
7.341024575743374424e-13
5.512908379075752183e-13
4.156118674076920062e-13
3.151933135718424388e-13
2.411106009000385563e-13
1.867858458424869268e-13
1.472412069625998169e-13
1.187965007675842616e-13
9.870570705046205599e-14
8.488983347658456369e-14
7.575398605757334797e-14
7.007780518120609612e-14
