# bin_6_3
8.691125662822855309e-08
8.836649567576388547e-08
9.003104439344875758e-08
9.192844775168441499e-08
9.408364906700641524e-08
9.652361781220325516e-08
9.927778049966282315e-08
1.023784901298352046e-07
1.058582983011636924e-07
1.097449233558410355e-07
1.140583424278087183e-07
1.188133582511728320e-07
1.240261158508743958e-07
1.296933990851201013e-07
1.357766524997923666e-07
1.422085068500282223e-07
1.488898219774276254e-07
1.557163519205539435e-07
1.626310409854066666e-07
1.695999199306891841e-07
1.764964387020325484e-07
1.830154014845765643e-07
1.888285866942868441e-07
1.938332590814689515e-07
1.978675438787637729e-07
2.005798421594165466e-07
2.016745268456972148e-07
2.010082284827498340e-07
1.984018904015472746e-07
1.936506498011292031e-07
1.867981930870739694e-07
1.778379175350121590e-07
1.669746854269837965e-07
1.544788583538351006e-07
1.407720636223626213e-07
1.263442427465831387e-07
1.117549327258974836e-07
9.754995748655349889e-08
8.419764444342917560e-08
7.202340359657753565e-08
6.116637101016519184e-08
5.159036065970799421e-08
4.315320100593746661e-08
3.571573552841461396e-08
2.923139188963270353e-08
2.374145636296572161e-08
1.925875310121921755e-08
1.565740216897969306e-08
1.272912064958512486e-08
1.033889044541402941e-08
8.424066672624217362e-09
6.893086902604902250e-09
5.659743799187286064e-09
4.666259638893413930e-09
3.859807732699243111e-09
3.200113009604870704e-09
2.655332118418132165e-09
2.201170205769680541e-09
1.819334223024549663e-09
1.496284534786171294e-09
1.222112134392531513e-09
9.895651982778708103e-10
7.932242782236007001e-10
6.288351842949186154e-10
4.927961637507526221e-10
3.818059104739387433e-10
2.926681979809894146e-10
2.222313400401303210e-10
1.674305650912052125e-10
1.253833302764459909e-10
9.349140353532314949e-11
6.951506376055243819e-11
5.160289532724436546e-11
3.827788435993357093e-11
2.839294055409001503e-11
2.107275109865376969e-11
1.565637356731825345e-11
1.164685118615494462e-11
8.673469099970914669e-12
6.462590631888276867e-12
4.815746924997986771e-12
3.588342952278324525e-12
2.673985679407943224e-12
1.992807882710725490e-12
1.485620404275923287e-12
1.108116025751143464e-12
8.272529302516821708e-13
6.184328739197196541e-13
4.633753334743287756e-13
3.483557724728976222e-13
2.632572812209805480e-13
2.004670305082973570e-13
1.543916283710797873e-13
1.207917281373657759e-13
9.654915538388580264e-14
7.934173842129368655e-14
6.740204219225699593e-14
5.941595341427762864e-14
5.435254814059740947e-14
5.141823861849764452e-14
