# bin_3_2
1.958460720558624866e-08
1.988156950406464546e-08
2.022007269235383036e-08
2.060440995474216811e-08
2.103899402020686306e-08
2.152857276366394412e-08
2.207818074231037826e-08
2.269328403438801365e-08
2.337898828439639416e-08
2.413874294083673661e-08
2.497318277688273054e-08
2.588197157290873376e-08
2.686155798555524008e-08
2.790329829384797579e-08
2.899019129373828573e-08
3.009991468023932598e-08
3.120953114493457570e-08
3.230520674452444087e-08
3.337806295669337567e-08
3.440341696602471208e-08
3.532124583746155216e-08
3.606210818557716667e-08
3.660577425009458846e-08
3.693321386166785246e-08
3.698142109243139564e-08
3.669939918157778593e-08
3.607229768360509922e-08
3.508877812559145389e-08
3.372347500411121949e-08
3.201032743060073471e-08
2.997185675372867392e-08
2.766839393027611554e-08
2.517092826270845749e-08
2.256939080982574163e-08
1.995606312732806428e-08
1.742313646160250302e-08
1.504575203185195753e-08
1.287515391428471988e-08
1.093398053716751215e-08
9.218653073233600009e-09
7.710486630936988836e-09
6.389656778399732008e-09
5.245878042234586693e-09
4.277647612412566050e-09
3.480391898851058122e-09
2.835292835372031462e-09
2.312930255886285348e-09
1.888001389323732993e-09
1.544775786385695914e-09
1.269319232461646282e-09
1.047056916071740190e-09
8.669043143179098293e-10
7.200105556963344633e-10
5.991422697848132452e-10
4.987435684380352184e-10
4.145481557471751161e-10
3.433599989730719075e-10
2.828258397040633889e-10
2.312326005273735111e-10
1.873307508887299531e-10
1.501837371944536159e-10
1.190455699231372211e-10
9.326881323588998840e-11
7.224362472545842466e-11
5.536716627655041931e-11
4.203870088203236472e-11
3.167252392981160085e-11
2.371885900889698059e-11
1.768432541201467218e-11
1.314537505471277939e-11
9.752775134034276398e-12
7.228089539187137335e-12
5.354903537060118593e-12
3.967872710460602846e-12
2.941957952524077162e-12
2.183266273783675051e-12
1.621612698086006387e-12
1.205082118116401625e-12
8.956808184441951488e-13
6.657729101835488164e-13
4.948770281658278141e-13
3.679255686234577696e-13
2.736082286974026926e-13
2.036025190350610862e-13
1.516478707996404382e-13
1.131191554735866577e-13
8.457624242638965564e-14
6.346541251402998183e-14
4.788930685284009660e-14
3.643253874088914366e-14
2.804645179462773346e-14
2.195571844228603333e-14
1.757890046868463760e-14
1.448453957623553856e-14
1.234847482201158188e-14
1.092585847278399573e-14
1.002648905821344967e-14
9.503439421627593367e-15
9.235566087085895971e-15
9.125383610665392467e-15
