# bin_5_2
2.869951942319811276e-08
2.914638433152961046e-08
2.965638579038294497e-08
3.023624500090706863e-08
3.089294342092551477e-08
3.163413373579282824e-08
3.246800386574070314e-08
3.340310279872998435e-08
3.444692920743519031e-08
3.560676199802645232e-08
3.688581911530551192e-08
3.828362250809465150e-08
3.979611893764274073e-08
4.141217876293261195e-08
4.311187583751274596e-08
4.486128390039745367e-08
4.663112318720335912e-08
4.840199656791351298e-08
5.015708716815995052e-08
5.186424790780268058e-08
5.343530008887317643e-08
5.476507815908813278e-08
5.582505867536587558e-08
5.657584503271459294e-08
5.692313821172281749e-08
5.678309281259646133e-08
5.612096738640935928e-08
5.490896893182035162e-08
5.309781581208213181e-08
5.072122380711845486e-08
4.780227980590745263e-08
4.441808946279224626e-08
4.066866103242004664e-08
3.668728968728731024e-08
3.261876838047554125e-08
2.861509631081348836e-08
2.480916667484148948e-08
2.130068664798729768e-08
1.814362856295509109e-08
1.534494836163152129e-08
1.287877906412924799e-08
1.070981000409575363e-08
8.816481426853876546e-09
7.197065819861706812e-09
5.852605600531364654e-09
4.762598655173485809e-09
3.881623101630320294e-09
3.164301383760508511e-09
2.583288203973918273e-09
2.117665630753408056e-09
1.743007133321187025e-09
1.440076858499317483e-09
1.194137777667892692e-09
9.926954837606412260e-10
8.261825291989294828e-10
6.871727610490687171e-10
5.700645465493501039e-10
4.707089292907696674e-10
3.860788513060232890e-10
3.139791366174502121e-10
2.527951475370830649e-10
2.012829980610831400e-10
1.584055229787726385e-10
1.232157547808919799e-10
9.478930734315957076e-11
7.220109112285101295e-11
5.453608846642764099e-11
4.091931992835207201e-11
3.055047039277154066e-11
2.273046900257862692e-11
1.687446435230060502e-11
1.251094467816459822e-11
9.270576690101117471e-12
6.869819397782811395e-12
5.093627166173516324e-12
3.780128499532946999e-12
2.808032495739676867e-12
2.087328418704501682e-12
1.551983856276896114e-12
1.154032481077660574e-12
8.581014310226894824e-13
6.381503086232455355e-13
4.746608040560234632e-13
3.532366237636469424e-13
2.630658180384674245e-13
1.961475295419743632e-13
1.465286407474895811e-13
1.097870921322765734e-13
8.263599234144283364e-14
6.262427067577314142e-14
4.793459576877863656e-14
3.722230561959895216e-14
2.948076970703688664e-14
2.396347950093809557e-14
2.011134319069941842e-14
1.750408413130016848e-14
1.581784934029608294e-14
1.480431424102235760e-14
1.425966317053276795e-14
1.401824418020502536e-14
