# bin_3_3
5.886795112835146735e-08
5.981719925415355215e-08
6.090102540576283036e-08
6.213383680114953618e-08
6.353069209213787099e-08
6.510773574297107978e-08
6.688247826863457003e-08
6.887412930074267754e-08
7.110159436042707078e-08
7.357980639664232725e-08
7.631763906651950535e-08
7.931985710650643461e-08
8.259200170337377016e-08
8.612543681733863759e-08
8.988591252146204330e-08
9.381866019639025206e-08
9.784662408536216910e-08
1.018904049937698158e-07
1.059069900962487377e-07
1.098729918165606071e-07
1.137012391731130206e-07
1.171789595911599277e-07
1.200821315124681431e-07
1.223573350724821836e-07
1.239155598605423264e-07
1.245377455469396838e-07
1.240536314469217593e-07
1.224111209828223164e-07
1.195389927507975570e-07
1.153511817072514475e-07
1.099419980754970512e-07
1.033642628268006347e-07
9.581161459334395967e-08
8.750484815826725212e-08
7.874520281984614060e-08
6.984746589382897255e-08
6.113779318463369226e-08
5.289785217800492089e-08
4.533303055809405030e-08
3.854958020553701429e-08
3.255290073047721838e-08
2.727876557084227418e-08
2.264577006270917689e-08
1.860616538703525855e-08
1.515948692901591595e-08
1.231116371143622801e-08
1.001182541676484950e-08
8.153702548376226326e-09
6.638024780652690575e-09
5.413129008410349771e-09
4.433603047568277817e-09
3.644761224455246676e-09
3.007592267411685205e-09
2.490353368903869166e-09
2.066862818889247589e-09
1.716992631679418815e-09
1.425186062380052094e-09
1.179711426668152903e-09
9.718688362269309009e-10
7.952819345213609388e-10
6.452868851512377033e-10
5.184094955894736123e-10
4.119378592116113731e-10
3.235932193300452657e-10
2.512997662389148168e-10
1.930530182281505450e-10
1.468747002374465422e-10
1.108323455546227104e-10
8.309709660744418634e-11
6.200830109576414305e-11
4.612305457668224754e-11
3.423911453684797417e-11
2.539045289552319389e-11
1.882255805193303487e-11
1.395752812413340545e-11
1.035787077036673663e-11
7.694940608701706056e-12
5.722629129361754593e-12
4.258710496058500963e-12
3.169923475484422769e-12
2.359580756999572412e-12
1.756340292624467230e-12
1.307575730515439107e-12
9.736804506827824682e-13
7.254282767138413713e-13
5.409329717042403132e-13
4.038935284610819336e-13
3.021973657692865306e-13
2.268649653730968145e-13
1.711405030552374869e-13
1.300718182500091893e-13
9.991975086016231844e-14
7.795355057473891608e-14
6.208918793021401781e-14
5.079992544010646106e-14
4.294542620961717928e-14
3.764781307899117797e-14
3.424930439569677461e-14
3.222296846705970493e-14
3.115629888870024008e-14
