# bin_4_3
7.143231717939444376e-08
7.260809950748405326e-08
7.395199109749795884e-08
7.548265095957576909e-08
7.721927750115426660e-08
7.918292812360224249e-08
8.139643525774648723e-08
8.388510250869814261e-08
8.667374211879998686e-08
8.978314862382030858e-08
9.322851985486483500e-08
9.701987607799871601e-08
1.011623154308893072e-07
1.056475266221411952e-07
1.104451537685128406e-07
1.155030731174512416e-07
1.207195048472576615e-07
1.260150086798809044e-07
1.313288050457060881e-07
1.366330564545532643e-07
1.418449954164191240e-07
1.466797415603926046e-07
1.508846503912088024e-07
1.543836475057277490e-07
1.570439855849333041e-07
1.586010785360012813e-07
1.588187293570750874e-07
1.576057831749177255e-07
1.548411744390109024e-07
1.503890283049903922e-07
1.443162732373596664e-07
1.366560939274301608e-07
1.276032492726529817e-07
1.174041254264621767e-07
1.064155953420766427e-07
9.503238310444707675e-08
8.368656486715933040e-08
7.277874243568933951e-08
6.263166019814458970e-08
5.344660201597997893e-08
4.528625830485777427e-08
3.809619139144339619e-08
3.176764693337591575e-08
2.621410905983270408e-08
2.141422023572854762e-08
1.738968387977435773e-08
1.411963813195004851e-08
1.148736147229981073e-08
9.344203446210877847e-09
7.601487664633143144e-09
6.206859779859736701e-09
5.088679864375354113e-09
4.186855865181595758e-09
3.458219782112330525e-09
2.864671145519814593e-09
2.377168302845804311e-09
1.972919364590535062e-09
1.634624648190813643e-09
1.349336244261720766e-09
1.107511367699483679e-09
9.021717414041222302e-10
7.281788532522586958e-10
5.816292907046506871e-10
4.593746546599548823e-10
3.586650781078537823e-10
2.769196982648558186e-10
2.116155604799347258e-10
1.602729782096911185e-10
1.205078752399572379e-10
9.011117196522128563e-11
6.712217510576318892e-11
4.987470640711471048e-11
3.700771066944975463e-11
2.744494389444766183e-11
2.035551464452493538e-11
1.510756071233144772e-11
1.122495192697149537e-11
8.350248506674989115e-12
6.217694141390531223e-12
4.631761907124874498e-12
3.450625318730262103e-12
2.570565920077037504e-12
1.915203164235375615e-12
1.427127505469980570e-12
1.063857451490391667e-12
7.935828323628329329e-13
5.925893443408479092e-13
4.432328324711821159e-13
3.324112481529920341e-13
2.502781065919724264e-13
1.895898336682280699e-13
1.448875362545594727e-13
1.121692147557766022e-13
8.839298764075850659e-14
7.132469351047709194e-14
5.929846693642818800e-14
5.104053870137667304e-14
4.560082064912967027e-14
4.222721274109935065e-14
4.033625981077302497e-14
