# bin_4_2
2.353035457179311809e-08
2.389338413326194751e-08
2.430752440704965896e-08
2.477817939032630757e-08
2.531094102570346478e-08
2.591184334375868691e-08
2.658730658323328414e-08
2.734430549825902600e-08
2.818944259385398581e-08
2.912743369839263021e-08
3.015974466448693576e-08
3.128672185056627364e-08
3.250494601967617324e-08
3.380501352309597454e-08
3.516768696211531701e-08
3.656737365160751299e-08
3.797754439442841383e-08
3.938198447893705493e-08
4.076984610982051260e-08
4.211132612352323528e-08
4.333477270340659042e-08
4.435680456906259011e-08
4.515062164459645367e-08
4.568988393910847920e-08
4.589597483866338937e-08
4.570336865647542948e-08
4.508799209514698985e-08
4.402931349088860794e-08
4.249032299544053318e-08
4.050384660400075895e-08
3.809061396874471863e-08
3.531781341056850527e-08
3.226825825886971073e-08
2.905094035339132459e-08
2.578197364883977452e-08
2.258138556092265379e-08
1.955182199283321269e-08
1.676804875325926349e-08
1.426837760230760267e-08
1.205489990365055213e-08
1.010585213186499778e-08
8.394095646689277897e-09
6.903856337202990515e-09
5.633584960481900606e-09
4.581906939592345094e-09
3.729844341338146944e-09
3.040773387877694886e-09
2.479871423120852938e-09
2.025984855811005803e-09
1.662073531541416163e-09
1.368991607451925111e-09
1.131845490040033003e-09
9.390479693030745186e-10
7.808983075621333824e-10
6.499653568529671539e-10
5.404963684692444832e-10
4.481637147489234766e-10
3.697674702744974110e-10
3.029750553976813148e-10
2.460921600857720442e-10
1.978654145427342799e-10
1.573190433414794431e-10
1.236287070724819343e-10
9.603370464913067972e-11
7.378808108722674664e-11
5.614621046062818154e-11
4.237404219823896995e-11
3.177393004324931049e-11
2.371174843577862717e-11
1.763673500514526917e-11
1.309029409356097438e-11
9.704039344805053667e-12
7.190143830937475460e-12
5.327989622365779105e-12
3.950414724660854563e-12
2.931692005017409353e-12
2.177688918543006700e-12
1.618624139999554815e-12
1.203346720656750510e-12
8.946849724551781636e-13
6.651834510198266266e-13
4.946349606690815773e-13
3.678863626380006065e-13
2.737689778837933150e-13
2.038905473473289047e-13
1.520440687695485563e-13
1.136117154329943489e-13
8.516402252446870306e-14
6.415224507180604774e-14
4.867555798924916892e-14
3.732494270082689873e-14
2.905810940328759130e-14
2.309437065650401270e-14
1.885467681373906059e-14
1.590493672054195834e-14
1.391835703224307369e-14
1.264247712367060846e-14
1.188324005545449766e-14
1.148107636845699502e-14
1.130665045480334718e-14
