# bin_5_1
3.826978863725777652e-08
3.881838482266568266e-08
3.944226533852181794e-08
4.014862669070946752e-08
4.094476120128695110e-08
4.183838484121497951e-08
4.283755821507479521e-08
4.395088397814462134e-08
4.518589305514490285e-08
4.654604334871356056e-08
4.802946626386175709e-08
4.963008406048444102e-08
5.133549655075460848e-08
5.312239773364602160e-08
5.495080425765661353e-08
5.677187355345206521e-08
5.854035365308534845e-08
6.023198452278136436e-08
6.182652412004204743e-08
6.326216036775940392e-08
6.441059836867539602e-08
6.515248826994176051e-08
6.547569828369874331e-08
6.533729593129416630e-08
6.462415344612493043e-08
6.327214307276398315e-08
6.129357810906979618e-08
5.868267187341132121e-08
5.544596058846654428e-08
5.169047950288970646e-08
4.749599017849029722e-08
4.301911360013025722e-08
3.840981710382351079e-08
3.384132077277989622e-08
2.946094118777251959e-08
2.538812646793185975e-08
2.169319174132652010e-08
1.839630669778718093e-08
1.548127256267588261e-08
1.291733415389700397e-08
1.067996720870745881e-08
8.758945261612413873e-09
7.148052516491780197e-09
5.827640721344600543e-09
4.757083157410075055e-09
3.887528794255215080e-09
3.181250846985341304e-09
2.611778269779128505e-09
2.153182494649399758e-09
1.782085008532999006e-09
1.480287745585802742e-09
1.232958011464761582e-09
1.028386216010210035e-09
8.574742905826515683e-10
7.133295072608840929e-10
5.908339157902362270e-10
4.862497967873642863e-10
3.968820879865102809e-10
3.207679973845434663e-10
2.564180260390497130e-10
2.026077882336651086e-10
1.582277909605007594e-10
1.221931799144962212e-10
9.340951735585560963e-11
7.078248196867036452e-11
5.325395518915626868e-11
3.984532868740605065e-11
2.969223133398548624e-11
2.206388184783447281e-11
1.636502392903227922e-11
1.212495104786344190e-11
8.979410378260370168e-12
6.650512262502787489e-12
4.928110546135844353e-12
3.654332819464362196e-12
2.711620839870002298e-12
2.012854928993286570e-12
1.494322137774746607e-12
1.109420110717796554e-12
8.237986158487981901e-13
6.117730343509204433e-13
4.545474115238535069e-13
3.379073275638221675e-13
2.514624789426193029e-13
1.874562126572646349e-13
1.400990763839670455e-13
1.051203098326145001e-13
7.936940977732905196e-14
6.045369657063412348e-14
4.665221235554519005e-14
3.666960118981955980e-14
2.952645782850506141e-14
2.451317728424963489e-14
2.109165728567205165e-14
1.884407085630073223e-14
1.745624349592176582e-14
1.667280391312780031e-14
1.628653372556429836e-14
1.613270214018781756e-14
1.608777942388363776e-14
