# bin_6_1
3.776252049173594265e-08
3.830616525966563484e-08
3.892453472279781407e-08
3.962481723492230857e-08
4.041431001635707971e-08
4.130074009751786118e-08
4.229218611968378893e-08
4.339726980627109253e-08
4.462357231900573593e-08
4.597468901879301068e-08
4.744899523662597136e-08
4.904073039597399512e-08
5.073791290108378641e-08
5.251783521694209617e-08
5.434139016879004402e-08
5.616070672746600275e-08
5.793132408146899383e-08
5.962921597084581432e-08
6.123411620977336219e-08
6.268480842142047752e-08
6.385468558663955484e-08
6.462565151485403849e-08
6.498443938990116287e-08
6.488732135826591625e-08
6.422153350466820319e-08
6.292218990591867436e-08
6.099931813770782857e-08
5.844529051441263604e-08
5.526490434310307790e-08
5.156207438981493104e-08
4.741478533984011935e-08
4.297746090005243463e-08
3.839914743967208107e-08
3.385279716576974457e-08
2.948670936717773926e-08
2.542201993734787533e-08
2.173109470839389128e-08
1.843586887074426287e-08
1.552109504581065959e-08
1.295608740893064563e-08
1.071597866650069029e-08
8.790530823865995449e-09
7.174286514060235486e-09
5.848750226825763141e-09
4.773963260903148848e-09
3.900935243655433411e-09
3.191642136250656607e-09
2.619652534365247621e-09
2.159096843875842550e-09
1.786527011438140505e-09
1.483670999577968330e-09
1.235595977520241806e-09
1.030515418251237969e-09
8.592793864202173143e-10
7.149306263330706515e-10
5.923042558295285065e-10
4.876255600676792680e-10
3.981727693422433117e-10
3.219666926159333705e-10
2.575105579186776995e-10
2.035799447360626385e-10
1.590702794562572767e-10
1.229040536711878332e-10
9.399431818227277778e-11
7.125272469525483846e-11
5.362478903067606731e-11
4.013316777772094465e-11
2.991289699937692154e-11
2.223145406596909136e-11
1.649135717260387274e-11
1.221965838025199582e-11
9.050101412613800733e-12
6.703119622046428437e-12
4.967206271095711211e-12
3.683395476960734757e-12
2.733252258837058843e-12
2.028977080538078842e-12
1.506346401220745393e-12
1.118388928749061254e-12
8.304864236404317125e-13
6.167596826156439975e-13
4.582617923724553259e-13
3.406704140818574482e-13
2.535124624155477120e-13
1.889707853464763230e-13
1.412112800838337583e-13
1.059293214354818641e-13
7.994882104915521708e-14
6.085886603353848563e-14
4.692409920985009980e-14
3.683881272918346729e-14
2.961618643292094170e-14
2.454102491337843454e-14
2.107136632662646842e-14
1.878678633411677555e-14
1.737132510530722020e-14
1.656836389660973791e-14
1.616954125728373992e-14
1.600874416943637143e-14
1.596058584781794372e-14
