# bin_2_2
6.634239353236080519e-09
6.730480295972933845e-09
6.839958689424346587e-09
6.963973047274135514e-09
7.103804555563287600e-09
7.260819936002531711e-09
7.436484729229870578e-09
7.632380112086508850e-09
7.849949179539655621e-09
8.090087835927473057e-09
8.352462882152413218e-09
8.635848976971391220e-09
8.938658709261211977e-09
9.257913344840089284e-09
9.587245555575448568e-09
9.917369694208153271e-09
1.024065599451801605e-08
1.055104608633363901e-08
1.084596012443340866e-08
1.111913604040263664e-08
1.134704972322742508e-08
1.150801008642317470e-08
1.159691298530823333e-08
1.160864972088175015e-08
1.152550049086291799e-08
1.133209819274871144e-08
1.102800324147559749e-08
1.061404361185356166e-08
1.008647826588786105e-08
9.461640719350792171e-09
8.751912138147121056e-09
7.980710724651668932e-09
7.173589337021610675e-09
6.359800285046479928e-09
5.566526607943085336e-09
4.818064605937540099e-09
4.131120398436289728e-09
3.514061995482196725e-09
2.967379312871871175e-09
2.486426029102157030e-09
2.065333933331968989e-09
1.700265517068566478e-09
1.389760482305202063e-09
1.132252498126492641e-09
9.228876854778496575e-10
7.534387063481077946e-10
6.157909583055218970e-10
5.042924819901364874e-10
4.145525199592944290e-10
3.421890657278818771e-10
2.834925345924336797e-10
2.356189783490044845e-10
1.962335611191617112e-10
1.635215323703672502e-10
1.360898978632409090e-10
1.128916587338159852e-10
9.315370493011126049e-11
7.631319402830918510e-11
6.196070029883669213e-11
4.979129309871165019e-11
3.956459367660853676e-11
3.107416974057616445e-11
2.412690116328799210e-11
1.853205833917783485e-11
1.409885435858147009e-11
1.064006752151194183e-11
7.978678955542353539e-12
5.954505892878448591e-12
4.428977406093979815e-12
3.287008875476124336e-12
2.436252000587895788e-12
1.804553673654349527e-12
1.336579943797795443e-12
9.903870073927309040e-13
7.344064587857596008e-13
5.450447850324602591e-13
4.047584237813602859e-13
3.006590760133364123e-13
2.233404079737723442e-13
1.659290078278243120e-13
1.232830401576860892e-13
9.163137725361129132e-14
6.813406048575609411e-14
5.071289251777838065e-14
3.779792591269289660e-14
2.823345441732135306e-14
2.116026592985236561e-14
1.594126480369104442e-14
1.210338577457215853e-14
9.293284877933511927e-15
7.249513800679264305e-15
5.779012754391058055e-15
4.736323711161650280e-15
4.013272888494788020e-15
3.527919493776970204e-15
3.217627571733832481e-15
3.032843470844930732e-15
2.934688392715262648e-15
2.890955909110590776e-15
2.876602626321037677e-15
