# bin_6_2
2.838589854562032032e-08
2.883001277309361282e-08
2.933698263036828282e-08
2.991362573307302398e-08
3.056693255455825075e-08
3.130445927537795934e-08
3.213438550189808558e-08
3.306556696209160693e-08
3.410657498094867636e-08
3.526411927697737711e-08
3.654042376101595155e-08
3.793439955183911190e-08
3.944350182818614864e-08
4.105969944526117100e-08
4.276173631402570392e-08
4.451660171139607519e-08
4.629645443240025997e-08
4.807786219420530321e-08
4.984855030408711841e-08
5.157983520783388650e-08
5.317461277387408303e-08
5.453929617595298740e-08
5.563887838475859543e-08
5.643378693228209407e-08
5.683223027449607080e-08
5.674677730237953591e-08
5.614313181350232146e-08
5.498927013492616479e-08
5.323560408154047424e-08
5.091165065847094641e-08
4.803845714675168728e-08
4.469015824358095616e-08
4.096483112400765398e-08
3.699439194744865930e-08
3.292411580970229727e-08
2.890745067612777443e-08
2.508053898947232015e-08
2.154677740000578645e-08
1.836336431586320893e-08
1.553965095475437535e-08
1.305012733562914583e-08
1.085917207632517941e-08
8.944235867191048627e-09
7.303075263182603000e-09
5.938371410770449995e-09
4.831509857549052051e-09
3.937250985597235951e-09
3.208956838119955404e-09
2.618710871876904962e-09
2.145793815777251605e-09
1.765461411474614151e-09
1.458065130096482274e-09
1.208678468387255902e-09
1.004581421466963433e-09
8.360227313783524947e-10
6.954219904157692416e-10
5.770554004530778951e-10
4.766775557534067707e-10
3.911900621132265167e-10
3.183476887269284430e-10
2.565037753169270730e-10
2.043968624850024866e-10
1.609828458318472331e-10
1.253142468519114130e-10
9.646867348628224750e-11
7.352255153908307996e-11
5.556006250004212853e-11
4.170252269902931753e-11
3.114342086633494693e-11
2.317604084371654053e-11
1.720758584473450286e-11
1.275918591171154293e-11
9.455219880576229388e-12
7.007066596731460439e-12
5.195718655939193984e-12
3.856239553644186070e-12
2.864961503985029842e-12
2.130061033535203474e-12
1.584134958490197626e-12
1.178232820778964112e-12
8.763152423206878683e-13
6.518544351129280359e-13
4.849681120535358513e-13
3.609842050514915253e-13
2.688849318112957947e-13
2.005135742413076245e-13
1.497995705225137382e-13
1.122323041112219474e-13
8.445818948288719775e-14
6.397607736495697012e-14
4.893092559647740484e-14
3.794973592889724857e-14
3.000475144206087824e-14
2.433372426391024205e-14
2.036595560583497546e-14
1.767269404082709511e-14
1.592393479449552889e-14
1.486692437766326048e-14
1.429438987716706477e-14
1.403759416917808447e-14
