# bin_2_1
9.108276602774565665e-09
9.231344919771369438e-09
9.370910296453467620e-09
9.528441265932188688e-09
9.705321637760359696e-09
9.903010217588554127e-09
1.012303571372758556e-08
1.036706059693649417e-08
1.063650164128512320e-08
1.093169632959753051e-08
1.125113779179873109e-08
1.159202195635506492e-08
1.195108527970649812e-08
1.232306365740432048e-08
1.269614555818560488e-08
1.305791612973493437e-08
1.339750898805953462e-08
1.370767949417512462e-08
1.398602267657912965e-08
1.422005759487707801e-08
1.437565417422223782e-08
1.442905505656524306e-08
1.437927212639005921e-08
1.422152601403900797e-08
1.393229937291645380e-08
1.350180801137601387e-08
1.293961684376942236e-08
1.225024855031175891e-08
1.144060424022739220e-08
1.054169858142948182e-08
9.574447984380111032e-09
8.576333591162039003e-09
7.579286852615413599e-09
6.617654892051548810e-09
5.716741156447359407e-09
4.894403571300542943e-09
4.157856113957956860e-09
3.505755106133227627e-09
2.932329663616516853e-09
2.431676257209184337e-09
2.000220105145073312e-09
1.635764580020788990e-09
1.334654198836236321e-09
1.089654275480003577e-09
8.910670911651083648e-10
7.298455367782060663e-10
5.993277658128900421e-10
4.940894848269038522e-10
4.089726576134002420e-10
3.397345706511388593e-10
2.830331281206225273e-10
2.361745402129332799e-10
1.970700509818597560e-10
1.641250022598692615e-10
1.361487878311832820e-10
1.122687432313898648e-10
9.185234504539041290e-11
7.443981645113594449e-11
5.968518099688689901e-11
4.730898584596697467e-11
3.706312657015804523e-11
2.870860731353299233e-11
2.200556128105748656e-11
1.671339430411878530e-11
1.259747292529258900e-11
9.438322380359733210e-12
7.039835096724022289e-12
5.234216338099616877e-12
3.883423831267760974e-12
2.877434433098821897e-12
2.130627436207335933e-12
1.577465536012616562e-12
1.168304596292857616e-12
8.657973756119410941e-13
6.420318104316150650e-13
4.763553125664302388e-13
3.535110010966110660e-13
2.623562809716263890e-13
1.947180432438952007e-13
1.445574375792959720e-13
1.073386983064850528e-13
7.976518272966085141e-14
5.932339845248046763e-14
4.418990319567252115e-14
3.300073704522335534e-14
2.473612950380736456e-14
1.864623778579775871e-14
1.417940575268681032e-14
1.091286189072314095e-14
8.546168574984651970e-15
6.851585979551834419e-15
5.655599230172677686e-15
4.833015035671148557e-15
4.287687830776380000e-15
3.943744574962341781e-15
3.743591711934717898e-15
3.639922478415329643e-15
3.594964066664932358e-15
3.580361999185141492e-15
3.577398973041100894e-15
