# bin_5_3
8.759691939363644423e-08
8.905489561823088750e-08
9.072213640244543092e-08
9.262188658528852074e-08
9.477872722410382825e-08
9.721954081009553976e-08
9.997363019570501718e-08
1.030727781130844187e-07
1.065492237904270837e-07
1.104289923515364474e-07
1.147287445304907186e-07
1.194683174218320758e-07
1.246615712293597804e-07
1.302998359755786201e-07
1.363393587820125698e-07
1.427218489390744361e-07
1.493326200502333444e-07
1.560701882810253761e-07
1.628796147874692622e-07
1.697141722662545851e-07
1.764576511170084254e-07
1.828004844700159664e-07
1.883978209656914365e-07
1.931695758946951690e-07
1.969404784421860613e-07
1.993728758805901604e-07
2.001705619314272291e-07
1.991974714506296490e-07
1.962886443937386571e-07
1.912517839743726028e-07
1.841423288922996394e-07
1.749760084241386662e-07
1.639672997178748235e-07
1.514014049543744978e-07
1.377086520524810901e-07
1.233790268140484231e-07
1.089642277432482221e-07
9.499249432319321622e-08
8.190738703835143610e-08
7.000685635908233973e-08
5.940773994583633409e-08
5.006273575983130362e-08
4.183168075674009290e-08
3.458599307476146112e-08
2.828806859893004547e-08
2.297390243268736517e-08
1.864210484293372056e-08
1.515947886451128729e-08
1.232660894282732042e-08
1.001743831219114211e-08
8.168197931924331948e-09
6.688232110357787319e-09
5.495553932938032670e-09
4.533815839887921619e-09
3.752185296624088767e-09
3.111891642548358964e-09
2.582366323098312303e-09
2.140325778809914997e-09
1.768276819643648853e-09
1.453290162319616831e-09
1.185906896121246024e-09
9.591912229966172062e-10
7.679313215229081030e-10
6.079976495881390646e-10
4.758552893711742550e-10
3.682361507001320038e-10
2.819646107148241401e-10
2.139125464843456531e-10
1.610502011962284720e-10
1.205429769370779840e-10
8.984983164705649394e-11
6.679131602916348671e-11
4.957330799988014261e-11
3.676894547665549109e-11
2.727235714184848271e-11
2.024069012038734639e-11
1.503800082224611138e-11
1.118641126402982663e-11
8.329805677169002017e-12
6.205662154450035062e-12
4.623589564476015578e-12
3.444648164008632457e-12
2.566560776148880326e-12
1.912519912493963726e-12
1.425635198673820691e-12
1.063318562961147269e-12
7.938158661275583477e-13
5.934936108485884268e-13
4.447941130354411364e-13
3.345320907798565860e-13
2.529953801192299075e-13
1.928725841915478268e-13
1.487961249474877805e-13
1.166942140467527861e-13
9.357359936537998832e-14
7.720440667019432995e-14
6.588694877297275851e-14
5.835620593134501104e-14
5.361672248200344757e-14
5.090013112882097128e-14
