# bin_4_4
8.702108471827999110e-08
8.850759237091464546e-08
9.020765054569848524e-08
9.214515674941106900e-08
9.434447379362789995e-08
9.683216072660094372e-08
9.963740721540770620e-08
1.027923216244100153e-07
1.063284942075295468e-07
1.102724748435501151e-07
1.146433210208163800e-07
1.194581031700336716e-07
1.247408892224884364e-07
1.304991445233549789e-07
1.367083752013063460e-07
1.433263406988277099e-07
1.502801307374345483e-07
1.574136349491383271e-07
1.645992485497646202e-07
1.717467483599280907e-07
1.788208186212449714e-07
1.857253639774093673e-07
1.920695417341799696e-07
1.974848533790032981e-07
2.018833145623748821e-07
2.050910685436785281e-07
2.067707189077543059e-07
2.066024131369371451e-07
2.044867857958351369e-07
2.002923957449761523e-07
1.938573114577696687e-07
1.853099681152493139e-07
1.747274032342317741e-07
1.624086779339462319e-07
1.487154160271623271e-07
1.341471399745736013e-07
1.192394881578210547e-07
1.045567118082107787e-07
9.059724821979675173e-08
7.773507531634889404e-08
6.617223641946482486e-08
5.593364676172033418e-08
4.691539988165860034e-08
3.897840228259220988e-08
3.203766843441787249e-08
2.609065123502484528e-08
2.115845703482172963e-08
1.717420336883254998e-08
1.395982027085153451e-08
1.133843940760451435e-08
9.218111149675962005e-09
7.525831211779673781e-09
6.166527315721478032e-09
5.071363831001054031e-09
4.185816439375913516e-09
3.463842445363644663e-09
2.870239741891555148e-09
2.377614420493412269e-09
1.965232600760453862e-09
1.617634166638883405e-09
1.323425936737051199e-09
1.074237933056878716e-09
8.638351409948961849e-10
6.873916045438622694e-10
5.409280359989441980e-10
4.209100507814618362e-10
3.240045741993744994e-10
2.469745109222376821e-10
1.866832307880713957e-10
1.401643478973899122e-10
1.047129392360361200e-10
7.796232231375934277e-11
5.792515553253882209e-11
4.299309537550210428e-11
3.190292082422322208e-11
2.368356393669716180e-11
1.759850913066473054e-11
1.309375933787890947e-11
9.754348946370956838e-12
7.272735130106334536e-12
5.424036219398897762e-12
4.045407667348889624e-12
3.017067216447006791e-12
2.250518418293782107e-12
1.679032032765085625e-12
1.253263148310190223e-12
9.361895344518527794e-13
7.001809021529311782e-13
5.246644971060230823e-13
3.943442904311097195e-13
2.977261330264958490e-13
2.263224140675184115e-13
1.737473082622263231e-13
1.353029526706938458e-13
1.074268126145989525e-13
8.748748450489883551e-14
7.351944866124288525e-14
6.402918922805579429e-14
5.786444036818187078e-14
5.413775476947318183e-14
