# bin_4
0.000000000000000000e+00
3.953318025232224753e-02
7.906636050464449506e-02
1.185978070236351350e-01
1.395737507177699510e-01
1.419918352011014795e-01
1.444099644259383142e-01
1.468272584760089705e-01
1.492430462287334669e-01
1.561421416094035675e-01
1.675199213291350131e-01
1.788994907090797337e-01
1.902770616351196487e-01
2.016556317881119387e-01
2.067421742186121569e-01
2.055358239241838747e-01
2.043262224137014638e-01
2.031214082442895641e-01
2.019122094073551588e-01
1.983843566257717517e-01
1.925334055766764196e-01
1.866816193528148815e-01
1.808288637296711632e-01
1.749788969936931227e-01
1.694902477409402086e-01
1.643678673646691568e-01
1.592435780175039672e-01
1.541205265186529338e-01
1.489970872600890339e-01
1.482755260897667404e-01
1.519526216193021473e-01
1.556287924910607356e-01
1.593044115509202052e-01
1.629819395816738403e-01
1.634346192187866587e-01
1.606624206345884376e-01
1.578910273974862000e-01
1.551172926882715963e-01
1.523456608298075776e-01
1.465284896172378004e-01
1.376654509461898435e-01
1.288042019353551615e-01
1.199415510240200711e-01
1.110783408438683340e-01
1.060574118309373093e-01
1.048779064397081517e-01
1.036974391061143558e-01
1.025167704357465570e-01
1.013372650445173856e-01
1.025657250994971847e-01
1.062040222869923140e-01
1.098405521850268490e-01
1.134777681194764631e-01
1.171146783203063091e-01
1.230694296617715899e-01
1.313399714915446104e-01
1.396124222922118241e-01
1.478858723198314129e-01
1.561574282903919475e-01
1.637738343983778377e-01
1.707373873743960602e-01
1.777012386271165090e-01
1.846654328980445181e-01
1.916278673364294471e-01
2.025141168785848933e-01
2.173251658376281481e-01
2.321340075490750388e-01
2.469429238296974582e-01
2.617536745120385144e-01
2.787478404822453792e-01
2.979279869199570885e-01
3.171091773261265345e-01
3.362914117007537174e-01
3.554738846967427368e-01
3.719227710276348797e-01
3.856387567298453223e-01
3.993587691675356544e-01
4.130698929595000291e-01
4.267892193607752960e-01
4.526825900521733725e-01
4.907620554124637047e-01
5.288423857751904933e-01
5.669157961184259076e-01
6.049966633792166482e-01
6.389517672950039140e-01
6.687867751231296731e-01
6.986234533007879000e-01
7.284611456192335854e-01
7.582953182725932217e-01
7.990754107223858593e-01
8.507844211965854830e-01
9.025017237631065559e-01
9.542135380383069965e-01
1.005924338172719867e+00
1.058642359075163908e+00
1.112364856599979079e+00
1.166097018289945719e+00
1.219810209581651650e+00
1.273538553329829792e+00
1.277789592889762682e+00
1.232560703426470283e+00
1.187341000885606235e+00
1.142130246645808311e+00
1.096910902036986935e+00
1.067035149611338829e+00
1.052521721145763145e+00
1.037980612602222186e+00
1.023459190321027501e+00
1.008928223185361794e+00
1.038007934748145011e+00
1.110678877368392881e+00
1.183354831037238153e+00
1.256000718414500339e+00
1.328671183792024646e+00
1.383291374879818569e+00
1.419823470192040915e+00
1.456364871737372502e+00
1.492904483622490730e+00
1.529462946595188777e+00
1.525351858463934063e+00
1.480606415879587967e+00
1.435861808470007883e+00
1.391106940341871656e+00
1.346364122592504931e+00
1.303375291162828464e+00
1.262116225984623030e+00
1.220855848388927800e+00
1.179610503939023891e+00
1.138346308401540385e+00
1.096855661191737052e+00
1.055115177416160677e+00
1.013377795718287011e+00
9.716481095593306749e-01
9.299154406333520750e-01
8.870101266802953299e-01
8.429088424620471143e-01
7.988247986371869169e-01
7.547362806617935460e-01
7.106388740406741622e-01
6.863725132768346837e-01
6.819191228021209694e-01
6.774721154488345665e-01
6.730183670420781805e-01
6.685686155431315170e-01
6.547367493421114570e-01
6.315363102012986340e-01
6.083314565652929717e-01
5.851252905117976244e-01
5.619207351524942995e-01
5.364021491374262318e-01
5.085570048451004688e-01
4.807198841960643731e-01
4.528810633698255872e-01
4.250403634003628861e-01
3.963308430526955584e-01
3.667447173048958842e-01
3.371573686226171374e-01
3.075701690786894482e-01
2.779823729813574174e-01
2.589574199118068742e-01
2.504928640010796737e-01
2.420235207492820173e-01
2.335584577681611151e-01
2.250942597894766140e-01
2.194568897730005408e-01
2.166474066010257715e-01
2.138373417894816608e-01
2.110290218966455189e-01
2.082181368241703412e-01
2.068191146939478697e-01
2.068293604986688738e-01
2.068391141468312322e-01
2.068519400450263834e-01
2.068619024868802725e-01
2.073157454031317182e-01
2.082156611275419733e-01
2.091110579599137209e-01
2.100119281697710727e-01
2.109095471635742958e-01
2.110289025859646284e-01
2.103683240874096860e-01
2.097070446386045395e-01
2.090446019106607933e-01
2.083845901378400534e-01
2.061105882155122859e-01
2.022289345235994962e-01
1.983433584930526516e-01
1.944611679030758822e-01
1.905780079138169603e-01
1.846760813763135001e-01
1.767540758730757888e-01
1.688322344220243021e-01
1.609115860777816653e-01
1.529900279895972659e-01
1.453488649153277523e-01
1.379853527093127807e-01
1.306217957617924474e-01
1.232599091638045125e-01
1.158963969577895131e-01
1.101402904430801993e-01
1.059894196566679714e-01
1.018384221026572972e-01
9.768803601588617325e-02
9.353667307291528565e-02
8.960212746478268819e-02
8.588304948941084815e-02
8.216488871489831258e-02
7.844601953321803101e-02
7.472759776659106123e-02
7.083297649504959048e-02
6.676146968217856748e-02
6.269171524493302727e-02
5.862064093328020475e-02
5.455042416714623449e-02
5.171695209139601929e-02
5.012003828309066072e-02
4.852329598388908233e-02
4.692653504239360784e-02
4.532983748469735646e-02
4.427608927957976670e-02
4.376500333571495260e-02
4.325465935514689886e-02
4.274370390733930880e-02
4.223308774928048043e-02
4.157686036211906411e-02
4.077591657596169039e-02
3.997519649733097258e-02
3.917356667475851290e-02
3.837253713404924910e-02
3.852685058593889600e-02
3.963673446641288040e-02
4.074665563147464309e-02
4.185601379926098126e-02
4.296576718367774855e-02
4.382146711544378237e-02
4.442220012215856301e-02
4.502368254908765272e-02
4.562498973845419137e-02
4.622562207678197754e-02
4.697748070313150642e-02
4.787986839571135855e-02
4.878211067839887533e-02
4.968431194803984291e-02
5.058665117065558325e-02
5.129940572134505244e-02
5.182309758433711888e-02
5.234706162481995301e-02
5.287045521110980695e-02
5.339400539266832280e-02
5.366862875239538505e-02
5.369357214161790681e-02
5.371866094073275699e-02
5.374357450228505612e-02
5.376869312907012893e-02
5.322662369276299349e-02
5.211776140999408585e-02
5.100851136751229781e-02
4.989930606653585066e-02
4.879020516240516886e-02
4.702950761691492010e-02
4.461773541429397971e-02
4.220560527963037462e-02
3.979368766711710581e-02
3.738171039926339173e-02
3.524981122632844799e-02
3.339689025297287034e-02
3.154424145710805344e-02
2.969139505292803238e-02
2.783868100903461387e-02
2.633671426773166735e-02
2.518531213453908610e-02
2.403394355747550531e-02
2.288284902213208460e-02
2.173147298815094816e-02
2.066292093745667260e-02
1.967707728782714868e-02
1.869147598801817328e-02
1.770557081881881864e-02
1.671977004646523976e-02
1.568448889767337998e-02
1.459983549774779635e-02
1.351527624140634598e-02
1.243063123051301073e-02
1.134603935015725783e-02
1.069718219388457112e-02
1.048419025775217117e-02
1.027109858534746775e-02
1.005810198864159552e-02
9.845103527706332638e-03
9.646761638226039950e-03
9.463292570809815965e-03
9.279840281458093948e-03
9.096337657912871230e-03
8.912876979528899096e-03
8.570940957144721969e-03
8.070576196495064455e-03
7.570215630361530265e-03
7.069849471539831065e-03
6.569421793148299410e-03
1.701717354363202483e-01
