# bin_1_2
9.990553914568810114e-04
9.255471515426109052e-04
8.385704375855463190e-04
7.399527167901334256e-04
6.346938075871094665e-04
5.302225629812667550e-04
4.342474634768339701e-04
3.524190661777139993e-04
2.869016287909282844e-04
2.365928472118483249e-04
1.985016274020632611e-04
1.692336266758420759e-04
1.458921677288965593e-04
1.263571352946490293e-04
1.092254208226806561e-04
9.365138535708203448e-05
7.919291626609347161e-05
6.568981216057898347e-05
5.317109188341891980e-05
4.174872065282968881e-05
3.152482566953681556e-05
2.302433987489581056e-05
1.666540430415790227e-05
1.167020394601988940e-05
7.621225152498110168e-06
4.562521651505631893e-06
