# bin_3_2
1.563594968118232464e-04
1.359415328518830785e-04
1.157119909761578807e-04
9.711521076637484693e-05
8.108103090519572546e-05
6.784267962921249160e-05
5.714851453904413255e-05
4.857662219477266335e-05
4.169360424499497043e-05
3.609020705438592688e-05
3.139615590535247308e-05
2.730831998271112797e-05
2.361210282603045288e-05
2.018005231968172564e-05
1.695769737910702451e-05
1.394548766122278042e-05
1.117346736594731056e-05
8.677533302524525393e-06
6.438627301726856231e-06
4.721424238643547955e-06
3.573559835263271885e-06
2.386660063096230171e-06
1.487053767225046938e-06
9.268577481033797486e-07
5.653248403948009087e-07
3.259418327627264815e-07
