# bin_5_2
2.371916098891723270e-05
1.992932425769975693e-05
1.679146992407668765e-05
1.430888347878640139e-05
1.237324534489811806e-05
1.083981238374712339e-05
9.580427963369278098e-06
8.502361539656654285e-06
7.542062444033746531e-06
6.656997877304515744e-06
5.820859057633342270e-06
5.020168058381069730e-06
4.251057215271966357e-06
3.520135516563291370e-06
2.841237894590109676e-06
2.222528059465426536e-06
1.677606437638809158e-06
1.190737282450374003e-06
8.883304460348211449e-07
6.555640428601975597e-07
4.124842355415988040e-07
2.496266592301239721e-07
1.511729748277668766e-07
9.222047703075886107e-08
5.577415290650415204e-08
3.369823536838769874e-08
