# bin_1_4
1.766178528641019606e-03
1.627421302463050038e-03
1.464835045192612074e-03
1.283068560096251119e-03
1.092597506912953726e-03
9.075092041045586949e-04
7.411245870766624720e-04
6.019947286655729854e-04
4.921569033786278666e-04
4.083426155612746565e-04
3.447232866779846952e-04
2.953443721222579312e-04
2.553826601325879316e-04
2.214161945614451839e-04
1.912349600194145560e-04
1.635484430418058111e-04
1.377272948976853231e-04
1.135998331774794502e-04
9.129703747438115929e-05
7.104308226703615070e-05
5.305497749879196961e-05
3.855044105510152091e-05
2.786858786043802010e-05
1.920442900413231932e-05
1.225124561818290893e-05
7.202887388799160856e-06
