# bin_3_1
1.291517702425264006e-04
1.111130617715602975e-04
9.366961557482716928e-05
7.808825682533512976e-05
6.505966560640822141e-05
5.460261946180956257e-05
4.632479652102499876e-05
3.974062161143561975e-05
3.442130236422761040e-05
3.001459692836791176e-05
2.623453285097419004e-05
2.286263732901066802e-05
1.975299440736193142e-05
1.682724123290210626e-05
1.406192831495177619e-05
1.147327298639973429e-05
9.101424142574035417e-06
6.975831660822120282e-06
5.079571816079688726e-06
3.715408970191698555e-06
2.788848250102736831e-06
1.808708466954329518e-06
1.095740715481171826e-06
6.625130493289964016e-07
3.959536180532641751e-07
2.266628139054109140e-07
