# bin_3_4
1.276021615216603585e-03
1.083027008270673721e-03
8.995177533913701912e-04
7.397114769235185738e-04
6.107420259963998585e-04
5.116116444036289054e-04
4.364339747601998169e-04
3.784035723002205894e-04
3.318646265121613973e-04
2.926895646429724090e-04
2.580222885337524500e-04
2.259969212997212551e-04
1.955532286764946539e-04
1.662723489013272866e-04
1.382186946641078226e-04
1.117910384016544294e-04
8.757670184790500561e-05
6.596139222305714793e-05
4.676478507604455348e-05
3.353272502507939200e-05
2.492936955477833096e-05
1.547333223965944172e-05
8.803549348042309658e-06
4.900750572383111735e-06
2.686885397841754581e-06
1.440694685227509152e-06
