# bin_4_1
7.191784530645633827e-05
6.033325743944605599e-05
5.025741200100936220e-05
4.207753877860387495e-05
3.571362180348398207e-05
3.080123116195802966e-05
2.692287248762728551e-05
2.374055598128385223e-05
2.101367443309926970e-05
1.857596159686435448e-05
1.631646305376819884e-05
1.416930876952242108e-05
1.210697688127156953e-05
1.013171576974269611e-05
8.267592868277209544e-06
6.554747174642346933e-06
5.017528979603695641e-06
3.656577331604642925e-06
2.585637371413200039e-06
1.980507629721803328e-06
1.314921773615014315e-06
7.864429665834747339e-07
4.623455982402780749e-07
2.734228275490175408e-07
1.617807620792391859e-07
9.481795304641998367e-08
