# bin_6_4
4.748843043303781881e-04
4.054569108959993101e-04
3.460111616211372274e-04
2.965643165966515933e-04
2.559222787565163036e-04
2.224542370717929099e-04
1.945644480708322169e-04
1.708943891302708057e-04
1.503008114739804260e-04
1.318555433062842703e-04
1.148701942430170868e-04
9.892421113929730650e-05
8.385026635626502509e-05
6.965244983369214935e-05
5.649917882938483544e-05
4.457294799940032717e-05
3.392996157552629591e-05
2.469363972867923604e-05
1.889249420344492629e-05
1.350993669868816679e-05
8.840551231818459475e-06
5.646020668564025512e-06
3.553210534694465389e-06
2.205517179593593545e-06
1.346885733906194379e-06
8.080713777506098676e-07
