# bin_4_3
2.928195619509969014e-04
2.448756149555069567e-04
2.028201029358268404e-04
1.685858824003936250e-04
1.420930869794268718e-04
1.219174513188052363e-04
1.062829103019193706e-04
9.368989985324316535e-05
8.304759401609987824e-05
7.360031787135707098e-05
6.484753696822087555e-05
5.649394783445377602e-05
4.841345156761615723e-05
4.060963813225897248e-05
3.319112818131770702e-05
2.632913546444032239e-05
2.014292273293692831e-05
1.466385288670278228e-05
1.021548787446917295e-05
7.785207801259842861e-06
5.178389054430675324e-06
3.024569844758153040e-06
1.712900796532531594e-06
9.628390901763163060e-07
5.367752990206155775e-07
2.953106843970203384e-07
