# bin_2_2
6.427856408027544932e-04
5.780674666843560157e-04
5.060386860485710297e-04
4.309522254524118562e-04
3.585197786880719908e-04
2.939276289798088628e-04
2.402074823955395965e-04
1.978305610258838389e-04
1.653595580369395608e-04
1.405253192765804483e-04
1.210754855304044036e-04
1.051849135079702244e-04
9.154655575730053895e-05
7.931262390716210158e-05
6.799206798778637602e-05
5.735655107512094481e-05
4.736804520843526650e-05
3.810159002058555069e-05
2.968173719402912095e-05
2.215094339268525625e-05
1.606039192250143644e-05
1.169000545882645173e-05
8.072949855866182179e-06
5.108484513569037926e-06
3.022645718601352003e-06
1.697626921812968236e-06
