# bin_5_1
5.455458882355915191e-05
4.533780379304688194e-05
3.785985242148560899e-05
3.209732014754874485e-05
2.773901021132505119e-05
2.438581342704590924e-05
2.168828878289949955e-05
1.939475325412880433e-05
1.733578726483710791e-05
1.540245910075061327e-05
1.353223579925806442e-05
1.169914779720139393e-05
9.904046690815571734e-06
8.174714351080494305e-06
6.557058175883001226e-06
5.078169960217571653e-06
3.777252315979054207e-06
2.616618884557935906e-06
1.930936454071048176e-06
1.398492069206462758e-06
8.356573035503198639e-07
4.732539943798370113e-07
2.641402979574080109e-07
1.475725084861628544e-07
8.242222028024749364e-08
4.614184274562275460e-08
