# bin_6_2
6.437695137609533041e-05
5.919570912905519790e-05
5.375829229378709757e-05
4.807242594078844829e-05
4.224876264968637683e-05
3.649669145855683188e-05
3.106525360025943935e-05
2.616885236340215384e-05
2.192970916996851016e-05
1.836686588525975714e-05
1.542142962541876764e-05
1.299451690266689229e-05
1.097946409199637412e-05
9.280196485876689641e-06
7.821820328130639859e-06
6.549986452189557031e-06
5.422874610714835039e-06
4.423455876586282862e-06
3.611539064571786519e-06
2.852133530963847741e-06
2.175584420966862059e-06
1.637726053038834942e-06
1.214555465854607862e-06
8.771812849895875561e-07
6.106578898572114863e-07
4.087776150037763002e-07
