# bin_5_4
5.320344232496869484e-04
4.407105820411761883e-04
3.666581306993668145e-04
3.097996911470117260e-04
2.671008745914401641e-04
2.345694985425642834e-04
2.086684101493517258e-04
1.868237291531438932e-04
1.672886245842469810e-04
1.489315627426148099e-04
1.310981814050349390e-04
1.135139845520851862e-04
9.618921611568276005e-05
7.941889798271646963e-05
6.367168138534482912e-05
4.923996950366367101e-05
3.653236416328045849e-05
2.517390097955794984e-05
1.842669252053385785e-05
1.332748742979987938e-05
7.851153058498524707e-06
4.334122248781378533e-06
2.331016459322919761e-06
1.240254357622509429e-06
6.544331025307418919e-07
3.421927908012617004e-07
