# bin_1_1
2.334880431431429326e-04
2.188731901049674835e-04
2.012823423820303353e-04
1.807946088128407349e-04
1.580638198560329515e-04
1.343846458844805082e-04
1.114400163323572639e-04
9.083741991210654890e-05
7.361442634934516852e-05
6.001401041627609602e-05
4.962780137612650031e-05
4.173734021801789882e-05
3.561391840663574113e-05
3.066867810149543808e-05
2.648324447815176349e-05
2.278642616250296975e-05
1.941862959422462073e-05
1.629967948294856921e-05
1.340439817495614888e-05
1.074031287517697114e-05
8.334903999346180060e-06
6.230686803129117467e-06
4.518125588533987419e-06
3.259623159903602823e-06
2.247725870983329996e-06
1.422901457377415919e-06
