# bin_2_3
1.505461050610686470e-03
1.341885055203338338e-03
1.163143231813550723e-03
9.812738874636615406e-04
8.107419690685655411e-04
6.630629118640883222e-04
5.433845744067661299e-04
4.506498818935992861e-04
3.800304427879362050e-04
3.256709842207536343e-04
2.823874323341354973e-04
2.462515032589768205e-04
2.145692205967308084e-04
1.856607333518861156e-04
1.586092099697468697e-04
1.330577352342477890e-04
1.090648134338351665e-04
8.689714842816306242e-05
6.688937887557875391e-05
4.909373294607680263e-05
3.543171491626723153e-05
2.578096716248409314e-05
1.732987380288543184e-05
1.061492095941202574e-05
6.118332682412792305e-06
3.382751485293913782e-06
