# bin_3_3
7.650952157490371582e-04
6.520988463804410374e-04
5.436511896725027774e-04
4.481966728652441432e-04
3.702780036380896476e-04
3.097281563430036473e-04
2.634182336837022896e-04
2.275415665924958167e-04
1.988436002587327543e-04
1.748775246459784486e-04
1.538916913406960564e-04
1.347008253385472830e-04
1.166004001590842555e-04
9.927636421633474761e-05
8.271454779593671218e-05
6.711862925049057074e-05
5.280125150986027271e-05
4.000162929040058322e-05
2.860194240888862079e-05
2.050210596291268732e-05
1.533993012918423454e-05
9.674626305511707539e-06
5.592767284226771433e-06
3.176780781824381880e-06
1.776293993895160259e-06
9.657310591495026215e-07
