# bin_1_3
1.622224619100190186e-03
1.496420633398306069e-03
1.348679962504130631e-03
1.182996136507256848e-03
1.008699150130024568e-03
8.385918064604827799e-04
6.850187871503485033e-04
5.561385784698903365e-04
4.541598951793779848e-04
3.763036952826585195e-04
3.172851379381848498e-04
2.716002578742307463e-04
2.347485820694870744e-04
2.035208078590904990e-04
1.758367584887031215e-04
1.504756781488121825e-04
1.268343713478922274e-04
1.047377904067057949e-04
8.429403124217891804e-05
6.570669224553914102e-05
4.916756612076993084e-05
3.574407377437316847e-05
2.584104942512081447e-05
1.786276099260959463e-05
1.144211698442982675e-05
6.742209589927726770e-06
