# bin_4_2
4.540919689420456573e-05
3.879704088996037116e-05
3.284526000981396700e-05
2.779701406990756033e-05
2.366522649401984999e-05
2.031396508467349940e-05
1.757010250638377211e-05
1.528731667219883385e-05
1.335153063791071548e-05
1.167035616643325536e-05
1.016984241384697792e-05
8.796498042406930581e-06
7.518091420937751730e-06
6.320813196729620329e-06
5.205962660842911575e-06
4.185777547437804000e-06
3.268894352260497785e-06
2.454168918140403603e-06
1.788176613251497063e-06
1.379975774932809137e-06
9.623564848215923131e-07
6.166980937304690650e-07
3.913609662480509934e-07
2.506114770730703061e-07
1.578517512249730357e-07
9.658105009570399529e-08
