# bin_2_4
1.842237916297524876e-03
1.637557848165592002e-03
1.415212928543768244e-03
1.190662275300666262e-03
9.818920453465941525e-04
8.026407952246360049e-04
6.584435878867419840e-04
5.472527241447733585e-04
4.626957909251628752e-04
3.974611800911945019e-04
3.452534502422354313e-04
3.013850797418592088e-04
2.626818642344188530e-04
2.271921473461530224e-04
1.938760926640396343e-04
1.623608290678242507e-04
1.327732677073561855e-04
1.054717328981927575e-04
8.087919801180981205e-05
5.905525392441873957e-05
4.259915258019837751e-05
3.095291469925703616e-05
2.060730976432875158e-05
1.249475372950408918e-05
7.141662873541548033e-06
3.924893160382544713e-06
