# bin_4_4
7.675392386633155895e-04
6.387373691138348818e-04
5.274203172405878730e-04
4.381271184813522400e-04
3.699436938584109045e-04
3.185548445858083270e-04
2.789420566592748876e-04
2.469880819265542595e-04
2.197635059264950235e-04
1.952926456855972335e-04
1.723150580809075212e-04
1.501312107384258584e-04
1.284976431399073105e-04
1.075142615983865627e-04
8.753118603750281214e-05
6.907133384490051213e-05
5.246345695787768082e-05
3.776048307256190978e-05
2.619268201874997711e-05
1.992483181323536452e-05
1.291781001101741776e-05
7.361056822578333760e-06
4.050760676049661867e-06
2.198572084809469539e-06
1.182724224465543828e-06
6.289600599507212059e-07
