# bin_5_3
1.271667839071959462e-04
1.153626808648372998e-04
1.024362920712966523e-04
8.907529085004621961e-05
7.607005618878112131e-05
6.409588057999890832e-05
5.358742249799155561e-05
4.471755166227570121e-05
3.743671059589696279e-05
3.154924088256116368e-05
2.679350940164571513e-05
2.290308028879271506e-05
1.964620702910239275e-05
1.683978376164010785e-05
1.434833633345706734e-05
1.210001579973669972e-05
1.004603499763842042e-05
8.185023725999965560e-06
6.453769456945849609e-06
5.015287388101551270e-06
3.818051106140023236e-06
2.822992387845937236e-06
2.016749117444573160e-06
1.386557616112121729e-06
9.176813193613281776e-07
5.874743669165148095e-07
