# bin_6_3
6.663450080301133759e-05
5.580878633532592570e-05
4.697576470797237694e-05
4.006233839136526617e-05
3.472243642167224906e-05
3.053022989731461924e-05
2.710892588664799615e-05
2.418039929178096337e-05
2.155144907783880325e-05
1.909360710966127511e-05
1.672981599784754774e-05
1.442805375010321787e-05
1.219313641015780725e-05
1.005276165433412881e-05
8.055816688297706238e-06
6.244198535597678044e-06
4.638109301434807712e-06
3.250131968225254799e-06
2.441015101342247520e-06
1.714625458964710900e-06
1.050880839316249092e-06
6.127506550008291639e-07
3.521029593917292031e-07
2.024229674029240156e-07
1.166380034502661972e-07
6.684251163345820662e-08
