# bin_6_1
4.251379873571898828e-05
3.556709462519982675e-05
3.006746562440716316e-05
2.585591918631228580e-05
2.263319204244748425e-05
2.009160676006197148e-05
1.798280604004409897e-05
1.613393860567790416e-05
1.443008170219379863e-05
1.279897490921246479e-05
1.120194553029193080e-05
9.629770757582356555e-06
8.097337384339584447e-06
6.631387126621262921e-06
5.268696442811989990e-06
4.042152835965232300e-06
2.956554029242472279e-06
2.046242124930496093e-06
1.561182394594432750e-06
1.060532818507608514e-06
6.271306505575653735e-07
3.586912095256038319e-07
2.037487334812515011e-07
1.166367508215102900e-07
6.735209701148943383e-08
3.900521893601137695e-08
