# bin_2_1
3.143393455892743880e-04
2.829041404356269951e-04
2.479943236264595314e-04
2.116489896219985692e-04
1.765594259010722642e-04
1.451503606846337216e-04
1.188542440592665005e-04
9.793981898215161209e-05
8.179435645903510997e-05
6.939150507937079707e-05
5.967364892931767358e-05
5.175631584417489427e-05
4.499073383648626864e-05
3.894908146712607760e-05
3.337974943370651272e-05
2.816232706130362694e-05
2.327248340840471606e-05
1.874121360335381130e-05
1.462461070936646405e-05
1.094191868250150027e-05
7.986634778331037056e-06
5.816890976059610404e-06
4.010453823767379524e-06
2.560082916138667051e-06
1.537256179544996296e-06
8.752074182939130385e-07
