# bin_5_3
4.439231178319731630e-08
4.516904813810056382e-08
4.605801100819611721e-08
4.707169047242907940e-08
4.822312815775548801e-08
4.952653414755921529e-08
5.099733888756345247e-08
5.265249828849037629e-08
5.450880369181285802e-08
5.658024719806440445e-08
5.887668495627197099e-08
6.140756971205921453e-08
6.418594614314620482e-08
6.722081460515452702e-08
7.050933415352623728e-08
7.404021385280274874e-08
7.777700178481952794e-08
8.165748447006304835e-08
8.559919034261074400e-08
8.952966841785114177e-08
9.342414247811857545e-08
9.726166642991304848e-08
1.009220133874876124e-07
1.041771879094437613e-07
1.068772766663080058e-07
1.089996300405366190e-07
1.103963158732885028e-07
1.108764165743165219e-07
1.103149328718144416e-07
1.086894651955192196e-07
1.058831231725841728e-07
1.018984837847756637e-07
9.679709323969870021e-08
9.066291241914294575e-08
8.368957865195502069e-08
7.609641329279513411e-08
6.816914293554148994e-08
6.020560312999506534e-08
5.249190788555421032e-08
4.526784003838752065e-08
3.869115568372825605e-08
3.282373624194871967e-08
2.764336751779278513e-08
2.308183633227243862e-08
1.907578444046957554e-08
1.560222757370300133e-08
1.266996567522164191e-08
1.026986226337199026e-08
8.335202468546402503e-09
6.766599128335056894e-09
5.490805662482273982e-09
4.466165166624818019e-09
3.647380336132709508e-09
2.988933255694768497e-09
2.458426936519947533e-09
2.028424642971928731e-09
1.677096718619677299e-09
1.387525693317495214e-09
1.146732651193102202e-09
9.449358822650710453e-10
7.748674710714953684e-10
6.311629044522444474e-10
5.098459002239681342e-10
4.078968300253700951e-10
3.229114824319343696e-10
2.528462020855306073e-10
1.958472121180296720e-10
1.501567666745178218e-10
1.140838867020554596e-10
8.601931889988621907e-11
6.447347629156534747e-11
4.811692219081158544e-11
3.580883302319173585e-11
2.660661017247992435e-11
1.975676368826928083e-11
1.467239080134505051e-11
1.090459340202825457e-11
8.114093102636349805e-12
6.045901450663089008e-12
4.509867527016582558e-12
3.365981908582189139e-12
2.512645181439716425e-12
1.875603120206979884e-12
1.400129381042222427e-12
1.045371345566100466e-12
7.807658418076503093e-13
5.834571244926820890e-13
4.364282310856143909e-13
3.269568450609487401e-13
2.455307416758949396e-13
1.850382536798691233e-13
1.402304382400942050e-13
1.071309426646979989e-13
8.280104066843066066e-14
6.506347771643432459e-14
5.225918852308734022e-14
4.317214437468580012e-14
3.687094785094370139e-14
3.265976989215522342e-14
2.999666478894220154e-14
