# bin_6_4
4.550372837068677825e-08
4.632822204362861665e-08
4.727305292137367983e-08
4.835181500601217273e-08
4.957886814096106023e-08
5.097021393913309372e-08
5.254313962052734144e-08
5.431621451291437916e-08
5.630826898301082203e-08
5.853490532859138435e-08
6.100713375047635717e-08
6.373601391526914388e-08
6.673763488841639054e-08
7.002440631940618098e-08
7.360119290965206157e-08
7.747199589319890528e-08
8.161617172583830119e-08
8.598475340735237451e-08
9.050835090970768569e-08
9.508290936180732351e-08
9.964086614477818235e-08
1.041707739147864615e-07
1.086283482695647713e-07
1.128570298627324270e-07
1.165846218526894826e-07
1.197085942523766824e-07
1.221805390171272669e-07
1.238034857972081658e-07
1.243737211127531014e-07
1.237814126263069351e-07
1.219862012494663759e-07
1.188379497372878468e-07
1.143848552295166316e-07
1.086541182942212279e-07
1.017723699900912748e-07
9.393849682933135141e-08
8.541318790284994551e-08
7.650761137076421888e-08
6.756219835012629322e-08
5.889760917372144823e-08
5.078278040326604820e-08
4.339611435177825253e-08
3.680742220192230709e-08
3.099087377613143096e-08
2.586787206953963413e-08
2.136494864476636283e-08
1.745661754366769924e-08
1.415572749434621587e-08
1.145652544088519233e-08
9.283997440733159091e-09
7.521950611615652576e-09
6.087696069925591844e-09
4.938469603487174347e-09
4.021617492314037971e-09
3.284951595278740930e-09
2.693244937355865660e-09
2.214788833276777892e-09
1.825247229884990405e-09
1.505405716640912627e-09
1.240581325635051040e-09
1.019663220781405725e-09
8.343512854817263672e-10
6.784781441047842227e-10
5.474366420142581499e-10
4.377077882668200015e-10
3.464909712142046061e-10
2.714289918786843986e-10
2.104215947224383357e-10
1.615198475054550954e-10
1.228841458307929894e-10
9.278802853941455472e-11
6.964665610823973207e-11
5.205039537888510274e-11
3.878937771875764067e-11
2.886151755256395596e-11
2.146294837846113312e-11
1.596538399997983289e-11
1.188700760444784233e-11
8.862905736776544736e-12
6.618079337253806765e-12
4.947751562366014804e-12
3.701225996110050777e-12
2.769234126241945717e-12
2.071846260017618628e-12
1.550220378775915763e-12
1.160069742299247967e-12
8.684631950119874584e-13
6.505267157454451290e-13
4.877523772077569441e-13
3.662726487399562155e-13
2.756965216083053263e-13
2.082838467367936357e-13
1.582025989378661751e-13
1.211382023543120767e-13
9.383577578254258788e-14
7.386339000131254678e-14
5.941021008693606528e-14
4.911674243317639993e-14
4.195187928691575084e-14
3.714345341303410566e-14
