# bin_5_4
4.571875305397615347e-08
4.653020135935069209e-08
4.745955737803577791e-08
4.852034041862464285e-08
4.972658789521189995e-08
5.109370256518647796e-08
5.263848921488379993e-08
5.437955197990055405e-08
5.633549595247617142e-08
5.852221369730282524e-08
6.095201370072461172e-08
6.363684399399102179e-08
6.659272671352169983e-08
6.983363322450663256e-08
7.335762957429796499e-08
7.715163671800916115e-08
8.118848255847095112e-08
8.541597679584115547e-08
8.974415424278578382e-08
9.411236762113617921e-08
9.848669934156751206e-08
1.028521171979597932e-07
1.071013173616054582e-07
1.109810774196969715e-07
1.143567541102648603e-07
1.171821807294452936e-07
1.193081106703218375e-07
1.205186806361312718e-07
1.206742713539867314e-07
1.197225381458232709e-07
1.175147624757269631e-07
1.140176808253641367e-07
1.092602548752885058e-07
1.032843170792310636e-07
9.625601199888673631e-08
8.837290552589098605e-08
7.991742836472062556e-08
7.120516484349730668e-08
6.256440176087548460e-08
5.430044063469412674e-08
4.664934836990285631e-08
3.974920018577618772e-08
3.363062044858015520e-08
2.823999093949075934e-08
2.349152872016648450e-08
1.932571563280904612e-08
1.573583205283704387e-08
1.274243632985321068e-08
1.032201202541565064e-08
8.374346780312840808e-09
6.785599484200742005e-09
5.497422979059126581e-09
4.471601255750950597e-09
3.649643342884134584e-09
2.988894475235738393e-09
2.456901339298714041e-09
2.025155284218330090e-09
1.672133833124729146e-09
1.380923080477663193e-09
1.138660977315042970e-09
9.356920168526532544e-10
7.648412656932336715e-10
6.207962143654456189e-10
4.995809690058163001e-10
3.981302237031089285e-10
3.139590264412765720e-10
2.449221781632458222e-10
1.890592080840724655e-10
1.445158304279416756e-10
1.095244720996225796e-10
8.242442052494036200e-11
6.169964506588319043e-11
4.601519699627397740e-11
3.423991188789438010e-11
2.544958047610345668e-11
1.891217386648251598e-11
1.406146708575182183e-11
1.046654911004143823e-11
7.802162198883655953e-12
5.824510166517730418e-12
4.352537187218090085e-12
3.253888201678337096e-12
2.432573924589880629e-12
1.818566614450968945e-12
1.359679287891864204e-12
1.016821953576661536e-12
7.607203085441617898e-13
5.695272857985663687e-13
4.268868500368913372e-13
3.205539346505838055e-13
2.413621350951027928e-13
1.825187862245581729e-13
1.388873050187701449e-13
1.066580904559050703e-13
8.300113121665487122e-14
6.576772365424172228e-14
5.337680875418012730e-14
4.462471187735647087e-14
3.861488174175459756e-14
3.465798185282958375e-14
