# bin_3_3
2.958255191037880922e-08
3.007038704063363116e-08
3.062799092807478803e-08
3.126306303891032818e-08
3.198371916785488811e-08
3.279870799333313037e-08
3.371755598919770477e-08
3.475073171831900005e-08
3.590868558896940079e-08
3.720008335069326489e-08
3.863079329893235360e-08
4.020480697946701117e-08
4.192655943307451636e-08
4.379368739034464286e-08
4.579146239448386143e-08
4.789515625934471637e-08
5.006908327394970515e-08
5.227607047393685116e-08
5.449594938082726448e-08
5.671725677551149007e-08
5.889679291764577060e-08
6.092957229399313149e-08
6.270365091204799787e-08
6.418752180340597428e-08
6.533040576203319438e-08
6.601651785250717200e-08
6.615126353765178994e-08
6.569483048879442995e-08
6.459612669123612452e-08
6.279561520889023121e-08
6.032064897491703691e-08
5.717976767799630771e-08
5.345289002126612561e-08
4.923871494812033729e-08
4.468308877788482241e-08
3.994878237003204649e-08
3.521549294113851880e-08
3.065172715657487851e-08
2.639539358844541728e-08
2.253567229987173790e-08
1.910344748643015609e-08
1.607933813391456542e-08
1.341799298629696984e-08
1.108055063825307408e-08
9.056422727879977864e-09
7.355213288398396202e-09
5.970941041113227672e-09
4.857128252240889787e-09
3.950658440368731229e-09
3.212805273967342281e-09
2.622039651387450790e-09
2.148689289394393665e-09
1.766995183351605595e-09
1.458798528332343123e-09
1.207936991069369687e-09
1.002085209133932555e-09
8.315563310186442412e-10
6.889861544876752967e-10
5.688540598126139646e-10
4.670846880826693831e-10
3.806951016138574764e-10
3.074901174017159467e-10
2.458071301530655716e-10
1.943129171562267551e-10
1.518516628106055036e-10
1.173455025897843152e-10
8.974442336105159920e-11
6.801682390346502727e-11
5.116909038049981266e-11
3.827776437951238208e-11
2.852043480327190102e-11
2.119581285367071086e-11
1.572930105082807467e-11
1.166547988658083798e-11
8.652158145484956505e-12
6.421248128435582851e-12
4.770647172621825505e-12
3.548586832386321107e-12
2.642103101579870938e-12
1.968031692906928891e-12
1.466050183663993839e-12
1.092051135869046236e-12
8.135558684340903709e-13
6.061619989642669374e-13
4.518090293169622289e-13
3.369755414775724366e-13
2.515818585866412772e-13
1.881283862189083987e-13
1.410458624485007109e-13
1.061502457980154223e-13
8.036258941521984553e-14
6.136356467419342709e-14
4.745219138885981260e-14
3.733651899402400994e-14
3.006741734718201004e-14
2.493740373633770320e-14
2.140615760922540127e-14
1.907102219275181033e-14
1.761409436925985897e-14
1.678940661568795990e-14
