# bin_1_4
1.311189972896212740e-08
1.329948105043877546e-08
1.351278371803342956e-08
1.375431197167263295e-08
1.402652044863128638e-08
1.433202557281098233e-08
1.467359575428193742e-08
1.505423054887888924e-08
1.547664696297203100e-08
1.594216380860807558e-08
1.644966050559508709e-08
1.699626192714751968e-08
1.757839380519758617e-08
1.818968539508054685e-08
1.881487139502992046e-08
1.943756504461198329e-08
2.004299299762236921e-08
2.062060877750426161e-08
2.116557916355545844e-08
2.165884326351095248e-08
2.205161110361677904e-08
2.230784179468676697e-08
2.242049992931987056e-08
2.237639619378093709e-08
2.213638250848396637e-08
2.167884796823458658e-08
2.100766237449032910e-08
2.012028816213690932e-08
1.901868814947711477e-08
1.773936276748257794e-08
1.630879371956343632e-08
1.478020866372205965e-08
1.320451096145199983e-08
1.164078867843592946e-08
1.013952452763736400e-08
8.742129370944885279e-09
7.473228237177386230e-09
6.340383603223294430e-09
5.338395764012174859e-09
4.456722823323788347e-09
3.686875861020067297e-09
3.025049082272485223e-09
2.469256933626129420e-09
2.013246962769554499e-09
1.643443689111372856e-09
1.343062340644801343e-09
1.098978614666230345e-09
9.020800874909763676e-10
7.434905543125242734e-10
6.151634549310998448e-10
5.108317480409137323e-10
4.253668033903480787e-10
3.547095607491458543e-10
2.957146290788642873e-10
2.459917934498225131e-10
2.037614733585827114e-10
1.677231121838247387e-10
1.369369268239641889e-10
1.107183967562790184e-10
8.854885865078843805e-11
7.000380250668189883e-11
5.470068577519196570e-11
4.226712917918635561e-11
3.232831405100607853e-11
2.450959193257596374e-11
1.844837614847548310e-11
1.380880861540623164e-11
1.029371394068586959e-11
7.651413286020187908e-12
5.676608298896660021e-12
4.206765011563638620e-12
3.115995965455102074e-12
2.308197000844305114e-12
1.710649778586854315e-12
1.268689072842174356e-12
9.415727696355786132e-13
6.990823072587032416e-13
5.191095176847040797e-13
3.854901261502383411e-13
2.863144971238891645e-13
2.126774814235567385e-13
1.580599231323476156e-13
1.175310779894682150e-13
8.748576072893236132e-14
6.523258177370053775e-14
4.876256959999566752e-14
3.659329964840502669e-14
2.763080379224562209e-14
2.104427760695621105e-14
1.623572434633806062e-14
1.275499876489568677e-14
1.026177430776255807e-14
8.509337762767854908e-15
7.310673136898301035e-15
6.520710844818124226e-15
6.030467956252892483e-15
5.751528943836667605e-15
5.612200639350225375e-15
5.555360683841773400e-15
5.537818994673379940e-15
