# bin_2_4
9.847194665316867444e-09
1.000041546473729411e-08
1.017528477830822398e-08
1.037413787746238067e-08
1.059936487396262575e-08
1.085354959427190112e-08
1.113949052093035672e-08
1.146022109900776448e-08
1.181867331359040201e-08
1.221712629104112115e-08
1.265628792965257382e-08
1.313571300345794795e-08
1.365446337589190032e-08
1.420969815986721262e-08
1.479396318773035041e-08
1.539572002883686721e-08
1.600530073188536907e-08
1.661465497707033116e-08
1.721972950290841945e-08
1.781079744077977730e-08
1.835421458848411627e-08
1.881765151296728685e-08
1.918943700531972522e-08
1.945638096895456629e-08
1.958700729303419226e-08
1.955139133334549494e-08
1.933818171949738574e-08
1.893672237640393546e-08
1.832999850673795242e-08
1.752844508112057309e-08
1.653918541957873274e-08
1.538755946237239642e-08
1.410692035262200748e-08
1.274217847687046326e-08
1.134279972742956064e-08
9.961203748631378648e-09
8.644083971439221783e-09
7.427164843371443291e-09
6.330505485697129145e-09
5.357741500909167664e-09
4.500316353131826258e-09
3.745865166607431836e-09
3.086294451125425413e-09
2.520570649584856572e-09
2.049712971310743516e-09
1.667682846334391977e-09
1.359098060028558651e-09
1.107758105063781254e-09
9.039406873821958271e-10
7.406050378254646134e-10
6.092512825665214674e-10
5.030789613885173737e-10
4.169487000911144012e-10
3.464693152627520529e-10
2.882781432475138743e-10
2.397554842655962289e-10
1.989227351813170130e-10
1.643102103396375202e-10
1.348437509527287446e-10
1.097437034733340326e-10
8.843761574386345937e-11
7.048700683760021644e-11
5.552971149394906975e-11
4.323823455024364450e-11
3.329483647256926829e-11
2.538207336890299008e-11
1.918543917840761114e-11
1.440313767622290518e-11
1.075796104742361445e-11
8.006761849083109026e-12
5.945379231898184885e-12
4.408742442408550993e-12
3.267283705530044398e-12
2.421400705247979705e-12
1.795494807668759350e-12
1.332621556864209999e-12
9.900724951299556353e-13
7.361237536601030002e-13
5.474779335958621271e-13
4.072152697028768769e-13
3.028819657441614576e-13
2.253131263783908847e-13
1.676388258887813938e-13
1.247897332651308317e-13
9.295877626600247902e-14
6.932766892743083277e-14
5.179883625558883071e-14
3.881363115294611638e-14
2.921313730280223838e-14
2.213293847977009808e-14
1.693187143593376055e-14
1.313532259436643913e-14
1.038797997138764069e-14
8.426288684468309467e-15
7.052923220199770784e-15
6.119675887932455548e-15
5.512576180622914577e-15
5.144461454105864535e-15
4.944019411974756616e-15
4.853290620135282850e-15
