# bin_6_2
3.870766275928302362e-08
3.936183137894636864e-08
4.010868310228847317e-08
4.095760981538046387e-08
4.191816950078012196e-08
4.300069157048539173e-08
4.421606946725921627e-08
4.557603444254753861e-08
4.709159614131601166e-08
4.876955832602924548e-08
5.061153243097673604e-08
5.261807297293937043e-08
5.479404238223685994e-08
5.714179924521942821e-08
5.965428113873041735e-08
6.231861510157383199e-08
6.510819039573170591e-08
6.796586692701002798e-08
7.080730836224529877e-08
7.353155315254455176e-08
7.606567206436215815e-08
7.840188576317463004e-08
8.051891492888154271e-08
8.226747172628307291e-08
8.342391164476175857e-08
8.392393079587639420e-08
8.378464097807579645e-08
8.288614350635091699e-08
8.111652172710784597e-08
7.847381266373330826e-08
7.502954249254591048e-08
7.076147446499769507e-08
6.582747497007452480e-08
6.035825807927079573e-08
5.454323612255450042e-08
4.859752635521152889e-08
4.273097017626351735e-08
3.713176061485590343e-08
3.194542538694727435e-08
2.725039644964615593e-08
2.306675762015215741e-08
1.937077043173089461e-08
1.612365328675991847e-08
1.329686928776667165e-08
1.087871024594214519e-08
8.858143251843407543e-09
7.203820134905675280e-09
5.860593599318374052e-09
4.769940495538380432e-09
3.887555515803124693e-09
3.177993344315051041e-09
2.607178354745979761e-09
2.146478860304822367e-09
1.773245126127056487e-09
1.468546794749718052e-09
1.217773649425353026e-09
1.009491639812008380e-09
8.350392132972123763e-10
6.879282300615039761e-10
5.633658078947705793e-10
4.578237873749741781e-10
3.686685586494433188e-10
2.938569020712551365e-10
2.317009875305594801e-10
1.807013040184251995e-10
1.394467774590819712e-10
1.065731654839109576e-10
8.076453602332889284e-11
6.078149213103325844e-11
4.549625665143474511e-11
3.392142892386824342e-11
2.522471352474659261e-11
1.872814291062199777e-11
1.389491147598290610e-11
1.030900263816315743e-11
7.652758156241182675e-12
5.686103350662975255e-12
4.229113741400754029e-12
3.148267620512816309e-12
2.344762466864562366e-12
1.746631211783776795e-12
1.301152240178512447e-12
9.695268238084992326e-13
7.225092697303214102e-13
5.387011305191467139e-13
4.018940419071277049e-13
3.002366381151821770e-13
2.246920531507654832e-13
1.686371586923750332e-13
1.271234863079149119e-13
9.645188370064061210e-14
7.389740509632825911e-14
5.739108928201964961e-14
4.543165129725718539e-14
3.687222373066189883e-14
3.085582666374389374e-14
2.674368225356832979e-14
2.404614260649758480e-14
2.237740922997641565e-14
2.143588573838182590e-14
