# bin_5_1
3.337561161392417857e-08
3.388870776117501012e-08
3.447194806039631702e-08
3.513167368966665803e-08
3.587381595349218868e-08
3.670466816679933949e-08
3.763088438323775810e-08
3.865983531653370481e-08
3.979777799747715749e-08
4.104726379186246012e-08
4.240630284770940199e-08
4.387181022299613694e-08
4.544430402041676713e-08
4.712224880743777969e-08
4.888906546245508058e-08
5.071869029240387929e-08
5.257363821185327181e-08
5.439554617859046515e-08
5.609429504411334086e-08
5.761499018857519010e-08
5.893776942052620635e-08
6.007211222170416996e-08
6.095126302036667108e-08
6.138300356337037350e-08
6.130565264254176485e-08
6.076220167076057306e-08
5.971377988988620380e-08
5.807597651966313946e-08
5.584902059112611488e-08
5.312502380498048612e-08
4.990373687868680335e-08
4.628002770951598376e-08
4.237996990542814610e-08
3.829850303960720909e-08
3.418567042231706824e-08
3.014956842897815192e-08
2.630114500356905766e-08
2.271529039070206492e-08
1.943719728550774832e-08
1.648848489549140164e-08
1.387081543456598817e-08
1.157678742380810108e-08
9.594481211667087351e-09
7.906527700265029582e-09
6.487036160641237259e-09
5.304218150173406774e-09
4.327502183767616187e-09
3.529749072475816021e-09
2.883973429734918492e-09
2.362705207137134068e-09
1.940236356410927666e-09
1.596853963068442388e-09
1.317964398584394143e-09
1.089834425122084738e-09
9.017712079914923479e-10
7.457480401611139902e-10
6.153515971299706609e-10
5.058120855739963606e-10
4.135154723016356052e-10
3.357388649805818119e-10
2.703945686628504142e-10
2.158211800085797955e-10
1.706313611980954752e-10
1.336046594941578697e-10
1.036255460946853446e-10
7.965602901084780290e-11
6.073210416960981049e-11
4.597197389102878306e-11
3.458821953721623540e-11
2.589620105202377982e-11
1.931648169715631045e-11
1.437108604779234022e-11
1.067477707213372164e-11
7.923342182455871298e-12
5.880727055369832413e-12
4.366440874636457980e-12
3.244201301416633832e-12
2.412332977478433228e-12
1.795144729438110010e-12
1.336670566588115530e-12
9.956923101614136861e-13
7.420097367283209000e-13
5.530981327361671617e-13
4.124707180691202630e-13
3.078587550214099032e-13
2.300844097333620517e-13
1.722912602857562082e-13
1.294188119378251941e-13
9.768203881264802048e-14
7.424844552762019575e-14
5.699837847295956015e-14
4.439667647868496027e-14
3.525005198906931431e-14
2.868773646278470667e-14
2.406459290467410844e-14
2.087151799374842401e-14
1.873562117394152962e-14
1.735971519279552788e-14
1.651800289822800233e-14
1.603243503084498753e-14
