# bin_3_4
3.015029155474129152e-08
3.065277366246963001e-08
3.122745816319893583e-08
3.188249244067704206e-08
3.262631172335931470e-08
3.346819221430875292e-08
3.441822419270638414e-08
3.548760780356670081e-08
3.668743611410249434e-08
3.802724435286215869e-08
3.951436111715766477e-08
4.115408226305983823e-08
4.294977234097764345e-08
4.489934526981242384e-08
4.699167358064883421e-08
4.920666796357512675e-08
5.150370444514293283e-08
5.385128411482560758e-08
5.622541421793496170e-08
5.861537512215088887e-08
6.098726391389943862e-08
6.322301279776429675e-08
6.521693629457219845e-08
6.693508633094138850e-08
6.831865788864385540e-08
6.925269712191493854e-08
6.963206246134011877e-08
6.940942152988318014e-08
6.852302528640234916e-08
6.690318458891836346e-08
6.456265928103277444e-08
6.149997357035410458e-08
5.778150412252658640e-08
5.349811114238861342e-08
4.879184277835116858e-08
4.382840863443447838e-08
3.879883709175514166e-08
3.389129679496234187e-08
2.926952817912724391e-08
2.504918208026776363e-08
2.128265332747748714e-08
1.796024224018419044e-08
1.503341843388105390e-08
1.245281093779138246e-08
1.019897185052091633e-08
8.285244200728765472e-09
6.719924347184329136e-09
5.462831892528563940e-09
4.441344703827409091e-09
3.606632797027269264e-09
2.937501990491548163e-09
2.402761948427989449e-09
1.971949984967765428e-09
1.625043945371505529e-09
1.343598725490175650e-09
1.113539691671795222e-09
9.237181630339077842e-10
7.656185723952894695e-10
6.328151280288894096e-10
5.205428344468268506e-10
4.253081288055715607e-10
3.445515172480972944e-10
2.763620166862292332e-10
2.192456089073880935e-10
1.719460302745653957e-10
1.333200634898382664e-10
1.022663694598943555e-10
7.770103990971750763e-11
5.856938714428700064e-11
4.387725809590887950e-11
3.272582017682865853e-11
2.433787266944389962e-11
1.806919645215774441e-11
1.340471592272020898e-11
9.943843456632585111e-12
7.380656561838094164e-12
5.484028545009370544e-12
4.080071046037304238e-12
3.039034930711291402e-12
2.265006995023581010e-12
1.688349111996179216e-12
1.258437771039283093e-12
9.380752741329437446e-13
6.993359759291939599e-13
5.215194706199050648e-13
3.891255957124408778e-13
2.905917743016417026e-13
2.173074137457754582e-13
1.628711935873336998e-13
1.224758688241408206e-13
9.257623828262792645e-14
7.050395189461994437e-14
5.429737456897327915e-14
4.246961187640208895e-14
3.392642260124720871e-14
2.785270300179817867e-14
2.362837853921914233e-14
2.079265816293010083e-14
1.898488152891588885e-14
1.792821794633342780e-14
