# bin_3_2
2.669287530334779961e-08
2.711087392055938044e-08
2.758749253522690976e-08
2.812881741190033776e-08
2.874095148169336659e-08
2.943054081731414406e-08
3.020473488887138469e-08
3.107146369693651146e-08
3.203822072062831743e-08
3.311062150474199611e-08
3.429178003886444213e-08
3.558254391289702317e-08
3.698168726655078915e-08
3.848251655110079720e-08
4.006945912899879377e-08
4.171838970718310762e-08
4.338542419287439549e-08
4.503674464786079220e-08
4.664749580447236370e-08
4.820803558906325159e-08
4.968837856030319168e-08
5.097852818046146576e-08
5.198472652322631091e-08
5.268923780130902577e-08
5.305524494811124105e-08
5.299619163475323416e-08
5.244141792266480048e-08
5.138309161966558413e-08
4.980411844497825535e-08
4.768234754056125100e-08
4.507694911512252512e-08
4.202869302642407631e-08
3.863551949308015113e-08
3.500325938946621800e-08
3.126531003747590926e-08
2.755059265036881306e-08
2.398344309006443692e-08
2.066065958008305872e-08
1.764297812058613575e-08
1.495193268549392604e-08
1.257724433955221424e-08
1.049252446277326165e-08
8.673553435564910381e-09
7.108038076244196273e-09
5.790812291385314371e-09
4.709518814236251611e-09
3.834399040266460288e-09
3.125698308743623274e-09
2.550263039176834665e-09
2.086117819326435964e-09
1.713378188604835131e-09
1.412502847196438726e-09
1.168483186299881146e-09
9.693058561811602285e-10
8.052781384269108429e-10
6.689531750329311249e-10
5.546383972276871850e-10
4.580759682166306750e-10
3.761258101796633923e-10
3.064869083459702993e-10
2.474574954152332413e-10
1.977348357449803449e-10
1.562571751183608760e-10
1.220887618180006823e-10
9.434752811071706236e-11
7.217202554925665791e-11
5.471950357696039350e-11
4.118353087160398779e-11
3.081985568471759327e-11
2.296921848129892995e-11
1.707105827448187149e-11
1.266623644786432662e-11
9.390264532437409698e-12
6.960591756168289191e-12
5.161699220946951581e-12
3.830818144365608539e-12
2.846004626407431691e-12
2.116228046074143304e-12
1.574416178559165601e-12
1.171533498595475752e-12
8.718217561605847434e-13
6.487935532395738413e-13
4.829624722560706649e-13
3.596295557210716153e-13
2.679825836888017939e-13
1.999158332736678206e-13
1.493944430172495447e-13
1.119383092469411009e-13
8.423076515248566985e-14
6.377015097378960465e-14
4.873001675744960121e-14
3.772624694476469876e-14
2.975207832750634991e-14
2.403412387190881012e-14
2.000689335256866104e-14
1.724625813718354949e-14
1.542239574570438246e-14
1.428617890372627121e-14
1.363519266379945557e-14
1.330983116019186927e-14
