# bin_1_3
1.301868557303130775e-08
1.320391437894633881e-08
1.341448431937759994e-08
1.365284140645630413e-08
1.392137433735632639e-08
1.422262528388048064e-08
1.455927966274539129e-08
1.493424504275210065e-08
1.535013767178857610e-08
1.580816722092051806e-08
1.630709696889315129e-08
1.684393095349525050e-08
1.741497300912462480e-08
1.801373452327297943e-08
1.862484277702358531e-08
1.923182471561654971e-08
1.981985470787975210e-08
2.037838382819234566e-08
2.090264482982753854e-08
2.137372891386545417e-08
2.174310472420695772e-08
2.197512705509558961e-08
2.206331756306000553e-08
2.199521556136525430e-08
2.173257688252436621e-08
2.125486585149704321e-08
2.056716718894626818e-08
1.966822486446691001e-08
1.856124733045031266e-08
1.728380292058903117e-08
1.586307420073389945e-08
1.435243131799754124e-08
1.280219237288133150e-08
1.127005981514041635e-08
9.804425490680248307e-09
8.444220187778730793e-09
7.211710191421986262e-09
6.112779501736292539e-09
5.141584003349646772e-09
4.287869803969550361e-09
3.543775553841969154e-09
2.905741378123616346e-09
2.371314616169379582e-09
1.933491655223464641e-09
1.578523573929007433e-09
1.290235509595228616e-09
1.056159236217281683e-09
8.674269781239120407e-10
7.153772687584270294e-10
5.922732311041131116e-10
4.920973850978047193e-10
4.099424950981021029e-10
3.419346275825695448e-10
2.850742017015919702e-10
2.370899729919918668e-10
1.962964371986421394e-10
1.614640285426428922e-10
1.317051692944344476e-10
1.063717534731013896e-10
8.496926758084211788e-11
6.708837890942916338e-11
5.235602645782237501e-11
4.040651849338341067e-11
3.087117580966011179e-11
2.338230093252499811e-11
1.758550845846202310e-11
1.315409971970064328e-11
9.800336319108274134e-12
7.281524776614740754e-12
5.400356417036078111e-12
4.001022168205417576e-12
2.963067507321758078e-12
2.194658626166394007e-12
1.626383396454739767e-12
1.206119866682365769e-12
8.950730767547053418e-13
6.644980199093032344e-13
4.933777313287378270e-13
3.663426582462416776e-13
2.720652674097266509e-13
2.020721444422263196e-13
1.501657439932357529e-13
1.116546557285415056e-13
8.311141713163963241e-14
6.197650894937264452e-14
4.633898104440153627e-14
3.478936898880044323e-14
2.628801514628648149e-14
2.004457267465482301e-14
1.549110257657745039e-14
1.219978564925073693e-14
9.846885993559972364e-15
8.197902513764955119e-15
7.074792219795578061e-15
6.339099078546496338e-15
5.886624525810449037e-15
5.632589537648744426e-15
5.508285632640692370e-15
5.459325033297421636e-15
5.445277777322512617e-15
