# bin_4_3
3.608734498775219965e-08
3.670517465203042437e-08
3.741184742219784711e-08
3.821733792089185344e-08
3.913182923110992644e-08
4.016643042573884512e-08
4.133335856944006581e-08
4.264606069835254210e-08
4.411779657396494326e-08
4.575977313681404996e-08
4.758013419836745615e-08
4.958623781980865740e-08
5.178837042038540880e-08
5.418999747851853809e-08
5.678141772293905494e-08
5.954563156224509224e-08
6.245299444568093186e-08
6.543950514492220218e-08
6.845292970373437968e-08
7.145644339526347164e-08
7.443583431767868677e-08
7.735166913610094338e-08
8.004259895849359758e-08
8.235625578255531531e-08
8.425581396411391111e-08
8.566857143662555580e-08
8.645377715598950765e-08
8.647735519447284015e-08
8.569562174770798797e-08
8.405094347740864816e-08
8.147240212399473679e-08
7.800839087212576035e-08
7.368569942106765723e-08
6.862279636040402848e-08
6.296457201645780142e-08
5.691422651120110119e-08
5.069216288382813153e-08
4.453374837126676917e-08
3.865081113575278836e-08
3.320710422271227292e-08
2.829719923473153301e-08
2.394165435066757950e-08
2.010381699539780906e-08
1.672642039576304064e-08
1.376959738195425846e-08
1.122711407257763277e-08
9.107392972626392863e-09
7.389141021408394912e-09
6.004092637279093050e-09
4.876352981496350349e-09
3.962174487445024917e-09
3.231487470933384476e-09
2.645550370068218437e-09
2.173525655493794380e-09
1.792303969804416668e-09
1.481949864483635143e-09
1.227225535225141992e-09
1.016224100997008750e-09
8.399147456071079603e-10
6.915402106406808291e-10
5.661072728133312819e-10
4.599416836956927442e-10
3.703090881865420257e-10
2.951039250173953544e-10
2.326070466320585024e-10
1.813103069754937870e-10
1.398068322077679820e-10
1.067393800338502747e-10
8.079558262988824325e-11
6.073232920893562535e-11
4.541150259301359014e-11
3.383187159184685777e-11
2.514764221536417642e-11
1.867040574924091495e-11
1.385687515056180291e-11
1.028795528486110343e-11
7.645098607409725810e-12
5.688399442472286821e-12
4.237985788294006743e-12
3.160348281042600997e-12
2.357634709092180884e-12
1.758923095147933731e-12
1.312197602261367634e-12
9.790825222322974406e-13
7.306526448564568945e-13
5.455015574464936711e-13
4.075671898670533980e-13
3.048582365698378931e-13
2.284424751147450052e-13
1.716754918687841186e-13
1.295646276377171869e-13
9.842022288217158532e-14
7.546669772756536600e-14
5.866022421366716360e-14
4.645184263162370748e-14
3.769673725955133080e-14
3.153990543068298651e-14
2.733249407798204429e-14
2.457506721253108319e-14
2.288410088069883559e-14
