# bin_4_4
3.699861066651575456e-08
3.764027430380731844e-08
3.837470384934202439e-08
3.921250128528228968e-08
4.016457055650907489e-08
4.124284690251527753e-08
4.246049117997532266e-08
4.383202343730680766e-08
4.537191826575081471e-08
4.709274925741744820e-08
4.900418733039439601e-08
5.111528164113617680e-08
5.343817146442183544e-08
5.597832663156883351e-08
5.872817884741000134e-08
6.167294872815537611e-08
6.478523781335135068e-08
6.800323035035031430e-08
7.127668455624140342e-08
7.457040912060331717e-08
7.787125502493602280e-08
8.114002964283824808e-08
8.421450573900945351e-08
8.693993440835168056e-08
8.927518111834683970e-08
9.114092211521400740e-08
9.238711211679235840e-08
9.286738193023483576e-08
9.252251491131180069e-08
9.127617259531696822e-08
8.903601473921014151e-08
8.582717138735133300e-08
8.165296904641624419e-08
7.661050432572664986e-08
7.082855978257372031e-08
6.450315886086120616e-08
5.786012619795890916e-08
5.115547161464003334e-08
4.463700722885420407e-08
3.851590272459465976e-08
3.293684751984259556e-08
2.796091309669139845e-08
2.357075137691013656e-08
1.970322223968384679e-08
1.629731923590495186e-08
1.333038323395997679e-08
1.081768696324926450e-08
8.764421923977663501e-09
7.114849447113733085e-09
5.775021541990280113e-09
4.681746748563448342e-09
3.806161128105166498e-09
3.106987688569619524e-09
2.544373240973684569e-09
2.091923276951787000e-09
1.725402119271771479e-09
1.426344466939343346e-09
1.180137010186436521e-09
9.756155324389125984e-10
8.043490396186098525e-10
6.600650574046416189e-10
5.381369014521639647e-10
4.351437274712257137e-10
3.485031240121179946e-10
2.761780999897355529e-10
2.164544648497053138e-10
1.677880707592358746e-10
1.287171635385899046e-10
9.783105926204749357e-11
7.377935412137503345e-11
5.530370429763827815e-11
4.127408266993029615e-11
3.071616784333956225e-11
2.282252951948274795e-11
1.694684455389187460e-11
1.258563550896202322e-11
9.353953786661983955e-12
6.960816178065820978e-12
5.187392354729930941e-12
3.870464227461783272e-12
2.889657982512193073e-12
2.157684846222342200e-12
1.611042207112051072e-12
1.203007690304710578e-12
8.984136495465579983e-13
6.711674038278267222e-13
5.016889355856480409e-13
3.753467016205934087e-13
2.812276141934052600e-13
2.112016572636050503e-13
1.591621796960951977e-13
1.205848002004665664e-13
9.206846396894397681e-14
7.110145781577915305e-14
5.578469769075400732e-14
4.471229396132319419e-14
3.683533510238547240e-14
3.136158186550367502e-14
2.768605836571918750e-14
2.534866788349193122e-14
