# bin_6_1
3.284775340105987796e-08
3.336475817712749025e-08
3.395274631045311768e-08
3.461813895765302521e-08
3.536694514138873867e-08
3.620538097429815301e-08
3.714001286448239927e-08
3.817821016714094200e-08
3.932574688982346620e-08
4.058412927365913269e-08
4.194965727680984599e-08
4.341730799072554825e-08
4.498658008367675321e-08
4.665513481249963857e-08
4.841376744499300173e-08
5.024440294186640420e-08
5.211358462584496302e-08
5.397456730126031351e-08
5.575110309411064494e-08
5.734452572147361300e-08
5.870331393027161959e-08
5.982379051061090210e-08
6.072143275083034346e-08
6.128243396918523765e-08
6.131226500205719997e-08
6.081007993725726421e-08
5.982085258736701259e-08
5.829701879558217579e-08
5.616978886869157770e-08
5.349281062039964750e-08
5.037157135718565596e-08
4.680850231561266114e-08
4.295830283661326765e-08
3.891982247440989564e-08
3.482371874182898437e-08
3.079399170099837060e-08
2.693365009499788743e-08
2.331956497651129331e-08
2.000421284120674006e-08
1.700841829159231639e-08
1.433766325625159790e-08
1.198866459012119169e-08
9.952416644169812682e-09
8.214309000809253159e-09
6.749813967162527291e-09
5.527096948573413638e-09
4.514289081238762283e-09
3.682955628344490277e-09
3.006950862306036391e-09
2.460926127471161657e-09
2.019418911557396989e-09
1.660411986804316362e-09
1.368397421359343366e-09
1.130158894406906220e-09
9.340968329694632690e-10
7.717829035433531517e-10
6.364672734162558406e-10
5.230591869876432952e-10
4.276975957412124761e-10
3.474659840482617995e-10
2.801262370164232175e-10
2.239073746414665209e-10
1.773414655422626877e-10
1.391518793347378002e-10
1.081837989369273852e-10
8.337181965297693323e-11
6.373232369207386784e-11
4.836859780303442973e-11
3.648097670503072955e-11
2.737386437720914127e-11
2.045734607572714348e-11
1.524310189624498234e-11
1.133567763403131289e-11
8.420976683712060919e-12
6.253742090994943062e-12
4.645302717990797803e-12
3.452435842092871277e-12
2.567681050076577640e-12
1.911283365255321488e-12
1.423655042018113797e-12
1.061003415535719904e-12
7.910224127250383380e-13
5.900613736045545846e-13
4.402788233988785771e-13
3.288019257693745242e-13
2.457943505114820050e-13
1.841347696892301583e-13
1.383220084981895948e-13
1.043563764623058930e-13
7.924118692302175957e-14
6.072977466566432097e-14
4.717126482312977603e-14
3.729999993499652612e-14
3.020178700968594361e-14
2.516873395612244803e-14
2.166841102006781642e-14
1.930046806589675872e-14
1.775436888196325629e-14
1.678647400498134508e-14
1.621099255467544043e-14
