# bin_3_1
2.298436946199932882e-08
2.331719575534733717e-08
2.369525416312656442e-08
2.412270528529833770e-08
2.460350941623302473e-08
2.514193913494471467e-08
2.574255287938111608e-08
2.641047553688118826e-08
2.715021746006514586e-08
2.796428359711382047e-08
2.885261964208865838e-08
2.981297291294741804e-08
3.084124735675081615e-08
3.192830045116044216e-08
3.305678058585122354e-08
3.420177459167855154e-08
3.532008393318587727e-08
3.637997472722264207e-08
3.736061047067211559e-08
3.825861172447331862e-08
3.905351911352127039e-08
3.964982601258251410e-08
3.997132126938747413e-08
4.002032551307312625e-08
3.978429762302183571e-08
3.920514211852803837e-08
3.824286298685734388e-08
3.691930604146077337e-08
3.524639223833863625e-08
3.322687149228488716e-08
3.093524844784374795e-08
2.841734475897669520e-08
2.576057108426034985e-08
2.304404384744795855e-08
2.035755867488304385e-08
1.777420778279567651e-08
1.535664431917760735e-08
1.314469886019085724e-08
1.115723649209116523e-08
9.396040342171409509e-09
7.852503098255942287e-09
6.513666515952576016e-09
5.366286633753885998e-09
4.396930212021179781e-09
3.589896951584191122e-09
2.927037249383808976e-09
2.388702646045520651e-09
1.953735381197702119e-09
1.601425721477122353e-09
1.315910938260266609e-09
1.085052077697492775e-09
8.975122261321567499e-10
7.440308656936030316e-10
6.175750244103108178e-10
5.124856068962931706e-10
4.244716106541133040e-10
3.502808157252143329e-10
2.874876934005719699e-10
2.342873145498585540e-10
1.893199905616593899e-10
1.515273242731559752e-10
1.200400068102166860e-10
9.409767422809548521e-11
7.299895373608590304e-11
5.607741850859617191e-11
4.269729317359815255e-11
3.226134957740396923e-11
2.422324674712486877e-11
1.809938830104189852e-11
1.347588534931067379e-11
1.000972142343210611e-11
7.424732339751169357e-12
5.503920868545930074e-12
4.079989377504433807e-12
3.025747013786609971e-12
2.245460171765372522e-12
1.667773046112727330e-12
1.239542856840548615e-12
9.216898252246399022e-13
6.855116483848870586e-13
5.099708104502270161e-13
3.794243313570903938e-13
2.824563041749780821e-13
2.103930427945205546e-13
1.569079927838510128e-13
1.172402905357904384e-13
8.784749305757373462e-14
6.610503637382538620e-14
5.007567245962310691e-14
3.828773130891196517e-14
2.967651402400476832e-14
2.342714959891910568e-14
1.895127473065722519e-14
1.578964454576875905e-14
1.360706657194032121e-14
1.214938533723032597e-14
1.121590639736277204e-14
1.065422519133025028e-14
1.034206895259313552e-14
1.018721755011676832e-14
