# bin_4_2
3.213730240690686774e-08
3.265870098079956515e-08
3.325344928992493948e-08
3.392894458487929506e-08
3.469280843084268331e-08
3.555334740161359349e-08
3.651933349692947553e-08
3.760033261851978247e-08
3.880556795625285077e-08
4.014183446809556262e-08
4.161240397749709942e-08
4.321836284274019076e-08
4.496340639270023121e-08
4.684938865388023524e-08
4.886318666468207170e-08
5.097852892302195826e-08
5.315863952625582667e-08
5.534286295981096075e-08
5.747120974770084696e-08
5.951547559613112403e-08
6.146357038745300257e-08
6.327038602520052130e-08
6.480701877731777315e-08
6.592368740726269691e-08
6.661305238907023011e-08
6.683391165594665163e-08
6.647769615681086920e-08
6.546043702239438863e-08
6.378421984178257144e-08
6.144828636436763409e-08
5.843529906779733055e-08
5.484565564939189038e-08
5.074813873887202451e-08
4.628720251521249619e-08
4.160986850422272341e-08
3.689141512962833989e-08
3.228996819386235269e-08
2.794730681757159649e-08
2.396036184283533329e-08
2.037664103523059419e-08
1.719881052044195715e-08
1.440055380713032443e-08
1.195015099328200596e-08
9.827206237260488471e-09
8.023246956189781190e-09
6.526738071853009507e-09
5.308158872909353996e-09
4.321468868612476177e-09
3.521296600298217617e-09
2.874377066035634066e-09
2.354181394670952455e-09
1.935556412665680738e-09
1.597099876407509393e-09
1.321952693085853895e-09
1.096536672065061852e-09
9.102003828922852543e-10
7.547680309820568263e-10
6.240635334215493916e-10
5.134962712467004236e-10
4.196911278913056810e-10
3.401614717501160407e-10
2.730351714088299391e-10
2.168317154677764304e-10
1.702940659385438883e-10
1.322748152629425898e-10
1.016738819141498724e-10
7.741955234675951770e-11
5.847966312002419825e-11
4.388922914504627289e-11
3.277945562182148141e-11
2.439876320071578705e-11
1.812124759952855631e-11
1.344276609676746203e-11
9.968010940211948583e-12
7.392995470247184501e-12
5.486947193584636535e-12
4.076234301192306887e-12
3.031275527479243489e-12
2.255785489160910254e-12
1.679224207660456634e-12
1.250147039589657536e-12
9.308074380296862807e-13
6.930746864176979580e-13
5.162729233808980075e-13
3.847337757278841793e-13
2.869742548768267893e-13
2.143638119705415384e-13
1.604739331264186979e-13
1.205341138308006665e-13
9.101147989200786432e-14
6.924216946683518400e-14
5.327443516699354187e-14
4.163271746233216457e-14
3.324035678776917020e-14
2.727167055387865312e-14
2.311813305222870902e-14
2.032126126012320012e-14
1.852545083218638909e-14
1.744894281191764531e-14
1.686899038726605614e-14
