# bin_1_2
1.222250600428371463e-08
1.238998070963368215e-08
1.258003604649175652e-08
1.279473095475577321e-08
1.303602732847496186e-08
1.330600067927549141e-08
1.360683311810779631e-08
1.394089666195941687e-08
1.431025135934166199e-08
1.471554507140077937e-08
1.515500022426080613e-08
1.562512649452778492e-08
1.612181309801946361e-08
1.663828649149266925e-08
1.715910495217433807e-08
1.766796524337637718e-08
1.815051033050856764e-08
1.859702920533571902e-08
1.900402954457023885e-08
1.935455094819372397e-08
1.960288162796954959e-08
1.971673060620688269e-08
1.969351723380643073e-08
1.952538662969056808e-08
1.917952294109405372e-08
1.864100648091148227e-08
1.792031735143369796e-08
1.702132482595037469e-08
1.595130163871908557e-08
1.474984018197546156e-08
1.344401866761815425e-08
1.208385560284629491e-08
1.071329361974293245e-08
9.380697602133921812e-09
8.123412017789893836e-09
6.969240479577063674e-09
5.931371752303044224e-09
5.010342936224133249e-09
4.199148932694119718e-09
3.489307379440847549e-09
2.875142447890483072e-09
2.353535916961653262e-09
1.920421593764566510e-09
1.567142154121836330e-09
1.280774761568803681e-09
1.048260804876423792e-09
8.598267349820166290e-10
7.078932610153618939e-10
5.851775696483269238e-10
4.855179108924974719e-10
4.040897974345012283e-10
3.369810351730001905e-10
2.811381985455844777e-10
2.342195681197380669e-10
1.944666250570021389e-10
1.605841803062977031e-10
1.316308853224606477e-10
1.069239647281582703e-10
8.595522670327752908e-11
6.832259758606191937e-11
5.367788118349993162e-11
4.169205498056893036e-11
3.203762890724843310e-11
2.438569261197148850e-11
1.841315407478357926e-11
1.381474371563556209e-11
1.031473372576598151e-11
7.674775362364096293e-12
5.697013379512971513e-12
4.222607013404017745e-12
3.127281703585657260e-12
2.315568677967306924e-12
1.714985105710724636e-12
1.270912793850619858e-12
9.424631150998446033e-13
6.993160531324789936e-13
5.190474279754675398e-13
3.852743460017919343e-13
2.859944669170227238e-13
2.123484504340294907e-13
1.576919213338963806e-13
1.171849296558532277e-13
8.714639629683418927e-14
6.489908441915929264e-14
4.844151524733023908e-14
3.627802217630033442e-14
2.730761686255923434e-14
2.071952701877525144e-14
1.589421148247062844e-14
1.238961101726489341e-14
9.871388062591844323e-15
8.085450406722950703e-15
6.848200357600893599e-15
6.019238855108920959e-15
5.488389574244918223e-15
5.172315341687259538e-15
5.002840731569235761e-15
4.925253000158977920e-15
4.897633689423472047e-15
4.890936502977125155e-15
