# bin_2_2
8.972345746090838133e-09
9.104904665586588783e-09
9.255831556721282904e-09
9.426947209932307035e-09
9.620104236156615059e-09
9.837325104365377930e-09
1.008075535453437251e-08
1.035260547645463815e-08
1.065467318716629958e-08
1.098863225892311927e-08
1.135473441615892807e-08
1.175196070209625169e-08
1.217809956857917741e-08
1.262858607013682828e-08
1.309596415726028791e-08
1.356818909939987404e-08
1.403507563465108279e-08
1.449020559760942362e-08
1.492856303703406439e-08
1.534050626192986064e-08
1.569801866126866445e-08
1.596816404826803398e-08
1.614514331508176011e-08
1.622056223166208118e-08
1.616835329331895621e-08
1.596706538043489646e-08
1.561275973230657453e-08
1.510440072120166262e-08
1.443359448268955015e-08
1.361938975845526525e-08
1.267556006823606683e-08
1.163148094925518541e-08
1.052050156814170316e-08
9.382585360179798843e-09
8.256656258548064129e-09
7.179692489707385040e-09
6.179629217886743301e-09
5.273515001787367589e-09
4.466732802283857670e-09
3.755303662542840281e-09
3.131116194493736458e-09
2.587104481964781420e-09
2.119986660227249517e-09
1.728240307955600736e-09
1.407388273915452174e-09
1.147654807163800737e-09
9.370553856078705121e-10
7.660889824846836702e-10
6.281743031430567217e-10
5.172358793718983045e-10
4.275053499751632007e-10
3.545576858013740148e-10
2.948313257895771503e-10
2.454736908752955672e-10
2.042960949751578883e-10
1.696326175281168404e-10
1.402426312963798462e-10
1.152165256379161642e-10
9.389166290102217417e-11
7.577978365463193206e-11
6.050627725756096816e-11
4.776218759594479339e-11
3.726977532702212992e-11
2.876161878122334270e-11
2.197218606228734759e-11
1.663919747193047470e-11
1.251097411267435286e-11
9.355529408800151463e-12
6.968301223455023318e-12
5.176350560533494187e-12
3.838815175000422512e-12
2.844380439019113856e-12
2.107023951236275851e-12
1.561242212620380209e-12
1.157598663410718049e-12
8.590486751575667010e-13
6.379654989655813455e-13
4.739730843150437563e-13
3.521724800094389271e-13
2.617016804836158466e-13
1.944773233357195405e-13
1.445622308911401490e-13
1.074932349066426501e-13
7.999482282707332562e-14
5.959823959444343532e-14
4.448274804843029226e-14
3.329443690254906407e-14
2.502881663256750098e-14
1.893980245928342417e-14
1.447052684584657028e-14
1.120866835847118309e-14
8.849548423117279209e-15
7.164203066180012238e-15
5.982562349592810018e-15
5.176389103701993919e-15
4.648324347270191578e-15
4.322162330332610956e-15
4.138674614235124229e-15
4.048965167566785440e-15
4.014318671047792233e-15
