# bin_4_1
2.745903766042752566e-08
2.787194717687569225e-08
2.834110757010293652e-08
2.887143985740615136e-08
2.946779787003678818e-08
3.013542552321175985e-08
3.087974028664943478e-08
3.170665198417505769e-08
3.262148388423880645e-08
3.362692447136084134e-08
3.472203195811089394e-08
3.590370256558710566e-08
3.717159850196245920e-08
3.852393075146102098e-08
3.994478924984606615e-08
4.140635376807149402e-08
4.287187908866869882e-08
4.428304072677555679e-08
4.558461106922724108e-08
4.675558959596460943e-08
4.779472142806060610e-08
4.867271846578092747e-08
4.928280362419887327e-08
4.950303042665901179e-08
4.935545510597248760e-08
4.883413271606128656e-08
4.787091920766188255e-08
4.642390704074103353e-08
4.453378725184157813e-08
4.223506082597576768e-08
3.953772700107887718e-08
3.655288050083551175e-08
3.334381981467202294e-08
3.002596401352326029e-08
2.669556378246657636e-08
2.345675641484071337e-08
2.038594308571573044e-08
1.754409412777399860e-08
1.496376144729390352e-08
1.265616115715726981e-08
1.061865687812873296e-08
8.841196628308402943e-09
7.310877281638266119e-09
6.011488960118418566e-09
4.921905980431720757e-09
4.017829929075417080e-09
3.276042717057041420e-09
2.674144257249305569e-09
2.187985795832510544e-09
1.794495684520521725e-09
1.475350758896795992e-09
1.216626575168939760e-09
1.006004755627583612e-09
8.331335460074535319e-10
6.903112407842718692e-10
5.713625912358220402e-10
4.716283396324311300e-10
3.875850825858381519e-10
3.165963189081595054e-10
2.566783625805261690e-10
2.063036172320502585e-10
1.642459648068021115e-10
1.294653454720245042e-10
1.010311685664001513e-10
7.807973640904782413e-11
5.979846250471427424e-11
4.542780242658080571e-11
3.427136701556043286e-11
2.570790078082273273e-11
1.919924302922074140e-11
1.429269574554454536e-11
1.061777153934701149e-11
7.878585281801645618e-12
5.843692665247533351e-12
4.335076609330261468e-12
3.217624767243905550e-12
2.389916336318000390e-12
1.776552123196863145e-12
1.321448371262913971e-12
9.833592048854931897e-13
7.319766937101798029e-13
5.450190861291564570e-13
4.058832662256215783e-13
3.024945383133000438e-13
2.256111776634004859e-13
1.685312145697141955e-13
1.261901344984747983e-13
9.481671608024417267e-14
7.161804443240163542e-14
5.453063402600360859e-14
4.198774819254908360e-14
3.284861924428110024e-14
2.624329273973384543e-14
2.153945565202325225e-14
1.824491370194626048e-14
1.599587147005921334e-14
1.451482415584023419e-14
1.358399908441144904e-14
1.303223413242970185e-14
1.272890729496810486e-14
