# bin_2_3
9.731450618100737691e-09
9.881728926436424388e-09
1.005317339191879261e-08
1.024802512993483413e-08
1.046860433186308709e-08
1.071741548420657874e-08
1.099712452748142227e-08
1.131062865262998047e-08
1.166067365582304085e-08
1.204922843267106919e-08
1.247692197457739774e-08
1.294392371466749098e-08
1.344885058190934052e-08
1.398784994581141734e-08
1.455300873954457105e-08
1.513378978341788834e-08
1.571926881783059907e-08
1.630278015234665419e-08
1.687987041824519357e-08
1.743824722495752115e-08
1.794831686079037478e-08
1.837562068153867051e-08
1.870904660433296787e-08
1.893764042669208779e-08
1.902881472167487169e-08
1.895534521499869449e-08
1.870707955235662572e-08
1.827528095183708137e-08
1.764436336273127070e-08
1.682755388878625516e-08
1.583307806936600822e-08
1.468837626187060814e-08
1.342741812288931442e-08
1.209511692361599919e-08
1.073951712291223673e-08
9.410506298143224849e-09
8.151013888340747780e-09
6.992597722354177327e-09
5.951751487790501805e-09
5.029813580025408350e-09
4.217937640552321986e-09
3.504742781192380454e-09
2.883435966696029454e-09
2.353287979719242849e-09
1.913955719105218296e-09
1.557908268836484438e-09
1.270032361746943182e-09
1.035676599658135183e-09
8.459530342538422820e-10
6.938489282107227506e-10
5.713802905275192312e-10
4.722980278648696417e-10
3.917735706210921955e-10
3.257469702863911069e-10
2.711077360518471055e-10
2.254463811998161324e-10
1.869484525057097884e-10
1.542713524172248661e-10
1.264357316900607980e-10
1.027301614405196876e-10
8.262888276715148618e-11
6.572360473850157101e-11
5.167067165890791381e-11
4.015406939507338500e-11
3.086455466496429308e-11
2.349315473146526206e-11
1.773546010087980160e-11
1.330174885582327405e-11
9.928242896383762019e-12
7.385467280334999583e-12
5.482072195900532408e-12
4.064169416208343686e-12
3.011421773894352266e-12
2.231540791590026498e-12
1.654576229170229893e-12
1.227902919453225414e-12
9.121092809926056949e-13
6.779678799406531394e-13
5.040468883678786444e-13
3.747730028369972024e-13
2.786491297459540948e-13
2.072134223586866323e-13
1.541210007922568192e-13
1.146946895151045845e-13
8.542039363989766477e-14
6.369872778502597284e-14
4.759573833217865327e-14
3.567506237948625738e-14
2.686915174993363122e-14
2.038184287056585482e-14
1.562291972633198011e-14
1.215574227021851149e-14
9.653293405655888636e-15
7.873017353315339386e-15
6.633115983551215855e-15
5.796778384178068262e-15
5.258399407072472218e-15
4.936886240257256541e-15
4.765639305469664901e-15
4.690680253387357568e-15
