# bin_6_3
4.403328977875298356e-08
4.481910532826045490e-08
4.571885219462522175e-08
4.674517605839982727e-08
4.791132753454641893e-08
4.923181409931129176e-08
5.072222473021454501e-08
5.239952697621137495e-08
5.428054561837517099e-08
5.637846624295611460e-08
5.870183001409526077e-08
6.125863569821614613e-08
6.406161929386555008e-08
6.712127300701805870e-08
7.043868908156074601e-08
7.400883535880960997e-08
7.781216565344843615e-08
8.179716185391983089e-08
8.588302840789766037e-08
8.996957410955265479e-08
9.398132532210116656e-08
9.790388902548221405e-08
1.017030978778957064e-07
1.052080622337887678e-07
1.081642916681928179e-07
1.104688682780359236e-07
1.120910898024048190e-07
1.128505643097471002e-07
1.125645761876370939e-07
1.111542375643125434e-07
1.086098196893070841e-07
1.048261876919852522e-07
9.988960402289331130e-08
9.387520356856309072e-08
8.694677602922448859e-08
7.933398106600723753e-08
7.131015701671689175e-08
6.317801708264891603e-08
5.524014830457247868e-08
4.775149574695281248e-08
4.089348167957882046e-08
3.475071141413893396e-08
2.931655495881461195e-08
2.452768985096976428e-08
2.031615083870444575e-08
1.665034885732542190e-08
1.353614918384608493e-08
1.097110061964011001e-08
8.898492283552436092e-09
7.220516432393777789e-09
5.855982989190728011e-09
4.757177610871877533e-09
3.878940873136997476e-09
3.174057465382663549e-09
2.606634139347518237e-09
2.147789191224217788e-09
1.773843307989032743e-09
1.466526313079321695e-09
1.211713103153992425e-09
9.987257453187136120e-10
8.195982294713938661e-10
6.684389499209958720e-10
5.408836180377159256e-10
4.336382685859815927e-10
3.441120998423081607e-10
2.701398569561361359e-10
2.097902089048281057e-10
1.612534937303302795e-10
1.227979229036414477e-10
9.277443515269613328e-11
6.964943856654325087e-11
5.204445543853437880e-11
3.876675870095097857e-11
2.882254543080073530e-11
2.141128757250545062e-11
1.590553666768472748e-11
1.182319693486129566e-11
8.798645726296536777e-12
6.557023164695429911e-12
4.892420860312957848e-12
3.652991042853099295e-12
2.728122541691711644e-12
2.037567625627008572e-12
1.521776463231276515e-12
1.136749250134494750e-12
8.493271301824868031e-13
6.349596027081085702e-13
4.750851034319767507e-13
3.559485823714738462e-13
2.672599366098308545e-13
2.013199907394520943e-13
1.524130581391206275e-13
1.162295870727709220e-13
8.959856560659709623e-14
7.012408310358383492e-14
5.601847134770475225e-14
4.595288350318979134e-14
3.892723261433944416e-14
3.417756459380050851e-14
3.112738469124997032e-14
