# bin_5_2
3.922163756489257781e-08
3.987108677150840704e-08
4.061226535872150552e-08
4.145445858035848297e-08
4.240708649596190933e-08
4.348047117210694123e-08
4.468564742914059758e-08
4.603439028839812105e-08
4.753792093373458416e-08
4.920425981825798229e-08
5.103663924680090610e-08
5.303774935692102038e-08
5.521127627275082858e-08
5.755962187240508023e-08
6.007605494491207647e-08
6.273785697485328564e-08
6.550013098873412724e-08
6.830345437995644645e-08
7.105553740515314256e-08
7.368638383107189699e-08
7.617713031887724226e-08
7.850404490466034432e-08
8.057459549149484322e-08
8.217547595551836835e-08
8.318679324718793678e-08
8.362548308501668484e-08
8.338890352481995841e-08
8.234877858758138921e-08
8.044519380602427263e-08
7.772961372903065086e-08
7.416136499554917144e-08
6.981840934896975071e-08
6.482965188571390795e-08
5.932297347296097228e-08
5.351062746283403449e-08
4.758859278341368478e-08
4.177359422513228850e-08
3.624721131733183905e-08
3.114313325366588246e-08
2.653561313800993938e-08
2.243781333980233679e-08
1.882230106645949021e-08
1.564968759186925549e-08
1.289268166550281751e-08
1.053962728751957408e-08
8.578287049583235438e-09
6.975448998185428397e-09
5.675621308938560736e-09
4.621230057386577483e-09
3.768630133815137727e-09
3.082819807688194064e-09
2.531003504415401525e-09
2.085567632820081070e-09
1.724208669121007745e-09
1.428830913194500220e-09
1.185351987309332241e-09
9.827995916375990214e-10
8.128906092552494867e-10
6.694336593721899759e-10
5.478640122604121455e-10
4.448229751281890973e-10
3.577957262542875950e-10
2.848195222623699809e-10
2.242568386092335202e-10
1.746383574895837564e-10
1.345712845791806188e-10
1.027044983896688538e-10
7.773479855005232432e-11
5.843753076694983399e-11
4.370221905896145646e-11
3.256054701803301649e-11
2.419969271467460876e-11
1.796015820526396684e-11
1.332160061127738187e-11
9.881955349780516200e-12
7.334939396362026044e-12
5.449506441574779983e-12
4.052914627385790621e-12
3.016682211331663214e-12
2.246326366908949508e-12
1.672896405749644603e-12
1.246023653725824904e-12
9.281551518030509615e-13
6.915384664939414423e-13
5.154923091150120221e-13
3.845696275658026147e-13
2.872410083682842611e-13
2.149702142987633254e-13
1.613846083997132644e-13
1.217250726631184015e-13
9.243724911339335773e-14
7.092801297165534892e-14
5.521060589914622567e-14
4.382998681101214825e-14
3.571267261655284359e-14
3.002562280127647640e-14
2.616161493421553722e-14
2.364260996039359842e-14
2.210411072419633299e-14
2.124984506894074170e-14
