# bin_1_1
1.092337539650600910e-08
1.106294123025550963e-08
1.122081184071236854e-08
1.139841730017273804e-08
1.159711790450471055e-08
1.181832190859741954e-08
1.206346935819341268e-08
1.233412046995626596e-08
1.263143155066644304e-08
1.295517702375149640e-08
1.330337726601343453e-08
1.367277180134781583e-08
1.405822637959316338e-08
1.445128664944777692e-08
1.483836278116899688e-08
1.520357504192292151e-08
1.553315403322718377e-08
1.582151831140513449e-08
1.606583169089847615e-08
1.625081817214644585e-08
1.634046683703162465e-08
1.630354171994140826e-08
1.614653147354794867e-08
1.586723070300113847e-08
1.544104944304362526e-08
1.486027121849187817e-08
1.414205212548803557e-08
1.329601101437510594e-08
1.233243563937376480e-08
1.129010843482621821e-08
1.019255185001990785e-08
9.081271840762283681e-09
7.988441836837155503e-09
6.947970220275500459e-09
5.982494011944183353e-09
5.106955041528389624e-09
4.326092097527881142e-09
3.637095999994952285e-09
3.033941097927718083e-09
2.510824268034086591e-09
2.063496965716706695e-09
1.688131522932850535e-09
1.378911270011660785e-09
1.127225414066781854e-09
9.230833161855896620e-10
7.574157185674397256e-10
6.232250304007101894e-10
5.147418603354712000e-10
4.267114332257785984e-10
3.548340089911317821e-10
2.957146648779603094e-10
2.466489319640163509e-10
2.055485970482201722e-10
1.708284235194549431e-10
1.413087490433516274e-10
1.161236575257478740e-10
9.463924585915489724e-11
7.638470899268158072e-11
6.099323115777875484e-11
4.815665527172713127e-11
3.759356249752914147e-11
2.903092429734034545e-11
2.219770440498693089e-11
1.682748649641168224e-11
1.266619404363795205e-11
9.481008997847603381e-12
7.067442902630769665e-12
5.252816375029792391e-12
3.896419352611556313e-12
2.886794607601456100e-12
2.137528136177282277e-12
1.582615210762815739e-12
1.172130631061024910e-12
8.685756105014567297e-13
6.439780776644622964e-13
4.776813583523342706e-13
3.543975835265737133e-13
2.629460888195516111e-13
1.951153475540502762e-13
1.448388058877663908e-13
1.075467304330888922e-13
7.993867428002488084e-14
5.948132539294624300e-14
4.434874640042861034e-14
3.317252507709653627e-14
2.492809897081847229e-14
1.886390423853156258e-14
1.442791343998698533e-14
1.119417897462921031e-14
8.862405145586579281e-15
7.203595597996843679e-15
6.042401991190175913e-15
5.252446283136507274e-15
4.735969802787390663e-15
4.415522405019735694e-15
4.232492818894784333e-15
4.139340325271181061e-15
4.099239185319074589e-15
4.085851838781289955e-15
4.082699881259052652e-15
