# bin_2_1
7.860343681786789145e-09
7.967962846325759192e-09
8.090062518752467434e-09
8.227946499874177998e-09
8.382855600534725928e-09
8.556105255451016294e-09
8.749105604678667586e-09
8.963392576201517472e-09
9.200303328981452714e-09
9.460459293918209974e-09
9.742899309453105359e-09
1.004555217614843625e-08
1.036597194866730464e-08
1.070003810318665914e-08
1.103940935594054918e-08
1.137221285397470380e-08
1.168906026983549644e-08
1.198303270455746838e-08
1.225223110433132648e-08
1.249055732837803761e-08
1.267021971525852846e-08
1.276640096059811054e-08
1.277647604065948655e-08
1.269846975578371696e-08
1.251451728900272463e-08
1.221010260196220254e-08
1.178977943269309033e-08
1.125924221903269257e-08
1.061714701759488494e-08
9.886214474442496919e-09
9.081762472904786085e-09
8.230523955241690354e-09
7.359088363296305439e-09
6.496271993729682851e-09
5.666781203448190187e-09
4.891676843770680274e-09
4.184213125178745595e-09
3.550367810736610517e-09
2.989901379779801760e-09
2.498826874941377276e-09
2.072139005508884671e-09
1.705691863388030401e-09
1.396121011695842766e-09
1.139495304707412690e-09
9.299844716596923899e-10
7.600868972854493999e-10
6.223956541423479374e-10
5.108438689171463791e-10
4.206268359030200864e-10
3.476379604844451107e-10
2.882404809505096719e-10
2.395679334979506267e-10
1.993689670842852942e-10
1.658653245700253145e-10
1.377077275106592742e-10
1.138804127855863175e-10
9.363089520310014740e-11
7.640473995253085623e-11
6.178905637631277722e-11
4.946522756908544563e-11
3.917194585919095498e-11
3.067835260177625073e-11
2.376734441720283410e-11
1.822785323785330949e-11
1.385425225986789469e-11
1.045030386650871497e-11
7.834882182117698811e-12
5.847041288799396971e-12
4.349252038336538736e-12
3.228092819038368210e-12
2.392827644960332113e-12
1.772608149528547238e-12
1.313083147849215595e-12
9.730520227790327139e-13
7.215365303654153451e-13
5.354307786988840315e-13
3.975572736601852761e-13
2.952778774139126687e-13
2.193356572050224709e-13
1.629643393522130675e-13
1.210951958547677443e-13
9.002931233026438668e-14
6.697106849442035299e-14
4.988417784882748917e-14
3.722320793528584101e-14
2.785362534916616910e-14
2.093173841512959633e-14
1.583211968356986444e-14
1.209022681972631951e-14
9.358424048672047708e-15
7.379509620534922585e-15
5.963405095077861064e-15
4.966241996422371876e-15
4.280686503987070634e-15
3.825013749029668271e-15
3.536537634795027220e-15
3.365784105108998574e-15
3.274485682729327460e-15
3.232169562212715298e-15
3.216443545493827333e-15
