# d_a
0.000000000000000000e+00
4.415168226097294735e+01
8.714291997446450466e+01
1.290121024004303365e+02
1.697959290771153746e+02
2.095295025165729328e+02
2.482464149357740553e+02
2.859788294612905588e+02
3.227575562093135204e+02
3.586121236098171039e+02
3.935708453138026925e+02
4.276608829953090662e+02
4.609083053351249646e+02
4.933381434505488983e+02
5.249744430149324899e+02
5.558403132919358995e+02
5.859579732922419453e+02
6.153487952447188718e+02
6.440333455596531849e+02
6.720314234484546887e+02
6.993620973521419728e+02
7.260437393198121754e+02
7.520940574680804502e+02
7.775301266431057456e+02
8.023684173981758931e+02
8.266248233918846609e+02
8.503146873045918710e+02
8.734528253641215088e+02
8.960535505654002009e+02
9.181306946629858885e+02
9.396976290101088125e+02
9.607672843129333842e+02
9.813521693641766888e+02
1.001464388816010342e+03
1.021115660048251812e+03
1.040317329184230857e+03
1.059080386303339310e+03
1.077415479896151510e+03
1.095332930605091633e+03
1.112842744290930796e+03
1.129954624462860920e+03
1.146677984107585416e+03
1.163021956950645063e+03
1.178995408181204539e+03
1.194606944669593304e+03
1.209864924705154408e+03
1.224777467280291830e+03
1.239352460945050325e+03
1.253597572255152272e+03
1.267520253835031099e+03
1.281127752076170509e+03
1.294427114489851874e+03
1.307425196732332779e+03
1.320128669319414712e+03
1.332544024046411323e+03
1.344677580128609179e+03
1.356535490076449605e+03
1.368123745318875081e+03
1.379448181587519684e+03
1.390514484073714584e+03
1.401328192369632006e+03
1.411894705204233787e+03
1.422219284984147635e+03
1.432307062148997375e+03
1.442163039350227336e+03
1.451792095461953977e+03
1.461198989431920836e+03
1.470388363980201802e+03
1.479364749152891818e+03
1.488132565737624645e+03
1.496696128547413991e+03
1.505059649578954804e+03
1.513227241051213468e+03
1.521202918329816157e+03
1.528990602742466990e+03
1.536594124290356604e+03
1.544017224260260036e+03
1.551263557741786599e+03
1.558336696054004051e+03
1.565240129085470699e+03
1.571977267551465729e+03
1.578551445172055992e+03
1.584965920774421875e+03
1.591223880322714422e+03
1.597328438878545739e+03
1.603282642495059008e+03
1.609089470047371833e+03
1.614751835002080497e+03
1.620272587128325995e+03
1.625654514237120566e+03
1.630900343662233581e+03
1.636012743663272431e+03
1.640994325243900676e+03
1.645847643469801596e+03
1.650575198875968226e+03
1.655179438830200752e+03
1.659662758854511821e+03
1.664027503906085258e+03
1.668275969619330908e+03
1.672410403510530841e+03
1.676433006146475691e+03
1.680345932278465398e+03
1.684151291942939451e+03
1.687851151529981962e+03
1.691447534820877991e+03
1.694942423995833678e+03
1.698337760612945431e+03
1.701635446559438378e+03
1.704837344976154327e+03
1.707945281156235524e+03
1.710961043418893269e+03
1.713886383959124487e+03
1.716723019674205943e+03
1.719472632967741447e+03
1.722136872532031703e+03
1.724717354109477355e+03
1.727215661233719629e+03
1.729633345951177489e+03
1.731971929523623203e+03
1.734232903112407257e+03
1.736417728444918112e+03
1.738527838463847047e+03
1.740564637959795618e+03
1.742529504187748216e+03
1.744423787467909278e+03
1.746248811771389228e+03
1.748005875291197299e+03
1.749696250998992809e+03
1.751321187188017120e+03
1.752881908002623732e+03
1.754379613954800334e+03
1.755815482428066844e+03
1.757190668169119363e+03
1.758506303767572035e+03
1.759763500124144230e+03
1.760963346907616824e+03
1.762106913000883878e+03
1.763195246936400963e+03
1.764229377321330276e+03
1.765210313252670630e+03
1.766139044722642893e+03
1.767016543014606896e+03
1.767843761089760619e+03
1.768621633964878811e+03
1.769351079081324087e+03
1.770032996665574501e+03
1.770668270081482660e+03
1.771257766174495828e+03
1.771802335608040266e+03
1.772302813192280382e+03
1.772760018205447295e+03
1.773174754707934653e+03
1.773547811849340860e+03
1.773879964168644165e+03
1.774171971887685004e+03
1.774424581198120222e+03
1.774638524542024243e+03
1.774814520886283390e+03
1.774953275990950488e+03
1.775055482671705249e+03
1.775121821056562794e+03
1.775152958836980133e+03
1.775149551513491588e+03
1.775112242636008887e+03
1.775041664038919635e+03
1.774938436071101250e+03
1.774803167820984982e+03
1.774636457336777994e+03
1.774438891841968143e+03
1.774211047946217604e+03
1.773953491851760873e+03
1.773666779555407174e+03
1.773351457046257337e+03
1.773008060499232442e+03
1.772637116464512019e+03
1.772239142052981379e+03
1.771814645117774262e+03
1.771364124432009703e+03
1.770888069862803150e+03
1.770386962541644607e+03
1.769861275031222704e+03
1.769311471488777443e+03
1.768738007826063722e+03
1.768141331865997017e+03
1.767521883496064220e+03
1.766880094818564430e+03
1.766216390297759290e+03
1.765531186904000151e+03
1.764824894254892115e+03
1.764097914753577470e+03
1.763350643724186739e+03
1.762583469544531908e+03
1.761796773776095506e+03
1.760990931291381003e+03
1.760166310398681162e+03
1.759323272964319358e+03
1.758462174532423887e+03
1.757583364442282800e+03
1.756687185943342001e+03
1.755773976307888915e+03
1.754844066941476967e+03
1.753897783491139307e+03
1.752935445951439988e+03
1.751957368768410333e+03
1.750963860941413259e+03
1.749955226122983731e+03
1.748931762716687899e+03
1.747893763973041814e+03
1.746841518083535448e+03
1.745775308272797929e+03
1.744695412888947203e+03
1.743602105492160717e+03
1.742495654941506928e+03
1.741376325480074001e+03
1.740244376818429146e+03
1.739100064216450392e+03
1.737943638563557442e+03
1.736775346457382057e+03
1.735595430280905248e+03
1.734404128278099961e+03
1.733201674628103774e+03
1.731988299517956648e+03
1.730764229213933049e+03
1.729529686131499375e+03
1.728284888903918727e+03
1.727030052449541245e+03
1.725765388037799312e+03
1.724491103353937433e+03
1.723207402562502921e+03
1.721914486369624910e+03
1.720612552084101480e+03
1.719301793677325122e+03
1.717982401842067247e+03
1.716654564050146519e+03
1.715318464609002604e+03
1.713974284717199680e+03
1.712622202518878339e+03
1.711262393157183624e+03
1.709895028826680345e+03
1.708520278824786374e+03
1.707138309602238451e+03
1.705749284812608266e+03
1.704353365360895395e+03
1.702950709451206649e+03
1.701541472633548665e+03
1.700125807849745115e+03
1.698703865478499893e+03
1.697275793379622883e+03
1.695841736937433325e+03
1.694401839103359407e+03
1.692956240437749557e+03
1.691505079150909523e+03
1.690048491143384808e+03
1.688586610045497082e+03
1.687119567256156188e+03
1.685647491980957284e+03
1.684170511269579492e+03
1.682688750052501291e+03
1.681202331177040151e+03
1.679711375442736880e+03
1.678216001636095825e+03
1.676716326564688643e+03
1.675212465090640308e+03
1.673704530163507116e+03
1.672192632852557381e+03
1.670676882378468463e+03
1.669157386144451038e+03
1.667634249766810854e+03
1.666107577104959091e+03
1.664577470290883866e+03
1.663044029758091028e+03
1.661507354270025417e+03
1.659967540947983480e+03
1.658424685298525901e+03
1.656878881240400005e+03
1.655330221130981954e+03
1.653778795792248047e+03
1.652224694536283778e+03
1.650668005190338818e+03
1.649108814121438172e+03
1.647547206260557687e+03
1.645983265126370497e+03
1.644417072848574435e+03
1.642848710190809015e+03
1.641278256573165891e+03
1.639705790094307304e+03
1.638131387553191416e+03
1.636555124470419514e+03
1.634977075109208045e+03
1.633397312495995266e+03
1.631815908440684098e+03
1.630232933556536636e+03
1.628648457279718286e+03
1.627062547888503559e+03
1.625475272522148089e+03
1.623886697199432319e+03
1.622296886836885051e+03
1.620705905266691616e+03
1.619113815254290785e+03
1.617520678515669488e+03
1.615926555734360591e+03
1.614331506578145763e+03
1.612735589715473225e+03
1.611138862831591496e+03
1.609541382644410533e+03
1.607943204920086373e+03
1.606344384488343394e+03
1.604744975257533724e+03
1.603145030229438589e+03
1.601544601513820453e+03
1.599943740342725050e+03
1.598342497084542401e+03
1.596740921257827949e+03
1.595139061544891547e+03
1.593536965805154523e+03
1.591934681088283241e+03
1.590332253647098696e+03
1.588729728950272147e+03
1.587127151694802478e+03
1.585524565818288920e+03
1.583922014510994131e+03
1.582319540227706966e+03
1.580717184699406062e+03
1.579114988944729248e+03
1.577512993281250601e+03
1.575911237336569229e+03
1.574309760059215250e+03
1.572708599729372963e+03
1.571107793969425529e+03
1.569507379754327530e+03
1.567907393421800407e+03
1.566307870682366456e+03
1.564708846629209802e+03
1.563110355747879794e+03
1.561512431925832516e+03
1.559915108461815407e+03
1.558318418075097497e+03
1.556722392914547981e+03
1.555127064567566549e+03
1.553532464068867512e+03
1.551938621909118865e+03
1.550345568043442199e+03
1.548753331899772093e+03
1.547161942387080444e+03
1.545571427903467111e+03
1.543981816344117306e+03
1.542393135109132345e+03
1.540805411111230796e+03
1.539218670783327070e+03
1.537632940085986320e+03
1.536048244514758153e+03
1.534464609107393017e+03
1.532882058450943987e+03
1.531300616688748960e+03
1.529720307527307341e+03
1.528141154243039864e+03
1.526563179688944729e+03
1.524986406301144598e+03
1.523410856105329458e+03
1.521836550723095797e+03
1.520263511378186649e+03
1.518691758902629317e+03
1.517121313742776692e+03
1.515552195965253532e+03
1.513984425262805644e+03
1.512418020960058129e+03
1.510853002019181304e+03
1.509289387045468402e+03
1.507727194292822332e+03
1.506166441669158758e+03
1.504607146741720271e+03
1.503049326742311678e+03
1.501492998572447732e+03
1.499938178808422890e+03
1.498384883706300116e+03
1.496833129206822377e+03
1.495282930940245933e+03
1.493734304231099031e+03
1.492187264102865129e+03
1.490641825282593345e+03
1.489098002205436615e+03
1.487555809019120488e+03
1.486015259588339177e+03
1.484476367499086564e+03
1.482939146062917189e+03
1.481403608321143793e+03
1.479869767048966423e+03
1.478337634759539924e+03
1.476807223707978210e+03
1.475278545895295338e+03
1.473751613072286318e+03
1.472226436743348586e+03
1.470703028170243897e+03
1.469181398375802701e+03
1.467661558147570076e+03
1.466143518041398011e+03
1.464627288384980830e+03
1.463112879281335381e+03
1.461600300612231649e+03
1.460089562041566296e+03
1.458580673018686866e+03
