# d_l
0.000000000000000000e+00
4.503913107441849917e+01
9.066349394143287554e+01
1.368689394366165573e+02
1.836512768898080026e+02
2.310062765245216951e+02
2.789296718218357682e+02
3.274171618502315937e+02
3.764644135625433137e+02
4.260670640608237250e+02
4.762207228297012875e+02
5.269209739385204330e+02
5.781633782123808487e+02
6.299434753720057643e+02
6.822567861422064652e+02
7.350988143285850356e+02
7.884650488620407032e+02
8.423509658104956088e+02
8.967520303572609919e+02
9.516636987453566690e+02
1.007081420187084291e+03
1.063000638738137013e+03
1.119416795135490929e+03
1.176325328598354645e+03
1.233721678591435193e+03
1.291601286549819633e+03
1.349959597564770093e+03
1.408792062029791623e+03
1.468094137246351693e+03
1.527861288988674914e+03
1.588088993027083916e+03
1.648772736609425237e+03
1.709908019900141653e+03
1.771490357376640759e+03
1.833515279182641279e+03
1.895978332438261077e+03
1.958875082506655872e+03
2.022201114217086797e+03
2.085952033044336076e+03
2.150123466244507654e+03
2.214711063947207094e+03
2.279710500204291293e+03
2.345117473995280761e+03
2.410927710189744630e+03
2.477136960466868459e+03
2.543741004192586843e+03
2.610735649254670079e+03
2.678116732856159160e+03
2.745880122267685238e+03
2.814021715539152410e+03
2.882537442171383645e+03
2.951423263748311001e+03
3.020675174530381810e+03
3.090289202009817927e+03
3.160261407428469283e+03
3.230587886258983417e+03
3.301264768650048154e+03
3.372288219836495500e+03
3.443654440515084389e+03
3.515359667186757179e+03
3.587400172466258027e+03
3.659772265359893936e+03
3.732472291512397987e+03
3.805496633423670573e+03
3.878841710636372227e+03
3.952503979895169778e+03
4.026479935278601715e+03
4.100766108304384034e+03
4.175359068009121984e+03
4.250255421003229458e+03
4.325451811502027340e+03
4.400944921333822094e+03
4.476731469925909551e+03
4.552808214269306518e+03
4.629171948863093348e+03
4.705819505639216914e+03
4.782747753868581640e+03
4.859953600049243505e+03
4.937433987777506445e+03
5.015185897602756995e+03
5.093206346866749300e+03
5.171492389528172680e+03
5.250041115973195701e+03
5.328849652812738896e+03
5.407915162667203731e+03
5.487234843939339953e+03
5.566805930575887032e+03
5.646625691818775522e+03
5.726691431946353987e+03
5.807000490306419124e+03
5.887550240620663317e+03
5.968338090157984880e+03
6.049361480579114868e+03
6.130617887160665305e+03
6.212104818489594436e+03
6.293819816151839404e+03
6.375760454415491949e+03
6.457924339909125592e+03
6.540309111295625371e+03
6.622912438942053086e+03
6.705732024585902764e+03
6.788765600998226546e+03
6.872010931643970252e+03
6.955465810339905147e+03
7.039128060910566091e+03
7.122995536842489855e+03
7.207066120937096457e+03
7.291337724962539141e+03
7.375808289304834943e+03
7.460475782618551420e+03
7.545338201477319672e+03
7.630393570024420114e+03
7.715639939623752070e+03
7.801075388511345409e+03
7.886698021447692554e+03
7.972505969371060928e+03
8.058497389052043218e+03
8.144670462749499166e+03
8.231023397868064421e+03
8.317554426617416539e+03
8.404261805673404524e+03
8.491143815841274773e+03
8.578198761721054325e+03
8.665424971375252426e+03
8.752820795998983158e+03
8.840384609592658308e+03
8.928114808637317765e+03
9.016009811772710236e+03
9.104068059478189753e+03
9.192288013756558939e+03
9.280668157820891793e+03
9.369206995784408718e+03
9.457903052353469320e+03
9.546754872523772065e+03
9.635761021279762645e+03
9.724920083297314704e+03
9.814230662649724763e+03
9.903691382517070451e+03
9.993300884898942968e+03
1.008305783033058106e+04
1.017296089760242467e+04
1.026300878348313927e+04
1.035320020244607440e+04
1.044353388639920922e+04
1.053400858441857054e+04
1.062462306248511231e+04
1.071537610322510045e+04
1.080626650565397904e+04
1.089729308492369091e+04
1.098845467207345973e+04
1.107975011378404633e+04
1.117117827213545752e+04
1.126273802436805454e+04
1.135442826264707764e+04
1.144624789383058851e+04
1.153819583924077597e+04
1.163027103443861051e+04
1.172247242900181482e+04
1.181479898630616481e+04
1.190724968331006494e+04
1.199982351034236490e+04
1.209251947089339592e+04
1.218533658140921216e+04
1.227827387108900984e+04
1.237133038168565508e+04
1.246450516730931122e+04
1.255779729423416211e+04
1.265120584070815676e+04
1.274472989676574798e+04
1.283836856404362516e+04
1.293212095559933914e+04
1.302598619573286669e+04
1.311996341981102887e+04
1.321405177409473072e+04
1.330825041556897304e+04
1.340255851177567092e+04
1.349697524064915524e+04
1.359149979035436809e+04
1.368613135912769030e+04
1.378086915512041560e+04
1.387571239624478403e+04
1.397066031002253476e+04
1.406571213343599084e+04
1.416086711278158509e+04
1.425612450352585256e+04
1.435148357016378941e+04
1.444694358607955655e+04
1.454250383340955887e+04
1.463816360290777629e+04
1.473392219381335599e+04
1.482977891372041449e+04
1.492573307845005183e+04
1.502178401192449928e+04
1.511793104604337532e+04
1.521417352056203890e+04
1.531051078297199274e+04
1.540694218838328379e+04
1.550346709940893015e+04
1.560008488605125422e+04
1.569679492559016035e+04
1.579359660247329339e+04
1.589048930820807436e+04
1.598747244125551333e+04
1.608454540692590126e+04
1.618170761727616627e+04
1.627895849100905434e+04
1.637629745337397981e+04
1.647372393606952028e+04
1.657123737714765230e+04
1.666883722091950040e+04
1.676652291786278511e+04
1.686429392453072433e+04
1.696214970346260816e+04
1.706008972309573437e+04
1.715811345767898456e+04
1.725622038718772819e+04
1.735440999724026187e+04
1.745268177901558374e+04
1.755103522917262671e+04
1.764946984977077227e+04
1.774798514819178308e+04
1.784658063706297617e+04
1.794525583418174574e+04
1.804401026244131936e+04
1.814284344975778004e+04
1.824175492899828168e+04
1.834074423791051959e+04
1.843981091905331778e+04
1.853895451972843512e+04
1.863817459191345915e+04
1.873747069219586774e+04
1.883684238170814206e+04
1.893628922606400010e+04
1.903581079529567069e+04
1.913540666379218601e+04
1.923507641023877295e+04
1.933481961755712837e+04
1.943463587284681853e+04
1.953452476732752621e+04
1.963448589628232730e+04
1.973451885900187699e+04
1.983462325872949441e+04
1.993479870260717507e+04
2.003504480162250184e+04
2.013536117055635987e+04
2.023574742793159385e+04
2.033620319596241097e+04
2.043672810050470434e+04
2.053732177100709305e+04
2.063798384046282808e+04
2.073871394536242951e+04
2.083951172564712397e+04
2.094037682466299520e+04
2.104130888911593865e+04
2.114230756902724897e+04
2.124337251769001887e+04
2.134450339162614546e+04
2.144569985054412246e+04
2.154696155729741804e+04
2.164828817784353669e+04
2.174967938120380495e+04
2.185113483942367748e+04
2.195265422753378880e+04
2.205423722351151446e+04
2.215588350824324516e+04
2.225759276548714479e+04
2.235936468183661054e+04
2.246119894668419875e+04
2.256309525218620183e+04
2.266505329322770194e+04
2.276707276738826840e+04
2.286915337490805541e+04
2.297129481865457637e+04
2.307349680408986387e+04
2.317575903923822261e+04
2.327808123465443350e+04
2.338046310339248885e+04
2.348290436097474594e+04
2.358540472536164089e+04
2.368796391692175166e+04
2.379058165840245783e+04
2.389325767490090584e+04
2.399599169383553453e+04
2.409878344491795724e+04
2.420163266012527311e+04
2.430453907367287320e+04
2.440750242198752676e+04
2.451052244368102765e+04
2.461359887952406280e+04
2.471673147242065170e+04
2.481991996738280432e+04
2.492316411150568820e+04
2.502646365394306122e+04
2.512981834588314814e+04
2.523322794052481549e+04
2.533669219305414299e+04
2.544021086062129689e+04
2.554378370231780355e+04
2.564741047915406671e+04
2.575109095403731044e+04
2.585482489174976945e+04
2.595861205892723956e+04
2.606245222403792650e+04
2.616634515736160029e+04
2.627029063096901154e+04
2.637428841870172619e+04
2.647833829615206560e+04
2.658244004064352339e+04
2.668659343121132770e+04
2.679079824858333814e+04
2.689505427516120471e+04
2.699936129500179231e+04
2.710371909379887438e+04
2.720812745886505581e+04
2.731258617911403053e+04
2.741709504504296274e+04
2.752165384871523565e+04
2.762626238374338573e+04
2.773092044527226608e+04
2.783562782996245733e+04
2.794038433597393669e+04
2.804518976294989989e+04
2.815004391200091050e+04
2.825494658568915474e+04
2.835989758801301286e+04
2.846489672439177957e+04
2.856994380165061011e+04
2.867503862800567731e+04
2.878018101304952870e+04
2.888537076773661829e+04
2.899060770436910025e+04
2.909589163658271355e+04
2.920122237933296856e+04
2.930659974888142096e+04
2.941202356278221123e+04
2.951749363986869866e+04
2.962300980024036471e+04
2.972857186524983263e+04
2.983417965749002178e+04
2.993983300078162938e+04
3.004553172016054668e+04
3.015127564186567179e+04
3.025706459332670784e+04
3.036289840315221227e+04
3.046877690111778429e+04
3.057469991815438698e+04
3.068066728633681487e+04
3.078667883887240168e+04
3.089273441008969530e+04
3.099883383542749652e+04
3.110497695142385055e+04
3.121116359570528221e+04
3.131739360697615848e+04
3.142366682500815295e+04
3.152998309062984845e+04
3.163634224571653976e+04
3.174274413318005099e+04
3.184918859695878200e+04
3.195567548200783131e+04
3.206220463428925359e+04
3.216877590076242632e+04
3.227538912937455825e+04
3.238204416905132166e+04
3.248874086968754273e+04
3.259547908213810661e+04
3.270225865820886247e+04
3.280907945064773230e+04
3.291594131313591788e+04
3.302284410027910781e+04
3.312978766759897553e+04
3.323677187152460101e+04
3.334379656938411790e+04
3.345086161939642625e+04
3.355796688066297065e+04
3.366511221315967123e+04
3.377229747772893461e+04
3.387952253607171588e+04
3.398678725073976966e+04
3.409409148512790853e+04
3.420143510346634866e+04
3.430881797081327386e+04
3.441623995304728305e+04
3.452370091686013620e+04
3.463120072974944196e+04
3.473873926001146901e+04
3.484631637673410296e+04
3.495393194978975953e+04
3.506158584982853790e+04
3.516927794827127946e+04
3.527700811730289570e+04
3.538477622986560164e+04
3.549258215965232375e+04
3.560042578110019531e+04
3.570830696938404435e+04
3.581622560041003453e+04
3.592418155080935685e+04
3.603217469793194323e+04
3.614020491984034743e+04
3.624827209530359687e+04
3.635637610379120451e+04
3.646451682546717348e+04
