# d_m
0.000000000000000000e+00
4.459319908358267526e+01
8.888577837395379788e+01
1.328824654724432435e+02
1.765877662401999828e+02
2.200059776424016036e+02
2.631411998319205168e+02
3.059973475235809133e+02
3.485781607060586111e+02
3.908872147347006489e+02
4.329279298451829732e+02
4.747035801247931204e+02
5.162173019753399785e+02
5.574721020991202067e+02
5.984708650370231453e+02
6.392163602857261822e+02
6.797112490190006611e+02
7.199580904363210720e+02
7.599593477603907559e+02
7.997173939036611046e+02
8.392345168225702992e+02
8.785129245769727504e+02
9.175547501110581834e+02
9.563620557710200956e+02
9.949368375737381029e+02
1.033281029239855798e+03
1.071396506003785817e+03
1.109285088212434403e+03
1.146948544723712303e+03
1.184388596115251858e+03
1.221606917713141456e+03
1.258605142449942832e+03
1.295384863560713256e+03
1.331947637125293795e+03
1.368294984464657546e+03
1.404428394398711816e+03
1.440349325372541216e+03
1.476059207457727553e+03
1.511559444235026376e+03
1.546851414564393963e+03
1.581936474248005197e+03
1.616815957591695678e+03
1.651491178869915984e+03
1.685963433699122334e+03
1.720234000324214321e+03
1.754304140822473755e+03
1.788175102229226013e+03
1.821848117589224103e+03
1.855324406937625326e+03
1.888605178214196258e+03
1.921691628114255764e+03
1.954584942879676191e+03
1.987286299033145951e+03
2.019796864058704386e+03
2.052117797031473401e+03
2.084250249199344125e+03
2.116195364519261602e+03
2.147954280150634077e+03
2.179528126908281138e+03
2.210918029677206050e+03
2.242125107791411210e+03
2.273150475378816282e+03
2.303995241674319459e+03
2.334660511302865416e+03
2.365147384534373032e+03
2.395456957512224108e+03
2.425590322456988815e+03
2.455548567846936749e+03
2.485332778576858345e+03
2.514944036096585478e+03
2.544383418530604104e+03
2.573652000780012713e+03
2.602750854608087138e+03
2.631681048710581763e+03
2.660443648771892640e+03
2.689039717508123886e+03
2.717470314698057791e+03
2.745736497202962255e+03
2.773839318976127288e+03
2.801779831062992798e+03
2.829559081592638449e+03
2.857178115761421395e+03
2.884637975809448108e+03
2.911939700990567417e+03
2.939084327536524142e+03
2.966072888615859483e+03
2.992906414288111591e+03
3.019585931453890680e+03
3.046112463801252488e+03
3.072487031908157860e+03
3.098710652958243827e+03
3.124784340396850439e+03
3.150709104468289297e+03
3.176485951896717324e+03
3.202115885819378491e+03
3.227599905718891932e+03
3.252939007354842943e+03
3.278134182694987885e+03
3.303186419846275385e+03
3.328096702985956199e+03
3.352866012292951382e+03
3.377495323879715215e+03
3.401985609724737515e+03
3.426337837605864024e+03
3.450552971034591337e+03
3.474631969191458666e+03
3.498575786862667883e+03
3.522385374378037795e+03
3.546061677550401328e+03
3.569605637616532022e+03
3.593018191179675796e+03
3.616300270153752990e+03
3.639452801709316645e+03
3.662476708221289300e+03
3.685372907218547880e+03
3.708142311335376689e+03
3.730785828264834436e+03
3.753304360714054837e+03
3.775698806361498100e+03
3.797970057816171902e+03
3.820119002578820073e+03
3.842146523005101699e+03
3.864053496270745654e+03
3.885840794338678279e+03
3.907509283928117384e+03
3.929059826485625763e+03
3.950493278158105568e+03
3.971810489767713534e+03
3.993012306788679325e+03
4.014099569326008350e+03
4.035073112096040404e+03
4.055933764408834577e+03
4.076682350152357230e+03
4.097319687778443040e+03
4.117846590290497261e+03
4.138263865232899661e+03
4.158572314682086471e+03
4.178772735239270332e+03
4.198865918024765961e+03
4.218852648673882868e+03
4.238733707334343308e+03
4.258509868665202703e+03
4.278181901837220721e+03
4.297750570534654798e+03
4.317216632958430637e+03
4.336580841830657846e+03
4.355843944400447072e+03
4.375006682451004053e+03
4.394069792307939679e+03
4.413034004848778750e+03
4.431900045513618352e+03
4.450668634316915814e+03
4.469340485860338958e+03
4.487916309346670459e+03
4.506396808594719914e+03
4.524782682055206351e+03
4.543074622827582061e+03
4.561273318677748648e+03
4.579379452056652553e+03
4.597393700119716414e+03
4.615316734747063492e+03
4.633149222564518823e+03
4.650891824965347951e+03
4.668545198132703263e+03
4.686109993062747890e+03
4.703586855588418985e+03
4.720976426403820369e+03
4.738279341089197260e+03
4.755496230136473969e+03
4.772627718975325479e+03
4.789674427999754698e+03
4.806636972595153566e+03
4.823515963165819812e+03
4.840312005162904825e+03
4.857025699112763505e+03
4.873657640645698848e+03
4.890208420525056681e+03
4.906678624676666914e+03
4.923068834218593111e+03
4.939379625491188563e+03
4.955611570087423388e+03
4.971765234883464473e+03
4.987841182069500064e+03
5.003839969180771732e+03
5.019762149128821875e+03
5.035608270232908581e+03
5.051378876251592374e+03
5.067074506414480311e+03
5.082695695454089218e+03
5.098242973637838986e+03
5.113716866800142270e+03
5.129117896374587872e+03
5.144446579426198696e+03
5.159703428683746097e+03
5.174888952572122435e+03
5.190003655244742731e+03
5.205048036615974524e+03
5.220022592393579544e+03
5.234927814111159023e+03
5.249764189160588103e+03
5.264532200824431129e+03
5.279232328308329670e+03
5.293865046773348695e+03
5.308430827368283644e+03
5.322930137261896562e+03
5.337363439675100381e+03
5.351731193913064999e+03
5.366033855397237858e+03
5.380271875697289033e+03
5.394445702562945371e+03
5.408555779955736398e+03
5.422602548080619272e+03
5.436586443417501869e+03
5.450507898752631263e+03
5.464367343209867613e+03
5.478165202281818893e+03
5.491901897860841927e+03
5.505577848269900642e+03
5.519193468293278784e+03
5.532749169207138948e+03
5.546245358809932441e+03
5.559682441452640887e+03
5.573060818068865046e+03
5.586380886204742637e+03
5.599643040048697003e+03
5.612847670461009329e+03
5.625995165003226248e+03
5.639085907967375533e+03
5.652120280405009908e+03
5.665098660156066217e+03
5.678021421877535431e+03
5.690888937071946202e+03
5.703701574115662879e+03
5.716459698286987987e+03
5.729163671794068250e+03
5.741813853802618723e+03
5.754410600463431365e+03
5.766954264939708992e+03
5.779445197434179136e+03
5.791883745216026000e+03
5.804270252647610505e+03
5.816605061210994791e+03
5.828888509534262084e+03
5.841120933417639208e+03
5.853302665859407171e+03
5.865434037081620772e+03
5.877515374555609924e+03
5.889547003027291794e+03
5.901529244542268316e+03
5.913462418470724515e+03
5.925346841532123108e+03
5.937182827819692648e+03
5.948970688824714671e+03
5.960710733460605297e+03
5.972403268086793105e+03
5.984048596532398733e+03
5.995647020119703484e+03
6.007198837687429659e+03
6.018704345613803525e+03
6.030163837839425469e+03
6.041577605889945517e+03
6.052945938898526038e+03
6.064269123628117995e+03
6.075547444493530747e+03
6.086781183583309030e+03
6.097970620681409855e+03
6.109116033288691142e+03
6.120217696644195712e+03
6.131275883746249747e+03
6.142290865373361157e+03
6.153262910104936964e+03
6.164192284341794220e+03
6.175079252326499045e+03
6.185924076163501923e+03
6.196727015839096566e+03
6.207488329241182328e+03
6.218208272178852894e+03
6.228887098401789444e+03
6.239525059619480999e+03
6.250122405520251050e+03
6.260679383790119573e+03
6.271196240131471313e+03
6.281673218281554000e+03
6.292110560030798297e+03
6.302508505240956765e+03
6.312867291863083665e+03
6.323187155955318303e+03
6.333468331700523777e+03
6.343711051423727440e+03
6.353915545609422225e+03
6.364082042918667867e+03
6.374210770206058442e+03
6.384301952536495264e+03
6.394355813201818819e+03
6.404372573737263338e+03
6.414352453937757673e+03
6.424295671874065192e+03
6.434202443908766327e+03
6.444072984712077414e+03
6.453907507277521290e+03
6.463706222937442362e+03
6.473469341378364334e+03
6.483197070656201504e+03
6.492889617211314544e+03
6.502547185883418933e+03
6.512169979926350607e+03
6.521758201022675166e+03
6.531312049298162492e+03
6.540831723336109462e+03
6.550317420191525343e+03
6.559769335405172569e+03
6.569187663017468367e+03
6.578572595582250869e+03
6.587924324180401527e+03
6.597243038433340189e+03
6.606528926516375577e+03
6.615782175171931158e+03
6.625002969722634589e+03
6.634191494084274382e+03
6.643347930778630143e+03
6.652472460946175488e+03
6.661565264358646345e+03
6.670626519431494671e+03
6.679656403236205733e+03
6.688655091512502622e+03
6.697622758680418883e+03
6.706559577852256552e+03
6.715465720844421412e+03
6.724341358189141829e+03
6.733186659146064812e+03
6.742001791713742932e+03
6.750786922641000274e+03
6.759542217438186526e+03
6.768267840388319200e+03
6.776963954558113073e+03
6.785630721808896851e+03
6.794268302807424334e+03
6.802876857036574620e+03
6.811456542805941353e+03
6.820007517262329202e+03
6.828529936400123916e+03
6.837023955071580531e+03
6.845489726996992431e+03
6.853927404774765819e+03
6.862337139891393235e+03
6.870719082731322487e+03
6.879073382586730077e+03
6.887400187667202772e+03
6.895699645109306402e+03
6.903971900986079163e+03
6.912217100316411234e+03
6.920435387074342543e+03
6.928626904198265947e+03
6.936791793600033088e+03
6.944930196173975673e+03
6.953042251805832166e+03
6.961128099381588981e+03
6.969187876796231649e+03
6.977221720962408654e+03
6.985229767819009794e+03
6.993212152339658132e+03
7.001169008541120093e+03
7.009100469491628246e+03
7.017006667319124062e+03
7.024887733219418806e+03
7.032743797464270756e+03
7.040574989409385125e+03
7.048381437502337576e+03
7.056163269290408607e+03
7.063920611428353368e+03
7.071653589686085070e+03
7.079362328956288366e+03
7.087046953261954513e+03
7.094707585763841053e+03
7.102344348767863266e+03
7.109957363732406520e+03
7.117546751275570386e+03
7.125112631182341829e+03
7.132655122411695629e+03
7.140174343103622050e+03
7.147670410586097205e+03
7.155143441381970661e+03
7.162593551215795742e+03
7.170020855020587987e+03
7.177425466944519030e+03
7.184807500357546814e+03
7.192167067857975780e+03
7.199504281278959752e+03
7.206819251694933882e+03
7.214112089427994761e+03
7.221382904054203209e+03
7.228631804409841607e+03
7.235858898597600273e+03
7.243064293992706553e+03
7.250248097248995691e+03
7.257410414304920778e+03
7.264551350389504478e+03
7.271671010028238015e+03
7.278769497048914673e+03
7.285846914587415995e+03
7.292903365093434331e+03
