# d_v
0.000000000000000000e+00
4.454276975001854311e+01
8.868597959550294263e+01
1.324370799522255879e+02
1.758031049986675782e+02
2.187906998859103851e+02
2.614061462011200092e+02
3.036553858091554048e+02
3.455440431863214030e+02
3.870774463507360110e+02
4.282606464851900228e+02
4.690984363405435715e+02
5.095953675006545041e+02
5.497557665834035561e+02
5.895837504465588381e+02
6.290832404619214913e+02
6.682579759164013922e+02
7.071115265942534052e+02
7.456473045907519008e+02
7.838685754039101994e+02
8.217784683475458678e+02
8.593799863259554286e+02
8.966760150076805758e+02
9.336693314333180069e+02
9.703626120899904208e+02
1.006758440482968354e+03
1.042859314232965517e+03
1.078667651725839278e+03
1.114185798339761959e+03
1.149416032273403744e+03
1.184360569997261109e+03
1.219021571348960379e+03
1.253401144292162371e+03
1.287501349357577510e+03
1.321324203783563917e+03
1.354871685372826732e+03
1.388145736080825827e+03
1.421148265350685733e+03
1.453881153208595151e+03
1.486346253132987158e+03
1.518545394710072969e+03
1.550480386087698889e+03
1.582153016238853070e+03
1.613565057045628919e+03
1.644718265213870382e+03
1.675614384028254108e+03
1.706255144957083530e+03
1.736642269115588988e+03
1.766777468596147401e+03
1.796662447673382076e+03
1.826298903891752616e+03
1.855688529042855407e+03
1.884833010039317742e+03
1.913734029691826663e+03
1.942393267395517114e+03
1.970812399731651567e+03
1.998993100990204084e+03
2.026937043618718690e+03
2.054645898602517718e+03
2.082121335781092512e+03
2.109365024105275097e+03
2.136378631839518221e+03
2.163163826713448543e+03
2.189722276026569943e+03
2.216055646709854500e+03
2.242165605347714973e+03
2.268053818163684355e+03
2.293721950972942523e+03
2.319171669104657667e+03
2.344404637296936016e+03
2.369422519567029667e+03
2.394226979059271343e+03
2.418819677873102592e+03
2.443202276873370920e+03
2.467376435484975445e+03
2.491343811473801907e+03
2.515106060715753756e+03
2.538664836955592364e+03
2.562021791557157940e+03
2.585178573246475025e+03
2.608136827849100882e+03
2.630898198023021450e+03
2.653464322988274944e+03
2.675836838254412669e+03
2.698017375346822973e+03
2.720007561532862383e+03
2.741809019548649758e+03
2.763423367327349297e+03
2.784852217729642689e+03
2.806097193048715326e+03
2.827159866084838086e+03
2.848041847241488085e+03
2.868744726460438415e+03
2.889270087317803245e+03
2.909619506779793028e+03
2.929794554964202689e+03
2.949796794907945241e+03
2.969627782340911381e+03
2.989289065466386546e+03
3.008782184748239160e+03
3.028108672705030131e+03
3.047270053711214587e+03
3.066267843805524080e+03
3.085103550506622469e+03
3.103778672636114152e+03
3.122294700148918764e+03
3.140653113971055063e+03
3.158855385844823559e+03
3.176902978181371964e+03
3.194797343920618914e+03
3.212539926398474563e+03
3.230132159221307120e+03
3.247575466147580755e+03
3.264871260976578924e+03
3.282020947444116700e+03
3.299025919125138444e+03
3.315887559343094836e+03
3.332607241085973328e+03
3.349186326928859671e+03
3.365626168962901374e+03
3.381928108730528038e+03
3.398093477166805769e+03
3.414123594546761069e+03
3.430019770438547312e+03
3.445783303662291019e+03
3.461415482254471954e+03
3.476917583437684698e+03
3.492290873595634366e+03
3.507536608253198665e+03
3.522656032061418045e+03
3.537650378787249792e+03
3.552520871307938251e+03
3.567268721609847034e+03
3.581895130791597694e+03
3.596401289071381598e+03
3.610788375798269044e+03
3.625057559467392821e+03
3.639209997738856146e+03
3.653246837460208553e+03
3.667169214692372407e+03
3.680978254738858595e+03
3.694675072178150913e+03
3.708260770899125419e+03
3.721736444139363357e+03
3.735103174526238490e+03
3.748362034120659700e+03
3.761514084463324707e+03
3.774560376623397133e+03
3.787501951249456397e+03
3.800339838622636762e+03
3.813075058711821384e+03
3.825708621230800873e+03
3.838241525697284942e+03
3.850674761493653477e+03
3.863009307929372881e+03
3.875246134304959469e+03
3.887386199977406250e+03
3.899430454426982578e+03
3.911379837325311655e+03
3.923235278604659015e+03
3.934997698528318324e+03
3.946668007762053549e+03
3.958247107446485188e+03
3.969735889270370990e+03
3.981135235544699754e+03
3.992446019277521373e+03
4.003669104249466272e+03
4.014805345089867842e+03
4.025855587353442388e+03
4.036820667597457032e+03
4.047701413459333708e+03
4.058498643734627876e+03
4.069213168455339655e+03
4.079845788968493252e+03
4.090397298014941498e+03
4.100868479808355914e+03
4.111260110114343661e+03
4.121572956329652698e+03
4.131807777561438343e+03
4.141965324706519823e+03
4.152046340530630914e+03
4.162051559747585998e+03
4.171981709098357896e+03
4.181837507430021105e+03
4.191619665774534042e+03
4.201328887427320296e+03
4.210965868025638883e+03
4.220531295626698920e+03
4.230025850785496914e+03
4.239450206632364825e+03
4.248805028950185260e+03
4.258090976251271059e+03
4.267308699853876533e+03
4.276458843958322177e+03
4.285542045722716466e+03
4.294558935338263836e+03
4.303510136104127923e+03
4.312396264501845508e+03
4.321217930269273893e+03
4.329975736474053519e+03
4.338670279586587640e+03
4.347302149552506307e+03
4.355871929864611957e+03
4.364380197634316573e+03
4.372827523662518615e+03
4.381214472509955158e+03
4.389541602566990150e+03
4.397809466122840604e+03
4.406018609434245263e+03
4.414169572793555744e+03
4.422262890596241050e+03
4.430299091407819105e+03
4.438278698030191663e+03
4.446202227567394402e+03
4.454070191490743127e+03
4.461883095703382423e+03
4.469641440604241325e+03
4.477345721151369617e+03
4.484996426924684783e+03
4.492594042188104140e+03
4.500139045951066691e+03
4.507631912029451996e+03
4.515073109105890580e+03
4.522463100789462260e+03
4.529802345674787830e+03
4.537091297400516851e+03
4.544330404707203343e+03
4.551520111494581215e+03
4.558660856878233062e+03
4.565753075245658692e+03
4.572797196311747030e+03
4.579793645173637742e+03
4.586742842365007164e+03
4.593645203909743941e+03
4.600501141375045336e+03
4.607311061923918714e+03
4.614075368367109149e+03
4.620794459214436756e+03
4.627468728725559231e+03
4.634098566960165044e+03
4.640684359827592743e+03
4.647226489135882730e+03
4.653725332640267879e+03
4.660181264091110279e+03
4.666594653281274077e+03
4.672965866092957185e+03
4.679295264543967278e+03
4.685583206833471195e+03
4.691830047387189552e+03
4.698036136902066573e+03
4.704201822390416964e+03
4.710327447223540730e+03
4.716413351174817763e+03
4.722459870462294020e+03
4.728467337790760212e+03
4.734436082393310244e+03
4.740366430072414914e+03
4.746258703240497198e+03
4.752113220960007311e+03
4.757930298983017565e+03
4.763710249790345188e+03
4.769453382630178567e+03
4.775160003556251468e+03
4.780830415465534315e+03
4.786464918135481639e+03
4.792063808260798396e+03
4.797627379489782470e+03
4.803155922460191505e+03
4.808649724834689550e+03
4.814109071335844419e+03
4.819534243780691213e+03
4.824925521114875664e+03
4.830283179446364556e+03
4.835607492078746873e+03
4.840898729544112939e+03
4.846157159635527933e+03
4.851383047439102484e+03
4.856576655365656734e+03
4.861738243181997859e+03
4.866868068041803781e+03
4.871966384516112157e+03
4.877033444623443756e+03
4.882069497859533840e+03
4.887074791226703383e+03
4.892049569262846489e+03
4.896994074070076749e+03
4.901908545342989783e+03
4.906793220396587458e+03
4.911648334193846495e+03
4.916474119372939640e+03
4.921270806274112147e+03
4.926038622966230832e+03
4.930777795272983894e+03
4.935488546798766038e+03
4.940171098954227091e+03
4.944825670981505937e+03
4.949452479979143391e+03
4.954051740926683124e+03
4.958623666708959718e+03
4.963168468140090226e+03
4.967686353987150142e+03
4.972177530993563778e+03
4.976642203902194524e+03
4.981080575478145875e+03
4.985492846531272335e+03
4.989879215938415655e+03
4.994239880665350938e+03
4.998575035788469904e+03
5.002884874516173113e+03
5.007169588210013899e+03
5.011429366405565816e+03
5.015664396833024512e+03
5.019874865437564949e+03
5.024060956399425777e+03
5.028222852153756321e+03
5.032360733410208923e+03
5.036474779172288436e+03
5.040565166756451617e+03
5.044632071810979141e+03
5.048675668334603870e+03
5.052696128694908111e+03
5.056693623646492597e+03
5.060668322348918082e+03
5.064620392384418665e+03
5.068549999775405922e+03
5.072457309001739304e+03
5.076342483017791892e+03
5.080205683269305155e+03
5.084047069710024516e+03
5.087866800818143020e+03
5.091665033612520347e+03
5.095441923668720847e+03
5.099197625134844202e+03
5.102932290747154184e+03
5.106646071845527331e+03
5.110339118388696988e+03
5.114011578969319089e+03
5.117663600828849667e+03
5.121295329872231378e+03
5.124906910682411763e+03
5.128498486534669610e+03
5.132070199410781242e+03
5.135622190012991268e+03
5.139154597777832350e+03
5.142667560889764900e+03
5.146161216294650330e+03
5.149635699713060603e+03
5.153091145653425883e+03
5.156527687425021213e+03
5.159945457150795846e+03
5.163344585780037050e+03
5.166725203100898398e+03
5.170087437752753431e+03
5.173431417238418362e+03
5.176757267936216522e+03
5.180065115111894556e+03
5.183355082930398567e+03
5.186627294467513821e+03
5.189881871721346215e+03
5.193118935623683683e+03
5.196338606051212082e+03
5.199541001836593750e+03
5.202726240779415093e+03
5.205894439657006842e+03
5.209045714235129708e+03
5.212180179278528158e+03
5.215297948561367775e+03
5.218399134877541655e+03
5.221483850050850378e+03
5.224552204945071026e+03
5.227604309473890680e+03
5.230640272610738975e+03
5.233660202398490583e+03
5.236664205959058563e+03
5.239652389502872211e+03
5.242624858338240301e+03
5.245581716880611566e+03
5.248523068661712387e+03
5.251449016338592628e+03
5.254359661702549602e+03
5.257255105687957439e+03
5.260135448380987327e+03
5.263000789028229519e+03
5.265851226045208023e+03
5.268686857024800702e+03
5.271507778745559335e+03
5.274314087179932358e+03
5.277105877502392104e+03
5.279883244097463830e+03
5.282646280567671965e+03
5.285395079741373593e+03
5.288129733680524623e+03
5.290850333688339560e+03
5.293556970316872139e+03
5.296249733374495918e+03
5.298928711933316663e+03
5.301593994336481956e+03
5.304245668205414404e+03
5.306883820446963000e+03
5.309508537260473531e+03
5.312119904144764405e+03
