# f_ap
0.000000000000000000e+00
1.003400312726301404e-02
2.013547749476593540e-02
3.030368876050836685e-02
4.053798956082828309e-02
5.083781477620306910e-02
6.120267699996325556e-02
7.163216220159115966e-02
8.212592557663520032e-02
9.268368757560123405e-02
1.033052301045234711e-01
1.139903928902246677e-01
1.247390700035902189e-01
1.355512065344729733e-01
1.464267954121260817e-01
1.573658743653323089e-01
1.683685230166605540e-01
1.794348601055152925e-01
1.905650408348915636e-01
2.017592543369598479e-01
2.130177212528217567e-01
2.243406914219791826e-01
2.357284416772424673e-01
2.471812737409933847e-01
2.586995122188805452e-01
2.702835026871939772e-01
2.819336098703106863e-01
2.936502159047565952e-01
3.054337186865643816e-01
3.172845302987326033e-01
3.292030755157214772e-01
3.411897903820361178e-01
3.532451208620547844e-01
3.653695215583726563e-01
3.775634544960219663e-01
3.898273879700360767e-01
4.021617954539061790e-01
4.145671545665689517e-01
4.270439460956477751e-01
4.395926530747478189e-01
4.522137599126734298e-01
4.649077515725265064e-01
4.776751127986861301e-01
4.905163273897653053e-01
5.034318775156779724e-01
5.164222430770297745e-01
5.294879011050979134e-01
5.426293252007127199e-01
5.558469850104299503e-01
5.691413457384105756e-01
5.825128676924987703e-01
5.959620058630175077e-01
6.094892095328694470e-01
6.230949219175602183e-01
6.367795798338137248e-01
6.505436133954988209e-01
6.643874457356132579e-01
6.783114927531332938e-01
6.923161628835563519e-01
7.064018568920192864e-01
7.205689676879108996e-01
7.348178801599171139e-01
7.491489710305093697e-01
7.635626087288763797e-01
7.780591532813818656e-01
7.926389562186186843e-01
8.073023604982043633e-01
8.220497004424556220e-01
8.368813016901531787e-01
8.517974811615921515e-01
8.667985470361839750e-01
8.818847987418776402e-01
8.970565269557126964e-01
9.123140136148268908e-01
9.276575319372882822e-01
9.430873464521288829e-01
9.586037130379945204e-01
9.742068789698480336e-01
9.898970829731696952e-01
1.005674555285163141e+00
1.021539517722438006e+00
1.037492183754727515e+00
1.053532758584158513e+00
1.069661439229662836e+00
1.085878414616105125e+00
1.102183865667741403e+00
1.118577965405614494e+00
1.135060879048564120e+00
1.151632764117466401e+00
1.168293752464671487e+00
1.185044022357504945e+00
1.201883691133219134e+00
1.218812886617446800e+00
1.235831729497135045e+00
1.252940333438063547e+00
1.270138806490116901e+00
1.287427246086534360e+00
1.304805746808257227e+00
1.322274395434493988e+00
1.339833272326246716e+00
1.357482451548590374e+00
1.375222001450317588e+00
1.393051982965865632e+00
1.410972452455907966e+00
1.428983460025406771e+00
1.447085050094149228e+00
1.465277261517811569e+00
1.483560127708399179e+00
1.501933678222869384e+00
1.520397933031214066e+00
1.538952911373359767e+00
1.557598626074813808e+00
1.576335085106717715e+00
1.595162291700561008e+00
1.614080244461698621e+00
1.633088937481591563e+00
1.652188361118381854e+00
1.671378499438397780e+00
1.690659334310681050e+00
1.710030842866550049e+00
1.729492998264019477e+00
1.749045769791529814e+00
1.768689122970136696e+00
1.788423019654147517e+00
1.808247418130171313e+00
1.828162273214588351e+00
1.848167538090759399e+00
1.868263157462969781e+00
1.888449078022031768e+00
1.908725241645827353e+00
1.929091587205099545e+00
1.949548050651178865e+00
1.970094565102090467e+00
1.990731060927029006e+00
2.011457465829216140e+00
2.032273704927133551e+00
2.053179700834168120e+00
2.074175373736633965e+00
2.095260642116878014e+00
2.116435420250032173e+00
2.137699622131859378e+00
2.159053158989233445e+00
2.180495939988604359e+00
2.202027872304718414e+00
2.223648861187842662e+00
2.245358810029493668e+00
2.267157620426726528e+00
2.289045192244957061e+00
2.311021423679371356e+00
2.333086211314922664e+00
2.355239450184938299e+00
2.377481035970968382e+00
2.399810856513816759e+00
2.422228804647298617e+00
2.444734769757380022e+00
2.467328639951386737e+00
2.490010302108756957e+00
2.512779641930498631e+00
2.535636543987482394e+00
2.558580891767519461e+00
2.581612567721252027e+00
2.604731453306892597e+00
2.627937429033858407e+00
2.651230374505257448e+00
2.674610168459311321e+00
2.698076688809693202e+00
2.721629812684828842e+00
2.745269416466165957e+00
2.768995376847262602e+00
2.792807566793632734e+00
2.816705861676456202e+00
2.840690135252148973e+00
2.864760260706813000e+00
2.888916110688775074e+00
2.913157557340230852e+00
2.937484472328025120e+00
2.961896726873598951e+00
2.986394191782085095e+00
3.010976737470590248e+00
3.035644233995716146e+00
3.060396551080266203e+00
3.085233558139215848e+00
3.110155124304945673e+00
3.135161118451726736e+00
3.160251409219533514e+00
3.185425865037136095e+00
3.210684354144532460e+00
3.236026744614722173e+00
3.261452904374835704e+00
3.286962704038253857e+00
3.312556005704445639e+00
3.338232679768801781e+00
3.363992593773930562e+00
3.389835615213098396e+00
3.415761611547813104e+00
3.441770450224866718e+00
3.467861998692848058e+00
3.494036124418141487e+00
3.520292694900427843e+00
3.546631577687685333e+00
3.573052640390726342e+00
3.599555750697250645e+00
3.626140776385475384e+00
3.652807585337287666e+00
3.679556045550986809e+00
3.706386025153613151e+00
3.733297392412840310e+00
3.760290015748509962e+00
3.787363763743737177e+00
3.814518505155662265e+00
3.841754108925837130e+00
3.869070444190230162e+00
3.896467380288921589e+00
3.923944786775406257e+00
3.951502533425615749e+00
3.979140490246593664e+00
4.006858528595149238e+00
4.034656516753832634e+00
4.062534326573260302e+00
4.090491829065569185e+00
4.118528895512890031e+00
4.146645397474230776e+00
4.174841206792173409e+00
4.203116195599241323e+00
4.231470236324073042e+00
4.259903201697295749e+00
4.288414964757222059e+00
4.317005398855254583e+00
4.345674377661117305e+00
4.374421775167835591e+00
4.403247465696512819e+00
4.432151320715881582e+00
4.461133221481839328e+00
4.490193042075963703e+00
4.519330654523458612e+00
4.548545936669493805e+00
4.577838764892765866e+00
4.607209015928045659e+00
4.636656566869456597e+00
4.666181295173585930e+00
4.695783078662451260e+00
4.725461795526307185e+00
4.755217324326292072e+00
4.785049543996953147e+00
4.814958333848593064e+00
4.844943573569531203e+00
4.875005143228175797e+00
4.905142923275008116e+00
4.935356794544416559e+00
4.965646638256434819e+00
4.996012336018330835e+00
5.026453769826108697e+00
5.056970822743042326e+00
5.087563376197013376e+00
5.118231314030546208e+00
5.148974519807316241e+00
5.179792877485586367e+00
5.210686271419089799e+00
5.241654586357802792e+00
5.272697707448638305e+00
5.303815520236070391e+00
5.335007910662636021e+00
5.366274765069396935e+00
5.397615970196290469e+00
5.429031413182420884e+00
5.460520981566292065e+00
5.492084563285921206e+00
5.523722046678945397e+00
5.555433320482613624e+00
5.587218273833736149e+00
5.619076796268574370e+00
5.651008777722643650e+00
5.683014108530510811e+00
5.715092679425473499e+00
5.747244381539227120e+00
5.779469108676038580e+00
5.811766748228405888e+00
5.844137194780856248e+00
5.876580341054211232e+00
5.909096080165198828e+00
5.941684305625854812e+00
5.974344911342812203e+00
6.007077791616609375e+00
6.039882841140929770e+00
6.072759955001793664e+00
6.105709028676753469e+00
6.138729958033999345e+00
6.171822639331496774e+00
6.204986969216013115e+00
6.238222844722195681e+00
6.271530163271555658e+00
6.304908822671446700e+00
6.338358721114032868e+00
6.371879757175187287e+00
6.405471829813428108e+00
6.439134838368749669e+00
6.472868682561505160e+00
6.506673262491227128e+00
6.540548478635431096e+00
6.574494231848399650e+00
6.608510423359958530e+00
6.642596954774219853e+00
6.676753728068309357e+00
6.710980646677998429e+00
6.745277611154936181e+00
6.779644525668254040e+00
6.814081293674099093e+00
6.848587818995080845e+00
6.883164005818843911e+00
6.917809758696746414e+00
6.952524982542440668e+00
6.987309582630497395e+00
7.022163464594983751e+00
7.057086534428048452e+00
7.092078698478512244e+00
7.127139863450406843e+00
7.162269936401542303e+00
7.197468824742061067e+00
7.232736436232976018e+00
7.268072678984683677e+00
7.303477461455538666e+00
7.338950692450308289e+00
7.374492281118763870e+00
7.410102136954135332e+00
7.445780169791641256e+00
7.481526289806996743e+00
7.517340407514908840e+00
7.553222433767560418e+00
7.589172279753126915e+00
7.625189856994241566e+00
7.661275077346515694e+00
7.697427852996991504e+00
7.733648096462653498e+00
7.769935720588910577e+00
7.806290638548061267e+00
7.842712763837806911e+00
7.879202010279706236e+00
7.915758295008360257e+00
7.952381526522374955e+00
7.989071622581333187e+00
8.025828498287108204e+00
8.062652069057893556e+00
8.099542250626637241e+00
8.136498959039588641e+00
8.173522110654731776e+00
8.210611622140334021e+00
8.247767410473406002e+00
8.284989392938204134e+00
8.322277487124736695e+00
8.359631610927278800e+00
8.397051682542851836e+00
8.434537620469766850e+00
8.472089343506107539e+00
8.509706770748275417e+00
8.547389821589471026e+00
8.585138415718258642e+00
8.622952473117079464e+00
8.660831914060766579e+00
8.698776659115113219e+00
8.736786629135385951e+00
8.774861745264901813e+00
8.813001928933527296e+00
8.851207101856283899e+00
8.889477186031880862e+00
8.927812103741290528e+00
8.966211777546297057e+00
9.004676130288109093e+00
9.043205085085897821e+00
9.081798565335411411e+00
9.120456494707541495e+00
9.159178797146960704e+00
9.197965396870653620e+00
9.236816218366600495e+00
9.275731186392317085e+00
9.314710225973543700e+00
9.353753262402822344e+00
9.392860221238114704e+00
9.432031028301498310e+00
9.471265609677752551e+00
9.510563892885622650e+00
9.549925802191330249e+00
9.589351265627060528e+00
9.628840210315011916e+00
9.668392563633391390e+00
9.708008253215098193e+00
9.747687206946405780e+00
9.787429352965665075e+00
9.827234619661995296e+00
9.867102935673962349e+00
9.907034229888322940e+00
9.947028431438717178e+00
9.987085469704410912e+00
1.002720527430899899e+01
1.006738777511916183e+01
1.010763290224338284e+01
1.014794058603072280e+01
1.018831075706954969e+01
1.022874334618632375e+01
1.026923828444431486e+01
1.030979550314244619e+01
1.035041493381401878e+01
