# h
2.234879437790679413e-04
2.250119599729975015e-04
2.265320489184830259e-04
2.280488148136644393e-04
2.295628424547105882e-04
2.310746977013280036e-04
2.325849279362410650e-04
2.340940625182086397e-04
2.356026132282238816e-04
2.371110747086129129e-04
2.386199248948107227e-04
2.401296254396440900e-04
2.416406221299979872e-04
2.431533452957822499e-04
2.446682102111481533e-04
2.461856174879356769e-04
2.477059534613556321e-04
2.492295905679331068e-04
2.507568877157560837e-04
2.522881906470886997e-04
2.538238322934203528e-04
2.553641331230330539e-04
2.569094014811764727e-04
2.584599339229487957e-04
2.600160155389838489e-04
2.615779202740525257e-04
2.631459112386860724e-04
2.647202410139320918e-04
2.663011519493579731e-04
2.678888764544114145e-04
2.694836372832533984e-04
2.710856478131748589e-04
2.726951123167099052e-04
2.743122262275561911e-04
2.759371764004110131e-04
2.775701413648331293e-04
2.792112915732357370e-04
2.808607896431157785e-04
2.825187905936224638e-04
2.841854420765686068e-04
2.858608846019808358e-04
2.875452517582911338e-04
2.892386704272622471e-04
2.909412609937443760e-04
2.926531375503543852e-04
2.943744080971703392e-04
2.961051747365309205e-04
2.978455338630275483e-04
2.995955763487776163e-04
3.013553877240634712e-04
3.031250483534230541e-04
3.049046336072735205e-04
3.066942140291526787e-04
3.084938554986567947e-04
3.103036193901566775e-04
3.121235627273696725e-04
3.139537383338675768e-04
3.157941949795953413e-04
3.176449775234788391e-04
3.195061270521961294e-04
3.213776810151874625e-04
3.232596733559772620e-04
3.251521346398821900e-04
3.270550921781764197e-04
3.289685701487873523e-04
3.308925897135907334e-04
3.328271691323771066e-04
3.347723238735579631e-04
3.367280667216811913e-04
3.386944078818228876e-04
3.406713550809235044e-04
3.426589136661351790e-04
3.446570867002451857e-04
3.466658750542417561e-04
3.486852774970861275e-04
3.507152907827537029e-04
3.527559097346094825e-04
3.548071273271773997e-04
3.568689347653659547e-04
3.589413215612114057e-04
3.610242756081974967e-04
3.631177832532107570e-04
3.652218293661889988e-04
3.673363974075223169e-04
3.694614694932600433e-04
3.715970264581831784e-04
3.737430479167914142e-04
3.758995123222666555e-04
3.780663970234564644e-04
3.802436723544101553e-04
3.824313254896212293e-04
3.846293248822934782e-04
3.868376439961103007e-04
3.890562554475203785e-04
3.912851310519371568e-04
3.935242418683105041e-04
3.957735582421137563e-04
3.980330498467953677e-04
4.003026857237340923e-04
4.025824343207456166e-04
4.048722635291791870e-04
4.071721407196487400e-04
4.094820327764360458e-04
4.118019061306077725e-04
4.141317267918836033e-04
4.164714603792947631e-04
4.188210721506684087e-04
4.211805270309747456e-04
4.235497896395715644e-04
4.259288243163821398e-04
4.283175951470382585e-04
4.307160659870208478e-04
4.331242004848329542e-04
4.355419621042326095e-04
4.379693141455587085e-04
4.404062197661774898e-04
4.428526420000793813e-04
4.453085437766545634e-04
4.477738879386728354e-04
4.502486372594967888e-04
4.527327544595511634e-04
4.552262022220760341e-04
4.577289432081870836e-04
4.602409400712667055e-04
4.627621554707078396e-04
4.652925520850359617e-04
4.678320926244280411e-04
4.703807398426503657e-04
4.729384565484362132e-04
4.755052056163229404e-04
4.780809499969682205e-04
4.806656527269623442e-04
4.832592769381573454e-04
4.858617858665285113e-04
4.884731428605864354e-04
4.910933113893551196e-04
4.937222550499340131e-04
4.963599375746555360e-04
4.990063228378592824e-04
5.016613748622913071e-04
5.043250578251456256e-04
5.069973360637621300e-04
5.096781740809915463e-04
5.123675365502434803e-04
5.150653883202263323e-04
5.177716944193933935e-04
5.204864200601065074e-04
5.232095306425280307e-04
5.259409917582511754e-04
5.286807691936792506e-04
5.314288289331658369e-04
5.341851371619246768e-04
5.369496602687147012e-04
5.397223648483166726e-04
5.425032177038048055e-04
5.452921858486220377e-04
5.480892365084713124e-04
5.508943371230238476e-04
5.537074553474594617e-04
5.565285590538411251e-04
5.593576163323331699e-04
5.621945954922672774e-04
5.650394650630679531e-04
5.678921937950383563e-04
5.707527506600157006e-04
5.736211048519007779e-04
5.764972257870688713e-04
5.793810831046658505e-04
5.822726466667946547e-04
5.851718865585993183e-04
5.880787730882495751e-04
5.909932767868297278e-04
5.939153684081405638e-04
5.968450189284135602e-04
5.997821995459444227e-04
6.027268816806500814e-04
6.056790369735526097e-04
6.086386372861928885e-04
6.116056546999769404e-04
6.145800615154641509e-04
6.175618302515907630e-04
6.205509336448419800e-04
6.235473446483687752e-04
6.265510364310543931e-04
6.295619823765356404e-04
6.325801560821782063e-04
6.356055313580101333e-04
6.386380822256162559e-04
6.416777829169969692e-04
6.447246078733902437e-04
6.477785317440616555e-04
6.508395293850664440e-04
6.539075758579789358e-04
6.569826464286003921e-04
6.600647165656393185e-04
6.631537619393699807e-04
6.662497584202699968e-04
6.693526820776383047e-04
6.724625091781970829e-04
6.755792161846742652e-04
6.787027797543742367e-04
6.818331767377332426e-04
6.849703841768639556e-04
6.881143793040892008e-04
6.912651395404638627e-04
6.944226424942919135e-04
6.975868659596322742e-04
7.007577879148018567e-04
7.039353865208713415e-04
7.071196401201549925e-04
7.103105272347020986e-04
7.135080265647798488e-04
7.167121169873591361e-04
7.199227775545955898e-04
7.231399874923139697e-04
7.263637261984908248e-04
7.295939732417381285e-04
7.328307083597903823e-04
7.360739114579931304e-04
7.393235626077928821e-04
7.425796420452354923e-04
7.458421301694615054e-04
7.491110075412129926e-04
7.523862548813408215e-04
7.556678530693202757e-04
7.589557831417689500e-04
7.622500262909760304e-04
7.655505638634339588e-04
7.688573773583785550e-04
7.721704484263373783e-04
7.754897588676845947e-04
7.788152906312038664e-04
7.821470258126611086e-04
7.854849466533828832e-04
7.888290355388459605e-04
7.921792749972750118e-04
7.955356476982486510e-04
7.988981364513170766e-04
8.022667242046265445e-04
8.056413940435552248e-04
8.090221291893584911e-04
8.124089129978249437e-04
8.158017289579396966e-04
8.192005606905630602e-04
8.226053919471141033e-04
8.260162066082689597e-04
8.294329886826665079e-04
8.328557223056268439e-04
8.362843917378789699e-04
8.397189813643007351e-04
8.431594756926684246e-04
8.466058593524167578e-04
8.500581170934115713e-04
8.535162337847326938e-04
8.569801944134648438e-04
8.604499840835054406e-04
8.639255880143774033e-04
8.674069915400572364e-04
8.708941801078112473e-04
8.743871392770436899e-04
8.778858547181573766e-04
8.813903122114216627e-04
8.849004976458558266e-04
8.884163970181189552e-04
8.919379964314132735e-04
8.954652820943991834e-04
8.989982403201172414e-04
9.025368575249249903e-04
9.060811202274427888e-04
9.096310150475086414e-04
9.131865287051475549e-04
9.167476480195464262e-04
9.203143599080454082e-04
9.238866513851330719e-04
9.274645095614592397e-04
9.310479216428494461e-04
9.346368749293386966e-04
9.382313568142088044e-04
9.418313547830401474e-04
9.454368564127677618e-04
9.490478493707569510e-04
9.526643214138769437e-04
9.562862603875958017e-04
9.599136542250760870e-04
9.635464909462858156e-04
9.671847586571172186e-04
9.708284455485126580e-04
9.744775398956071312e-04
9.781320300568691496e-04
9.817919044732630832e-04
9.854571516674103145e-04
9.891277602427665447e-04
9.928037188828052820e-04
9.964850163502090262e-04
1.000171641486073465e-03
1.003863583209116655e-03
1.007560830514897098e-03
1.011263372475044824e-03
1.014971198236496374e-03
1.018684297020737168e-03
1.022402658123059901e-03
1.026126270911822957e-03
1.029855124827720736e-03
1.033589209383063310e-03
1.037328514161060854e-03
1.041073028815119560e-03
1.044822743068142329e-03
1.048577646711840519e-03
1.052337729606049165e-03
1.056102981678056288e-03
1.059873392921931775e-03
1.063648953397871005e-03
1.067429653231541289e-03
1.071215482613437422e-03
1.075006431798245692e-03
1.078802491104211567e-03
1.082603650912518020e-03
1.086409901666669916e-03
1.090221233871884040e-03
1.094037638094487582e-03
1.097859104961323128e-03
1.101685625159157548e-03
1.105517189434105209e-03
1.109353788591047269e-03
1.113195413493066159e-03
1.117042055060882451e-03
1.120893704272299309e-03
1.124750352161651068e-03
1.128611989819262645e-03
1.132478608390909179e-03
1.136350199077287588e-03
1.140226753133489427e-03
1.144108261868481994e-03
1.147994716644596801e-03
1.151886108877019132e-03
1.155782430033288656e-03
1.159683671632802003e-03
1.163589825246323130e-03
1.167500882495495652e-03
1.171416835052368826e-03
1.175337674638917470e-03
1.179263393026577268e-03
1.183193982035779437e-03
1.187129433535493404e-03
1.191069739442773183e-03
1.195014891722310244e-03
1.198964882385988558e-03
1.202919703492450268e-03
1.206879347146658319e-03
1.210843805499472320e-03
1.214813070747222451e-03
1.218787135131292696e-03
1.222765990937705596e-03
1.226749630496714585e-03
1.230738046182396333e-03
1.234731230412254577e-03
1.238729175646821569e-03
1.242731874389267546e-03
1.246739319185015188e-03
1.250751502621354292e-03
1.254768417327067290e-03
1.258790055972050645e-03
1.262816411266948170e-03
1.266847475962785009e-03
1.270883242850603771e-03
1.274923704761108485e-03
1.278968854564310927e-03
1.283018685169179992e-03
1.287073189523296052e-03
1.291132360612507694e-03
1.295196191460596053e-03
1.299264675128936324e-03
1.303337804716170334e-03
1.307415573357875640e-03
1.311497974226245476e-03
1.315585000529765659e-03
1.319676645512899088e-03
1.323772902455772841e-03
1.327873764673867659e-03
1.331979225517710254e-03
1.336089278372573847e-03
1.340203916658174160e-03
1.344323133828375380e-03
1.348446923370897211e-03
1.352575278807021915e-03
1.356708193691310476e-03
1.360845661611317665e-03
1.364987676187310586e-03
1.369134231071989600e-03
1.373285319950217709e-03
1.377440936538744300e-03
1.381601074585938650e-03
1.385765727871523210e-03
1.389934890206311231e-03
1.394108555431944384e-03
1.398286717420637757e-03
1.402469370074922251e-03
1.406656507327395424e-03
1.410848123140469529e-03
1.415044211506125832e-03
1.419244766445670880e-03
