# mu
-inf
3.326795001609639257e+01
3.478716225827282216e+01
3.568152451014442761e+01
3.631996976126308141e+01
3.681811889995712050e+01
3.722747357927325140e+01
3.757550719794399896e+01
3.787861964738664966e+01
3.814738981780480032e+01
3.838904144940952534e+01
3.860872742942185454e+01
3.881025289651422838e+01
3.899650791047938725e+01
3.916973932060638219e+01
3.933172861129277464e+01
3.948391223326578370e+01
3.962746539073445717e+01
3.976336184322709499e+01
3.989241751722420304e+01
4.001532291835164301e+01
4.013266762741594107e+01
4.024495909271753646e+01
4.035263724167535315e+01
4.045608598047504501e+01
4.055564234470645602e+01
4.065160385426300849e+01
4.074423447946684718e+01
4.083376952168718788e+01
4.092041963716266650e+01
4.100437417842032062e+01
4.108580398762707375e+01
4.116486374633444711e+01
4.124169396356185757e+01
4.131642266703003941e+01
4.138916684919728795e+01
4.146003370956069034e+01
4.152912172672820645e+01
4.159652158750991191e+01
4.166231699532019661e+01
4.172658537623018304e+01
4.178939849783880334e+01
4.185082301357121537e+01
4.191092094293586712e+01
4.196975009657597155e+01
4.202736445356111261e+01
4.208381449721861145e+01
4.213914751485567933e+01
4.219340786593470938e+01
4.224663722260528687e+01
4.229887478594437766e+01
4.235015748079148779e+01
4.240052013167313305e+01
4.244999562197823195e+01
4.249861503826328857e+01
4.254640780132472599e+01
4.259340178546926126e+01
4.263962342723587540e+01
4.268509782467033631e+01
4.272984882812136220e+01
4.277389912341371314e+01
4.281727030815417123e+01
4.285998296184072842e+01
4.290205671036989088e+01
4.294351028547151827e+01
4.298436157954323278e+01
4.302462769630589889e+01
4.306432499765722355e+01
4.310346914706165933e+01
4.314207514977987046e+01
4.318015739021095101e+01
4.321772966659287363e+01
4.325480522328308552e+01
4.329139678081962472e+01
4.332751656394373185e+01
4.336317632774847652e+01
4.339838738210207225e+01
4.343316061448145149e+01
4.346750651133905308e+01
4.350143517811495997e+01
4.353495635799675512e+01
4.356807944952029743e+01
4.360081352309678948e+01
4.363316733654430379e+01
4.366514934969518436e+01
4.369676773814497039e+01
4.372803040620316750e+01
4.375894499910101132e+01
4.378951891450736866e+01
4.381975931351203712e+01
4.384967313073251205e+01
4.387926708382703112e+01
4.390854768310071421e+01
4.393752124001540693e+01
4.396619387542070001e+01
4.399457152735445931e+01
4.402265995843978885e+01
4.405046476290365831e+01
4.407799137324025907e+01
4.410524506654074628e+01
4.413223097050948951e+01
4.415895406918545518e+01
4.418541920838606529e+01
4.421163110088983217e+01
4.423759433137275465e+01
4.426331336111265102e+01
4.428879253247453107e+01
4.431403607318930682e+01
4.433904810043729583e+01
4.436383262474733158e+01
4.438839355372144269e+01
4.441273469559463649e+01
4.443685976263842008e+01
4.446077237441662078e+01
4.448447606090095974e+01
4.450797426545391033e+01
4.453127034768553472e+01
4.455436758619089233e+01
4.457726918117386106e+01
4.459997825696325435e+01
4.462249786442653487e+01
4.464483098328610566e+01
4.466698052434308863e+01
4.468894933161291760e+01
4.471074018437704467e+01
4.473235579915486682e+01
4.475379883159938998e+01
4.477507187832047464e+01
4.479617747863883892e+01
4.481711811627408792e+01
4.483789622096974625e+01
4.485851417005824260e+01
4.487897428996834037e+01
4.489927885767787075e+01
4.491943010211383580e+01
4.493943020550256051e+01
4.495928130467177652e+01
4.497898549230683329e+01
4.499854481816301899e+01
4.501796129023581017e+01
4.503723687589081948e+01
4.505637350295518928e+01
4.507537306077193051e+01
4.509423740121886226e+01
4.511296833969345954e+01
4.513156765606511556e+01
4.515003709559604772e+01
4.516837836983214061e+01
4.518659315746489824e+01
4.520468310516568522e+01
4.522264982839324432e+01
4.524049491217569852e+01
4.525821991186779059e+01
4.527582635388452559e+01
4.529331573641196229e+01
4.531068953009614830e+01
4.532794917871082419e+01
4.534509609980493394e+01
4.536213168533044637e+01
4.537905730225140388e+01
4.539587429313475297e+01
4.541258397672369540e+01
4.542918764849410707e+01
4.544568658119475657e+01
4.546208202537172838e+01
4.547837520987776827e+01
4.549456734236699873e+01
4.551065960977548741e+01
4.552665317878821583e+01
4.554254919629293141e+01
4.555834878982119562e+01
4.557405306797727462e+01
4.558966312085507866e+01
4.560518002044368302e+01
4.562060482102171477e+01
4.563593855954112399e+01
4.565118225600045321e+01
4.566633691380819471e+01
4.568140352013637084e+01
4.569638304626479908e+01
4.571127644791615552e+01
4.572608466558239826e+01
4.574080862484251497e+01
4.575544923667212771e+01
4.577000739774504723e+01
4.578448399072713926e+01
4.579887988456260928e+01
4.581319593475306107e+01
4.582743298362954931e+01
4.584159186061769731e+01
4.585567338249627056e+01
4.586967835364927737e+01
4.588360756631184501e+01
4.589746180081003502e+01
4.591124182579483204e+01
4.592494839847034882e+01
4.593858226481658846e+01
4.595214415980679235e+01
4.596563480761953713e+01
4.597905492184586507e+01
4.599240520569140500e+01
4.600568635217375402e+01
4.601889904431518374e+01
4.603204395533091997e+01
4.604512174881289610e+01
4.605813307890939257e+01
4.607107859050042009e+01
4.608395891936913102e+01
4.609677469236928005e+01
4.610952652758894033e+01
4.612221503451037563e+01
4.613484081416646632e+01
4.614740445929354706e+01
4.615990655448077007e+01
4.617234767631627079e+01
4.618472839353002257e+01
4.619704926713353643e+01
4.620931085055652687e+01
4.622151368978057917e+01
4.623365832346989635e+01
4.624574528309923238e+01
4.625777509307906143e+01
4.626974827087803277e+01
4.628166532714287484e+01
4.629352676581565618e+01
4.630533308424863748e+01
4.631708477331663687e+01
4.632878231752710008e+01
4.634042619512779737e+01
4.635201687821231076e+01
4.636355483282335399e+01
4.637504051905388280e+01
4.638647439114620852e+01
4.639785689758900133e+01
4.640918848121238227e+01
4.642046957928101847e+01
4.643170062358537109e+01
4.644288204053111002e+01
4.645401425122664563e+01
4.646509767156905468e+01
4.647613271232812338e+01
4.648711977922887684e+01
4.649805927303236786e+01
4.650895158961490949e+01
4.651979712004575163e+01
4.653059625066324401e+01
4.654134936314947169e+01
4.655205683460353328e+01
4.656271903761327735e+01
4.657333634032576697e+01
4.658390910651633732e+01
4.659443769565631044e+01
4.660492246297947361e+01
4.661536375954726452e+01
4.662576193231274146e+01
4.663611732418330291e+01
4.664643027408226317e+01
4.665670111700930534e+01
4.666693018409974059e+01
4.667711780268270161e+01
4.668726429633827024e+01
4.669736998495351088e+01
4.670743518477752332e+01
4.671746020847543690e+01
4.672744536518146674e+01
4.673739096055095388e+01
4.674729729681153145e+01
4.675716467281326061e+01
4.676699338407797768e+01
4.677678372284767505e+01
4.678653597813209331e+01
4.679625043575532573e+01
4.680592737840177620e+01
4.681556708566117919e+01
4.682516983407284528e+01
4.683473589716917473e+01
4.684426554551833988e+01
4.685375904676628522e+01
4.686321666567798161e+01
4.687263866417788449e+01
4.688202530138987356e+01
4.689137683367626863e+01
4.690069351467639081e+01
4.690997559534430650e+01
4.691922332398604567e+01
4.692843694629605267e+01
4.693761670539319653e+01
4.694676284185598547e+01
4.695587559375732667e+01
4.696495519669863228e+01
4.697400188384335706e+01
4.698301588595002443e+01
4.699199743140464847e+01
4.700094674625263025e+01
4.700986405423017089e+01
4.701874957679508782e+01
4.702760353315719044e+01
4.703642614030814428e+01
4.704521761305081640e+01
4.705397816402818734e+01
4.706270800375175156e+01
4.707140734062947729e+01
4.708007638099334713e+01
4.708871532912638003e+01
4.709732438728929793e+01
4.710590375574673061e+01
4.711445363279295862e+01
4.712297421477737203e+01
4.713146569612937498e+01
4.713992826938299885e+01
4.714836212520109626e+01
4.715676745239915135e+01
4.716514443796874190e+01
4.717349326710056090e+01
4.718181412320720369e+01
4.719010718794547188e+01
4.719837264123842857e+01
4.720661066129706285e+01
4.721482142464163445e+01
4.722300510612269164e+01
4.723116187894176221e+01
4.723929191467173183e+01
4.724739538327693822e+01
4.725547245313288158e+01
4.726352329104577876e+01
4.727154806227161998e+01
4.727954693053516166e+01
4.728752005804846448e+01
4.729546760552922535e+01
4.730338973221883947e+01
4.731128659590019225e+01
4.731915835291512451e+01
4.732700515818175546e+01
4.733482716521145051e+01
4.734262452612556871e+01
4.735039739167200423e+01
4.735814591124141515e+01
4.736587023288327458e+01
4.737357050332165898e+01
4.738124686797082319e+01
4.738889947095053401e+01
4.739652845510117629e+01
4.740413396199869567e+01
4.741171613196925705e+01
4.741927510410371127e+01
4.742681101627191254e+01
4.743432400513674452e+01
4.744181420616799016e+01
4.744928175365605227e+01
4.745672678072537565e+01
4.746414941934776266e+01
4.747154980035548277e+01
4.747892805345417599e+01
4.748628430723559291e+01
4.749361868919018548e+01
4.750093132571944210e+01
4.750822234214815154e+01
4.751549186273641823e+01
4.752274001069154252e+01
4.752996690817978021e+01
4.753717267633783194e+01
4.754435743528429015e+01
4.755152130413085843e+01
4.755866440099345027e+01
4.756578684300312432e+01
4.757288874631687037e+01
4.757997022612826754e+01
4.758703139667795767e+01
4.759407237126405477e+01
4.760109326225229864e+01
4.760809418108620150e+01
4.761507523829693866e+01
4.762203654351324644e+01
4.762897820547101446e+01
4.763590033202291352e+01
4.764280303014780316e+01
4.764968640596003269e+01
4.765655056471864981e+01
4.766339561083643872e+01
4.767022164788888716e+01
4.767702877862300426e+01
4.768381710496604597e+01
4.769058672803410559e+01
4.769733774814062599e+01
4.770407026480474144e+01
4.771078437675960515e+01
4.771748018196048235e+01
4.772415777759289313e+01
4.773081726008052783e+01
4.773745872509308441e+01
4.774408226755407725e+01
4.775068798164845418e+01
4.775727596083017801e+01
4.776384629782968716e+01
4.777039908466126406e+01
4.777693441263031104e+01
4.778345237234056242e+01
4.778995305370115432e+01
4.779643654593363777e+01
4.780290293757890652e+01
4.780935231650404660e+01
