# rs_dv
inf
3.308508270281901975e+00
1.661707101521058272e+00
1.112755749011984374e+00
8.382680277479503950e-01
6.735666652012441968e-01
5.637592085758212912e-01
4.853202972392514636e-01
4.264872308035568826e-01
3.807251584626422103e-01
3.441131547077491692e-01
3.141560719085728093e-01
2.891904665891798509e-01
2.680647135637481138e-01
2.499562140028090962e-01
2.342617202629469764e-01
2.205287888963928522e-01
2.084114267080263427e-01
1.976405214528105525e-01
1.880036102011899968e-01
1.793307171889459151e-01
1.714842379902743741e-01
1.643515825478353287e-01
1.578397374078511495e-01
1.518711873922981848e-01
1.463808160659686719e-01
1.413135214768554138e-01
1.366223617287591896e-01
1.322670979281855286e-01
1.282130385877068846e-01
1.244301151460485422e-01
1.208921364173401319e-01
1.175761828288609673e-01
1.144621107952484007e-01
1.115321445540843476e-01
1.087705379706465220e-01
1.061632927067667070e-01
1.036979220903693072e-01
1.013632522671920194e-01
9.914925394306040030e-02
9.704689936341047429e-02
9.504804022129907659e-02
9.314530300585725786e-02
9.133199895207670671e-02
8.960204626902212866e-02
8.794990273652014690e-02
8.637050709254025238e-02
8.485922790204201982e-02
8.341181881626390238e-02
8.202437930955740197e-02
8.069332012693047895e-02
7.941533279575288540e-02
7.818736265454385992e-02
7.700658493433969187e-02
7.587038349695432449e-02
7.477633189199858754e-02
7.372217644283035609e-02
7.270582111228218736e-02
7.172531393338181516e-02
7.077883481940137889e-02
6.986468459232716977e-02
6.898127508994493506e-02
6.812712022977272797e-02
6.730082792353832277e-02
6.650109274918324098e-02
6.572668929882620470e-02
6.497646613100285795e-02
6.424934026406034504e-02
6.354429215500870254e-02
6.286036111459054887e-02
6.219664111495658287e-02
6.155227695124855514e-02
6.092646072269116558e-02
6.031842860256421412e-02
5.972745786973646109e-02
5.915286417735751701e-02
5.859399903687230460e-02
5.805024749779090498e-02
5.752102600565406343e-02
5.700578042241168097e-02
5.650398419501127117e-02
5.601513665939387293e-02
5.553876146834627048e-02
5.507440513276954525e-02
5.462163566691943112e-02
5.418004132906209525e-02
5.374922944978525324e-02
5.332882534091746424e-02
5.291847127864929279e-02
5.251782527285080854e-02
5.212656131120835951e-02
5.174436683627034461e-02
5.137094310338585074e-02
5.100600417392890662e-02
5.064927623764365477e-02
5.030049694368259744e-02
4.995941494105054365e-02
4.962578911597329695e-02
4.929938820319573756e-02
4.897999025900034303e-02
4.866738219768848572e-02
4.836135934476911563e-02
4.806172506930012772e-02
4.776829033281160264e-02
4.748087336769908628e-02
4.719929932271562517e-02
4.692339993856490393e-02
4.665301324160094770e-02
4.638798322421837372e-02
4.612815969235289221e-02
4.587339782524797044e-02
4.562355805177378126e-02
4.537850578843950766e-02
4.513811121992126335e-02
4.490224909107975310e-02
4.467079850977082045e-02
4.444364274779048773e-02
4.422066911141531165e-02
4.400176870078101321e-02
4.378683629787043924e-02
4.357577020236723386e-02
4.336847208702956230e-02
4.316484686013462302e-02
4.296480253459303289e-02
4.276825010335826016e-02
4.257510342077997639e-02
4.238527906294901199e-02
4.219869632649207031e-02
4.201527696604976519e-02
4.183494520288662255e-02
4.165762760477626642e-02
4.148325299678915640e-02
4.131175237610967832e-02
4.114305883067168046e-02
4.097710746141403765e-02
4.081383530796949682e-02
4.065318127761104183e-02
4.049508607729022241e-02
4.033949214031180841e-02
4.018634359730344219e-02
4.003558616680922416e-02
3.988716713144366266e-02
3.974103527491404386e-02
3.959714082962934034e-02
3.945543542647828028e-02
3.931587204667291724e-02
3.917840497555879348e-02
3.904298975829908341e-02
3.890958315734433653e-02
3.877814311160452526e-02
3.864862869724469685e-02
3.852100006688561479e-02
3.839521850601773645e-02
3.827124625931816598e-02
3.814904658985919517e-02
3.802858372381240359e-02
3.790982281954368566e-02
3.779272993788335144e-02
3.767727201351892680e-02
3.756341682746193456e-02
3.745113298054216638e-02
3.734038986788458525e-02
3.723115765432701701e-02
3.712340725073851044e-02
3.701711029120003521e-02
3.691223911101125521e-02
3.680876672548882844e-02
3.670666680952324595e-02
3.660591366885704301e-02
3.650648225709491462e-02
3.640834810330075694e-02
3.631148733033062737e-02
3.621587662872778612e-02
3.612149324022053548e-02
3.602831494178720256e-02
3.593632003026606819e-02
3.584548730748812057e-02
3.575579606591278853e-02
3.566722607474640677e-02
3.557975756652500404e-02
3.549337122414330387e-02
3.540804816831302076e-02
3.532376994543362514e-02
3.524051851586038064e-02
3.515827624255427053e-02
3.507702588009965067e-02
3.499675056407577228e-02
3.491743380076904602e-02
3.483905945721345321e-02
3.476161173172394314e-02
3.468507522386143904e-02
3.460943480641285458e-02
3.453467569595636277e-02
3.446078342453584575e-02
3.438774383143314295e-02
3.431554305519365217e-02
3.424416752589636709e-02
3.417360395765956654e-02
3.410383934137401624e-02
3.403486093765552278e-02
3.396665627000936688e-02
3.389921311819930200e-02
3.383251951181376338e-02
3.376656372402295214e-02
3.370133426551987638e-02
3.363681987863931938e-02
3.357300953164870511e-02
3.350989241320490031e-02
3.344745792697164516e-02
3.338569568639195018e-02
3.332459550961063000e-02
3.326414741454179758e-02
3.320434161407645468e-02
3.314516851142601528e-02
3.308661869559679364e-02
3.302868293699159213e-02
3.297135217704320886e-02
3.291461754842424370e-02
3.285847033445116888e-02
3.280290198952676844e-02
3.274790412922388289e-02
3.269346852656761920e-02
3.263958710841857735e-02
3.258625195195433144e-02
3.253345528124559904e-02
3.248118946392461459e-02
3.242944700794250790e-02
3.237822055841318991e-02
3.232750289454087989e-02
3.227728692662893556e-02
3.222756569316731490e-02
3.217833237341239522e-02
3.212958022334147512e-02
3.208130265559514666e-02
3.203349321124181193e-02
3.198614551987558063e-02
3.193925333206138611e-02
3.189281050817688312e-02
3.184681101605028875e-02
3.180124892865827946e-02
3.175611842188189732e-02
3.171141377231908448e-02
3.166712935515203498e-02
3.162325964206786494e-02
3.157979919923100537e-02
3.153674268530578390e-02
3.149408484952802983e-02
3.145182052982387066e-02
3.140994465097489419e-02
3.136845222282783063e-02
3.132733833854804695e-02
3.128659817291514628e-02
3.124622697787041506e-02
3.120622009205233430e-02
3.116657292247259486e-02
3.112728095413054910e-02
3.108833974571297704e-02
3.104974492812018205e-02
3.101149220302687470e-02
3.097357734147688016e-02
3.093599618251078112e-02
3.089874463182565659e-02
3.086181866046593461e-02
3.082521430354464437e-02
3.078892765899416892e-02
3.075295488634582214e-02
3.071729220553733042e-02
3.068193589574759808e-02
3.064688229425806959e-02
3.061212779533982117e-02
3.057766884916590655e-02
3.054350196074818655e-02
3.050962368889805279e-02
3.047603064521030303e-02
3.044271949306992867e-02
3.040968693870190268e-02
3.037692976213909532e-02
3.034444476841289401e-02
3.031222881856796350e-02
3.028027882079221966e-02
3.024859172954785097e-02
3.021716454472109931e-02
3.018599431079060577e-02
3.015507811601363455e-02
3.012441309163003608e-02
3.009399641108304393e-02
3.006382528925696795e-02
3.003389698173109315e-02
3.000420878404940622e-02
2.997475803100583744e-02
2.994554209594464320e-02
2.991655839007548862e-02
2.988780436180286937e-02
2.985927749606967149e-02
2.983097531371428288e-02
2.980289537084126333e-02
2.977503525820482735e-02
2.974739260060526094e-02
2.971996505629770011e-02
2.969275031641291709e-02
2.966574610439024970e-02
2.963895017542176463e-02
2.961236031590798110e-02
2.958597433972999513e-02
2.955979010050586997e-02
2.953380547190869593e-02
2.950801835994580624e-02
2.948242669927143844e-02
2.945702845270497736e-02
2.943182161075858297e-02
2.940680419117423783e-02
2.938197423846994338e-02
2.935732982349489872e-02
2.933286904299339110e-02
2.930859001917717963e-02
2.928449089930634450e-02
2.926056985527818871e-02
2.923682508322420978e-02
2.921325480311478054e-02
2.918985725837157721e-02
2.916663071548731417e-02
2.914357346365292062e-02
2.912068381439173945e-02
2.909796010120075868e-02
2.907540067919867077e-02
2.905300392478053079e-02
2.903076823527903777e-02
2.900869202863212704e-02
2.898677374305685950e-02
2.896501183672937213e-02
2.894340478747082709e-02
2.892195109243925200e-02
2.890064926782702492e-02
2.887949784856402510e-02
2.885849538802624792e-02
2.883764045774975249e-02
2.881693164714993136e-02
2.879636755599273776e-02
2.877594682313830074e-02
2.875566808275123801e-02
2.873552999305764577e-02
2.871553122883400283e-02
2.869567048115573976e-02
2.867594645715019347e-02
2.865635787975411367e-02
2.863690348747540207e-02
2.861758203415916413e-02
2.859839228875801082e-02
2.857933303510622192e-02
2.856040307169809347e-02
2.854160121147015367e-02
2.852292628158713261e-02
2.850437712323183534e-02
2.848595259139851191e-02
2.846765155469002315e-02
2.844947289511839603e-02
2.843141550790890745e-02
2.841347830130754384e-02
2.839566019639182606e-02
2.837796012688477768e-02
2.836037703897224815e-02
2.834290989112325104e-02
2.832555765391339686e-02
2.830831930985138953e-02
2.829119385320833305e-02
2.827418028985015028e-02
2.825727763707260032e-02
2.824048492343926228e-02
2.822380118862211767e-02
2.820722548324489098e-02
2.819075686872892644e-02
2.817439441714177442e-02
2.815813721104811276e-02
2.814198434336331184e-02
2.812593491720929983e-02
2.810998804577287749e-02
2.809414285216639551e-02
2.807839846929057262e-02
2.806275403969974575e-02
2.804720871316380287e-02
2.803176165575978207e-02
2.801641203590974835e-02
2.800115903347746155e-02
2.798600183733837912e-02
2.797093964525732349e-02
2.795597166376835585e-02
2.794109710805633973e-02
2.792631520184057220e-02
2.791162517726020198e-02
2.789702627476150706e-02
2.788251774298688632e-02
2.786809883866571760e-02
2.785376882650687433e-02
2.783952697909296628e-02
2.782537257677621112e-02
2.781130490757598508e-02
2.779732326707792800e-02
2.778342695833466158e-02
2.776961529176809329e-02
2.775588758507308365e-02
2.774224316312280669e-02
