# k_h
7.462686335202301088e-05
8.076014158072151788e-05
8.739748898961834534e-05
9.458033297348535139e-05
1.023535056760951006e-04
1.107655238126867216e-04
1.198688914899014702e-04
1.297204279132570725e-04
1.403816220275647879e-04
1.519190163038003577e-04
1.644046220678557432e-04
1.779163689634708011e-04
1.925385913546945338e-04
2.083625547037854225e-04
2.254870252099692486e-04
2.440188862644883730e-04
2.640738055695843233e-04
2.857769570852722102e-04
3.092638023099856972e-04
3.346809357714972512e-04
3.621870000052973375e-04
3.919536757313232247e-04
4.241667534092839796e-04
4.590272928607570563e-04
4.967528781959066643e-04
5.375789758775222733e-04
5.817604043988145249e-04
6.295729247480482196e-04
6.813149615869926786e-04
7.373094658860230221e-04
7.979059306416260572e-04
8.634825722575173576e-04
9.344486912046035855e-04
1.011247226693977666e-03
1.094357521308092409e-03
1.184298312845719460e-03
1.281630972054477674e-03
1.386963006459409351e-03
1.500951852156983801e-03
1.624308977241212303e-03
1.757804322473660585e-03
1.902271106914059720e-03
2.058611028506140278e-03
2.227799892078457036e-03
2.410893699887696733e-03
2.609035242718958647e-03
2.823461232681747334e-03
3.055510022221442998e-03
3.306629957524912389e-03
3.578388418458538275e-03
3.872481601461970607e-03
4.190745106458097606e-03
4.535165393858097034e-03
4.907892183171060421e-03
5.311251870604936573e-03
5.747762049405482319e-03
6.220147223562779056e-03
6.731355812963345578e-03
7.284578556126542273e-03
7.883268425386922434e-03
8.531162178824453629e-03
9.232303683460152052e-03
9.991069155290266748e-03
1.081219447369615935e-02
1.170080474071439995e-02
1.266244626966297505e-02
1.370312120278252901e-02
1.482932497396065308e-02
1.604808685036507310e-02
1.736701380602867148e-02
1.879433800122590897e-02
2.033896816398612570e-02
2.201054519444410607e-02
2.381950233908616474e-02
2.577713031047255618e-02
2.789564775888491582e-02
3.018827753575162656e-02
3.266932922485379920e-02
3.535428845643522056e-02
3.825991356167559448e-02
4.140434017080155821e-02
4.480719440769104223e-02
4.848971538748113319e-02
5.247488778175626867e-02
5.678758527872963119e-02
6.145472583383310844e-02
6.650543967972150083e-02
7.197125114433533533e-02
7.788627541185037806e-02
8.428743145460890207e-02
9.121467246506008431e-02
9.871123522596360333e-02
1.068239099753161420e-01
1.156033324503771137e-01
1.251042999336054173e-01
1.353861132731251915e-01
1.465129470124620359e-01
1.585542499397360194e-01
1.715851785563632104e-01
1.856870661707856474e-01
2.009479305451062070e-01
2.174630232631349358e-01
2.353354242487589454e-01
2.546766851453595160e-01
2.756075255719629968e-01
2.982585866018537257e-01
3.227712461665270260e-01
3.492985014743756889e-01
3.780059239517766789e-01
4.090726926669011054e-01
4.426927126864209083e-01
4.790758253454028837e-01
5.184491179843607744e-01
5.610583413282651533e-01
6.071694433541693359e-01
6.570702292211686446e-01
7.110721576232535979e-01
7.695122847770931029e-01
8.327553681782571271e-01
9.011961432566197860e-01
9.752617871407808225e-01
1.055414584909280418e+00
1.142154814970141929e+00
1.236023871578021405e+00
1.337607643978333760e+00
1.447540173269485031e+00
1.566507609807731516e+00
1.695252495855040342e+00
1.834578400200350901e+00
1.985354933681498846e+00
2.148523176912477517e+00
2.325101554093517375e+00
2.516192189565713555e+00
2.722987786785012521e+00
2.946779072651078746e+00
3.188962853655259000e+00
3.451050734130565623e+00
3.734678551019150028e+00
4.041616584044922078e+00
4.373780605018703582e+00
4.733243835240850572e+00
5.122249885634058586e+00
5.543226760373108242e+00
5.998802011415918400e+00
6.491819138523842625e+00
7.025355337132908495e+00
7.602740704850363684e+00
8.227579026455027034e+00
8.903770267132237848e+00
9.635534914336250978e+00
1.042744032021126266e+01
1.128442920898881852e+01
1.221185052729221532e+01
1.321549282990188701e+01
1.430162040936099466e+01
1.547701239492628567e+01
1.674900506490261165e+01
1.812553763645606253e+01
1.961520181870549351e+01
2.122729543838102018e+01
2.297188047275712464e+01
2.485984585207661013e+01
2.690297542344977089e+01
2.911402150043033998e+01
3.150678445733155542e+01
3.409619886507524456e+01
3.689842670619583487e+01
3.993095825080622063e+01
4.321272122314879738e+01
4.676419894010113154e+01
5.060755815900461130e+01
5.476678743278598205e+01
5.926784683592327951e+01
6.413882999577963062e+01
6.941013944063313090e+01
7.511467635884760341e+01
8.128804595357767937e+01
8.796877967474118520e+01
9.519857571533330542e+01
1.030225592731540019e+02
1.114895642023878111e+02
1.206524378129809207e+02
1.305683707202384483e+02
1.412992538034193046e+02
1.529120645013027229e+02
1.654792848558180935e+02
1.790793539129785188e+02
1.937971573048062055e+02
2.097245570680042874e+02
2.269609650062693049e+02
2.456139631749189789e+02
2.657999753606267745e+02
2.876449937473433920e+02
3.112853653039334176e+02
3.368686428018120864e+02
3.645545057742581889e+02
3.945157571656258142e+02
4.269394018910991235e+02
4.620278140388844008e+02
4.999999999999999432e+02
