# bin_3_3
1.429010520780460429e-08
1.454287194295177231e-08
1.483208125792109676e-08
1.516174244220100882e-08
1.553590848175186619e-08
1.595902221974779359e-08
1.643582776338686232e-08
1.697161824684309127e-08
1.757134424987571482e-08
1.823863312491806743e-08
1.897540778262984950e-08
1.978318594793447847e-08
2.066520639359006795e-08
2.162408974078461267e-08
2.265990430517264825e-08
2.377034965592683533e-08
2.494643396541409616e-08
2.617277349873121522e-08
2.742513087945220106e-08
2.866178157625627553e-08
2.985509000409969958e-08
3.099281513677304597e-08
3.207253533879011651e-08
3.305292779386446892e-08
3.383623259015278281e-08
3.438421317962412666e-08
3.469396969147674895e-08
3.472254959146753404e-08
3.440973309869297625e-08
3.373281071939831768e-08
3.270584320549517735e-08
3.130532313927289121e-08
2.956312401827325477e-08
2.752520567949169886e-08
2.524442658224378854e-08
2.280795617802232803e-08
2.030208792267515337e-08
1.782351621143775981e-08
1.545842493166324628e-08
1.327269873097858135e-08
1.130504611894150871e-08
9.562485286499635558e-09
8.028183452123149858e-09
6.676918814081743009e-09
5.491795864533253086e-09
4.472171980339014189e-09
3.624974800307778215e-09
2.941527776499873654e-09
2.390521158564502421e-09
1.940321298637923227e-09
1.576183291489518195e-09
1.285948712366499143e-09
1.052802689356218268e-09
8.652756005843436261e-10
7.137860774944931731e-10
5.904994658745141340e-10
4.892946224336343048e-10
4.054368550282732384e-10
3.353327846779128967e-10
2.762950882094377107e-10
2.263417274387218488e-10
1.840184812582531772e-10
1.482463821700657981e-10
1.181983773109169035e-10
9.320147686201738638e-11
7.266570623245787172e-11
5.603917453897158016e-11
4.278662781712829339e-11
3.238739046710618074e-11
2.434563236504487011e-11
1.820562229146782327e-11
1.356554466108137660e-11
1.008577426708967038e-11
7.490045356668077522e-12
5.560585080060309529e-12
4.129598116155478153e-12
3.069610360988237049e-12
2.284563863973021182e-12
1.702561634719009595e-12
1.269970090605626729e-12
9.475640443863478290e-13
7.069890295996387119e-13
5.275449132537971111e-13
3.936644718196265763e-13
2.938316527530417244e-13
2.194075530045109476e-13
1.639631186972225024e-13
1.226672044492602436e-13
9.194329403836461327e-14
6.911675559015320171e-14
5.218681075966163816e-14
3.965663415567951462e-14
3.043634441254256286e-14
2.368093820872155280e-14
1.877619421505284850e-14
1.526568121000191276e-14
1.279735450203741902e-14
1.111523714426422082e-14
1.001551729758931245e-14
9.345562760315033026e-15
