# bin_3_2
1.222140900909868604e-08
1.242620685155578164e-08
1.265982118397918388e-08
1.292513296000555862e-08
1.322492463134575298e-08
1.356220440619872765e-08
1.394011018685023682e-08
1.436213587407929972e-08
1.483125434447139422e-08
1.534896126155437549e-08
1.591490384769454889e-08
1.652817363753445841e-08
1.718941257799485341e-08
1.789865306509364711e-08
1.865350175381119361e-08
1.944937555545690133e-08
2.027542959951446073e-08
2.111520494288777119e-08
2.194379853208232723e-08
2.271960526836258740e-08
2.341580175363630404e-08
2.402278254535970084e-08
2.454402265016137902e-08
2.494622553800809674e-08
2.514211409274883488e-08
2.510693922324775385e-08
2.485532467594489543e-08
2.436552278656087073e-08
2.360161865530681714e-08
2.256775340631794741e-08
2.130563245366026607e-08
1.981888832926269484e-08
1.816271138693535314e-08
1.639851854605213298e-08
1.458407060063614765e-08
1.279525153955893228e-08
1.108968393704577891e-08
9.517280002730518279e-09
8.104368000170785487e-09
6.854047215690448924e-09
5.753749833484943950e-09
4.784901177536025590e-09
3.937120873276249092e-09
3.210554731001441533e-09
2.606653121099399684e-09
2.117586046222208971e-09
1.725049950711335558e-09
1.406819441327970743e-09
1.147383244524160323e-09
9.398455868478920150e-10
7.737687390606515026e-10
6.393824891390125637e-10
5.304018269907987529e-10
4.412959135347898210e-10
3.676446860212758741e-10
3.061869727177404701e-10
2.543903512557578240e-10
2.104020776747835920e-10
1.728751360926821870e-10
1.408373099820577415e-10
1.135814657845674431e-10
9.057102009579301877e-11
7.136407745128488243e-11
5.555975791607277112e-11
4.276472089920052759e-11
3.258073814182197559e-11
2.460844868329789772e-11
1.846091339881202393e-11
1.378042206525946881e-11
1.025206140814931336e-11
7.611136277906309674e-12
5.643911212530349434e-12
4.183135023513330097e-12
3.100714791012369995e-12
2.299732603760320073e-12
1.707258268639479045e-12
1.268670558318501440e-12
9.434342475544322184e-13
7.018110722735615374e-13
5.220277827013258256e-13
3.882604141149606288e-13
2.887710431232734995e-13
2.148699594763411099e-13
1.599281888803077608e-13
1.191236978777668529e-13
8.883062977971712910e-14
6.637205400082563590e-14
4.972697873415881112e-14
3.742053610995734427e-14
2.835026514780778864e-14
2.169106089442401412e-14
1.682542964685168789e-14
1.331766162244736685e-14
1.081393863792384846e-14
9.064495853923473500e-15
7.882793209422178969e-15
7.118394456970680323e-15
6.662397080381328342e-15
6.421682553941832421e-15
6.320344847869368324e-15
