# bin_4_4
1.421841202610750193e-08
1.448797745606465898e-08
1.479737305959723308e-08
1.515130418620819481e-08
1.555459831735325861e-08
1.601263367377300110e-08
1.653136067773984686e-08
1.711737054178494030e-08
1.777694277160828868e-08
1.851496095594869649e-08
1.933405553940601330e-08
2.023634681137989895e-08
2.122561480103690787e-08
2.230507395875327136e-08
2.347544714593836737e-08
2.473838681881158312e-08
2.609473408404480699e-08
2.753986769940116718e-08
2.905928981520354202e-08
3.063083805718854060e-08
3.221433663570644682e-08
3.376139264401281441e-08
3.524643055186833716e-08
3.666363021284124566e-08
3.799889630508698212e-08
3.916048324221622444e-08
4.005434633804841434e-08
4.067358965215194991e-08
4.098696887622154850e-08
4.093404567923407159e-08
4.045202567964059740e-08
3.954378680918280144e-08
3.820271790359458526e-08
3.641657478442369729e-08
3.424514537826054533e-08
3.172977018014383026e-08
2.896433914820937093e-08
2.604386433990473418e-08
2.308355749377341085e-08
2.018947283309181519e-08
1.745715870414412661e-08
1.495278518264786765e-08
1.270773447588564708e-08
1.072020721890460666e-08
8.967197221004949827e-09
7.423969828713435354e-09
6.079940531069585974e-09
4.937471420756565888e-09
3.995663193813018257e-09
3.234488136655325438e-09
2.618521058469580558e-09
2.117831960226568037e-09
1.715159729388944865e-09
1.393842554989433724e-09
1.136448643320916416e-09
9.298574666332035073e-10
7.633810414481612130e-10
6.282522317791264116e-10
5.177193031597097208e-10
4.265288634042686487e-10
3.507032119744126225e-10
2.872594289099319205e-10
2.339793917311547340e-10
1.892098201770922715e-10
1.516982601232354945e-10
1.204617867350655472e-10
9.468823966728821196e-11
7.366699995305239764e-11
5.674739663483570415e-11
4.331937085736114723e-11
3.281068625374170109e-11
2.469388248255087339e-11
1.849643018787006021e-11
1.380908614122819821e-11
1.028955361986469391e-11
7.660610522183109438e-12
5.703717604450002366e-12
4.250105178734731768e-12
3.171189110184442609e-12
2.369907078198132152e-12
1.773559079089636725e-12
1.328397031386744685e-12
9.952584997912391666e-13
7.457252352409448786e-13
5.587984333465585359e-13
4.187533748321617391e-13
3.139391606295620175e-13
2.354585905429492597e-13
1.767506423906122670e-13
1.328691355605718080e-13
1.000898925853241135e-13
7.563719758929752383e-14
5.744326949844451853e-14
4.393617726026921343e-14
3.395861627058244388e-14
2.663039116505758745e-14
2.130499718507845399e-14
1.748586498259308638e-14
1.480477639413212027e-14
1.298099995713893572e-14
