# bin_1_1
5.720703036116852935e-09
5.811578729408052424e-09
5.914935042828467671e-09
6.031692165579284416e-09
6.162532999441128181e-09
6.308352288799611318e-09
6.470297253869798887e-09
6.649986812699025575e-09
6.848218940703665164e-09
7.063721681060151610e-09
7.292224692696233130e-09
7.528104259392624894e-09
7.766878585985568917e-09
8.002441341383785999e-09
8.225199672855730707e-09
8.427206648514774530e-09
8.602492962732315381e-09
8.749017244674340727e-09
8.868883844668809445e-09
8.962913399168641574e-09
9.025552181416128984e-09
9.039790190373312902e-09
8.958497795938241843e-09
8.744250901040071413e-09
8.419534727529407095e-09
8.057758471918974344e-09
7.678059745932333732e-09
7.196306535412496681e-09
6.610776950382992539e-09
6.013426955721504326e-09
5.418888564930890101e-09
4.815731113056612749e-09
4.212218262374661688e-09
3.664137708417015837e-09
3.153043275388174677e-09
2.687508444291848980e-09
2.281222696704217281e-09
1.917105759246330870e-09
1.602508050968559717e-09
1.326534063129641012e-09
1.093049741980591275e-09
8.978398748524253279e-10
7.362529747024564472e-10
6.044351237543333407e-10
4.974072457880277475e-10
4.096468518886708412e-10
3.380763149996736347e-10
2.801413644892952335e-10
2.324775282988398593e-10
1.933347110126708350e-10
1.610423258869374180e-10
1.341382055141313755e-10
1.115431739048937397e-10
9.242821734242425770e-11
7.619182051181523931e-11
6.237785378882012793e-11
5.064605002165191324e-11
4.073439575923817659e-11
3.243114672733940261e-11
2.555171683620509186e-11
1.992646911940051304e-11
1.539259906486118901e-11
1.179018846445397246e-11
8.966162526144702937e-12
6.779263840260183895e-12
5.102533109373268036e-12
3.827343856898332018e-12
2.863283468699808632e-12
2.137709410216657029e-12
1.593491597768371744e-12
1.186425038536155786e-12
8.826415290156101154e-13
6.563346545218868722e-13
4.879260968568165573e-13
3.626744826314888818e-13
2.695414734800216202e-13
2.002933723991249414e-13
1.488311871512454893e-13
1.106055121227655840e-13
8.219468820458890763e-14
6.110894283259861554e-14
4.558507790049480271e-14
3.405335401998869357e-14
2.545880677242682468e-14
1.907033453684725189e-14
1.441368637288313435e-14
1.095151925596718474e-14
8.404514763615678189e-15
6.553583054393728573e-15
5.219279218698833123e-15
4.258324118831966186e-15
3.587374730355711276e-15
3.132878134718834274e-15
2.833419769841255786e-15
2.640712809506336916e-15
2.525848188301360154e-15
2.461034111728710701e-15
2.424638853224323111e-15
2.404765614963744176e-15
2.392373946963831695e-15
