# bin_4_2
1.199688783522357771e-08
1.220101288556203589e-08
1.243403779523042978e-08
1.269892611546305599e-08
1.299855754504293477e-08
1.333606204589116083e-08
1.371475780568977138e-08
1.413827343514399097e-08
1.460978156389906998e-08
1.513105523118739845e-08
1.570201839364501603e-08
1.632209205528890274e-08
1.699216649903422629e-08
1.771253302822104790e-08
1.848106672176558189e-08
1.929431135753129062e-08
2.014243184680835883e-08
2.100994747672533357e-08
2.187415662429719120e-08
2.269479556805678623e-08
2.344281639412997027e-08
2.410502587325227094e-08
2.468283410299263204e-08
2.515079197147301681e-08
2.542390741347326686e-08
2.546418199703701988e-08
2.528554152073349712e-08
2.486700610159565511e-08
2.417337955530420818e-08
2.319675835638947468e-08
2.197694304495652899e-08
2.051972253089695645e-08
1.886904722635321024e-08
1.709192752013439353e-08
1.524362893583842048e-08
1.340566495604406081e-08
1.164009156980460529e-08
1.000481719151709627e-08
8.531368614514985348e-09
7.226865432825158037e-09
6.078979744183550849e-09
5.066306182649297369e-09
4.175586539780275543e-09
3.406397908708699243e-09
2.763158515104034404e-09
2.242184257668702450e-09
1.826653637208495158e-09
1.490518953551529753e-09
1.214363536006697068e-09
9.926130427343907317e-10
8.164881678271198386e-10
6.742669301541663684e-10
5.586613206673709717e-10
4.646231718789743156e-10
3.869874022662365707e-10
3.223888421850586574e-10
2.680486823615619604e-10
2.219602790626234544e-10
1.826595059277023255e-10
1.490891022720369666e-10
1.204867188702668167e-10
9.628388516186054661e-11
7.602347223849887983e-11
5.929953552425180930e-11
4.571730850909592878e-11
3.487580536571807666e-11
2.636864105887695742e-11
1.979692407687486418e-11
1.478727481342263254e-11
1.100759104671481640e-11
8.176671362334786943e-12
6.066500339565290097e-12
4.498402875032903392e-12
3.335566883020975627e-12
2.474528726232954334e-12
1.837387692256592240e-12
1.365672671566094291e-12
1.015855789750985504e-12
7.558945462901734343e-13
5.623769980754116902e-13
4.183377639111222466e-13
3.112097018709091448e-13
2.316095764640934442e-13
1.724250807594848667e-13
1.284402176994043169e-13
9.578174210653230656e-14
7.154529091229507963e-14
5.357098783295516092e-14
4.027100869938284555e-14
3.045864513578647117e-14
2.324576364169880035e-14
1.796761465509040272e-14
1.414430292776854774e-14
1.140624923573464688e-14
9.482983755455140630e-15
8.171416391638732729e-15
7.314812237484402075e-15
6.793258548428095776e-15
6.512960198059631725e-15
6.390051122343383466e-15
