# bin_1_3
2.047435842076842961e-07
2.099884466068096295e-07
2.160926409269191052e-07
2.231920464366874513e-07
2.314422145395786991e-07
2.410206657108905597e-07
2.521290774838169696e-07
2.649953749521612288e-07
2.798751917187241990e-07
2.970525769241725590e-07
3.168395968678508338e-07
3.395750305332825183e-07
3.656238141122781140e-07
3.953704678980625259e-07
4.292110933441932254e-07
4.675409860833405706e-07
5.107288070182846172e-07
5.590868992630285982e-07
6.128389921793962546e-07
6.720801896406976446e-07
7.367243322155672777e-07
8.064120356243771580e-07
8.804310775523204782e-07
9.576495880329966350e-07
1.036400017340506290e-06
1.114365059843692318e-06
1.188527360364508845e-06
1.255122089938283846e-06
1.309695137566506828e-06
1.347311266781183969e-06
1.362975405627402334e-06
1.352331915513688000e-06
1.312628226718932812e-06
1.243843153187636223e-06
1.149643003030955882e-06
1.037655878264177365e-06
9.185567482927950403e-07
8.031966225446694168e-07
6.989531727637470172e-07
6.068613764762609351e-07
5.226776239059934540e-07
4.426978026596198479e-07
3.669797960505430076e-07
2.985631342306264064e-07
2.408016372209647914e-07
1.952971307217292724e-07
1.583926759032260327e-07
1.270443546862851484e-07
1.021877019846504453e-07
8.250326851546405773e-08
6.680972651722490586e-08
5.445379228728687991e-08
4.469675291402214286e-08
3.697572371573943318e-08
3.082173047269911375e-08
2.585650343662490894e-08
2.178354438615104645e-08
1.837581758637250381e-08
1.546662453153204542e-08
1.294074240464558907e-08
1.072502719997669550e-08
8.778545073967010780e-09
7.081557295002085884e-09
5.624612142151431941e-09
4.399462009338397045e-09
3.393151897278861781e-09
2.585900983402443829e-09
1.952205304269305762e-09
1.463675052157874056e-09
1.092208376781222808e-09
8.124544349688234892e-10
6.031111205720753448e-10
4.471574486012911425e-10
3.314169087892709539e-10
2.457844017273216670e-10
1.825305113245320410e-10
1.357871849543222601e-10
1.011210512782527414e-10
7.531918586849410243e-11
5.609466466901320507e-11
4.177117437668024790e-11
3.110108626882621045e-11
2.315390469192060143e-11
1.723571729605786364e-11
1.282915009515170679e-11
9.548552997281794293e-12
7.106516043614666944e-12
5.288902328201228492e-12
3.936190784354384059e-12
2.929578633739339005e-12
2.180590168032898222e-12
1.623438532688707361e-12
1.209428258793655943e-12
9.024654529976076135e-13
6.760068208714686080e-13
5.112324339751963322e-13
3.956199572207804690e-13
3.222332335020669497e-13
2.811685432789808924e-13
2.638367355592756519e-13
