# bin_5_1
2.023617278124253364e-09
2.070053311355205527e-09
2.123798970631910783e-09
2.185913272513980388e-09
2.257579538175586150e-09
2.340111161345082008e-09
2.434955563755614331e-09
2.543695100781216155e-09
2.668045390868844504e-09
2.809850509643657383e-09
2.971075165173965503e-09
3.153794046633683210e-09
3.360179199032159418e-09
3.592490777982529264e-09
3.853040072825343604e-09
4.144128394652917728e-09
4.467995078450912688e-09
4.826660947078780493e-09
5.221654099032557804e-09
5.654029639597039187e-09
6.124094448887071774e-09
6.631572630582175520e-09
7.175555871880988437e-09
7.754372243846161571e-09
8.365704350770241957e-09
9.006855681199044460e-09
9.674911139139880800e-09
1.036658636252833606e-08
1.107827222305744360e-08
1.180816822023457778e-08
1.255321355533486767e-08
1.330855041793260488e-08
1.406366362479141827e-08
1.479575146443587660e-08
1.546392629555300096e-08
1.600816787070285327e-08
1.635656587791427541e-08
1.643884644150558040e-08
1.619566393780582201e-08
1.557879851413728796e-08
1.456387419307903955e-08
1.318992889264303560e-08
1.159527787424927181e-08
1.000041521958252845e-08
8.631026749103115278e-09
7.574541646244375329e-09
6.755236939112883067e-09
5.851591795921816576e-09
4.713313555828542511e-09
3.646494906862272783e-09
2.997760238912105324e-09
2.498714318823457339e-09
1.919807630073354998e-09
1.534046562431109123e-09
1.209879059231645488e-09
9.516591039924917844e-10
7.482069558403822346e-10
5.910703745158291871e-10
4.682792560795425094e-10
3.731639449695937485e-10
2.995245207465142582e-10
2.423871086145771914e-10
1.978093477875370553e-10
1.627028410408319062e-10
1.346794886625607967e-10
1.118975964493276925e-10
9.298467918299357849e-11
7.695962902928569379e-11
6.317220740833301869e-11
5.123776118392400557e-11
4.095592796822185506e-11
3.222714301267245874e-11
2.498083978311728964e-11
1.911798215869134272e-11
1.449156311879811308e-11
1.091683205445913319e-11
8.195646042877522826e-12
6.142422439443429938e-12
4.601618661171219135e-12
3.450015073067648594e-12
2.594528379471754672e-12
1.963374559075297530e-12
1.490550260919876311e-12
1.131588082115324555e-12
8.588371175651361272e-13
6.516630489170894286e-13
4.943535905219933568e-13
3.749467039851511593e-13
2.843392168478935179e-13
2.156066778010305308e-13
1.634841515431569282e-13
1.239714739107468136e-13
9.403287571586867632e-14
7.136375575617551771e-14
5.420891428051457392e-14
4.122244120542068210e-14
3.138641569936822744e-14
2.393913166100662620e-14
1.830436628804674524e-14
1.404247840485327705e-14
