# bin_6_2
2.318513657923848894e-09
2.363723215030716662e-09
2.415715429145685505e-09
2.475364044298708158e-09
2.543615550201996863e-09
2.621476811270114722e-09
2.710007026520952000e-09
2.810285024315334632e-09
2.923383261291244586e-09
3.050332625285821674e-09
3.192084089121341688e-09
3.349449440340331299e-09
3.523034581763401947e-09
3.712993235769581601e-09
3.919187366376315356e-09
4.141066915902938838e-09
4.377763500743499988e-09
4.627615982816074017e-09
4.887106519155120099e-09
5.151786509500878407e-09
5.416542768410106053e-09
5.676460418350797765e-09
5.924677985147256632e-09
6.152758977684145918e-09
6.353891943856453146e-09
6.522239034120695378e-09
6.652033844974118241e-09
6.741262305704738623e-09
6.789226978001350822e-09
6.798513510293579272e-09
6.773730903517335967e-09
6.720691009557998555e-09
6.645099758862176985e-09
6.550634990393385437e-09
6.437304056053173864e-09
6.301138550413265194e-09
6.134237651531132180e-09
5.925130040293632122e-09
5.660522387852006655e-09
5.324722313883525651e-09
4.904446996909278343e-09
4.407023776531074826e-09
3.866654874170258834e-09
3.329996158034334454e-09
2.847335845038371473e-09
2.455624403360600738e-09
2.148714537046550048e-09
1.868182416203523141e-09
1.549199783948561169e-09
1.219665367530136547e-09
9.744634773235321787e-10
8.150021566965845173e-10
6.502365516323044093e-10
5.098580583875290386e-10
4.112940791798944299e-10
3.230893597516095638e-10
2.569748311624643688e-10
2.034910483251770522e-10
1.615449515527020653e-10
1.286221173413816441e-10
1.027793168569532327e-10
8.249046396538309940e-11
6.653473514496156869e-11
5.393823417949349314e-11
4.393251159874274958e-11
3.590912320776928078e-11
2.939467263813189925e-11
2.403035560035492681e-11
1.955448463850411401e-11
1.578623249882728499e-11
1.260760569039139708e-11
9.942815736287436222e-12
7.739517319995304247e-12
5.952379924395596822e-12
4.532926598564738854e-12
3.427501866009330663e-12
2.580217900335441211e-12
1.937839716738868052e-12
1.454121811038620763e-12
1.091596476982400839e-12
8.210139399510492496e-13
6.204364294406235827e-13
4.710753494143389503e-13
3.580128065322252610e-13
2.720511503148813599e-13
2.066985631985113111e-13
1.570288602966732609e-13
1.192929161772351286e-13
9.063540004975614644e-14
6.888219235677848964e-14
5.238034242729940395e-14
3.987131011691662888e-14
3.039832207468057298e-14
2.323291605153494305e-14
1.782000487655993138e-14
1.373254342796315312e-14
1.064898312332190034e-14
8.331715462883787983e-15
6.586835974093862589e-15
5.270846274923594805e-15
