# bin_5_2
1.863568910774098273e-09
1.904981413274378373e-09
1.952814749188152282e-09
2.007962918059421402e-09
2.071410991026884398e-09
2.144233381895125698e-09
2.227588444555840984e-09
2.322707633992499439e-09
2.430879204227508703e-09
2.553425138213214813e-09
2.691670825973764799e-09
2.846907733563572728e-09
3.020348200030948614e-09
3.213075398205443671e-09
3.425962322131399202e-09
3.659573911236842487e-09
3.914063419035534248e-09
4.188956793642042269e-09
4.482850100807157583e-09
4.793385372126717317e-09
5.116941893796895760e-09
5.448820284613014858e-09
5.783226090613255006e-09
6.113251555372250877e-09
6.431155166953925737e-09
6.728936711017657720e-09
6.998973434859823880e-09
7.234968634682700245e-09
7.432884808873548547e-09
7.593070203429120019e-09
7.719930796930984651e-09
7.821735417950772723e-09
7.906931639458142081e-09
7.977503270032385460e-09
8.022154878622769796e-09
8.015606045760871182e-09
7.927188287886427219e-09
7.735678856480389297e-09
7.434687011667545879e-09
7.017959955172236308e-09
6.471626936239731577e-09
5.799705963139680873e-09
5.056672371616212155e-09
4.335530143718090850e-09
3.724171801914055538e-09
3.248916431975715935e-09
2.871965180968240543e-09
2.468598596329116271e-09
1.986595859358731445e-09
1.546224916899167744e-09
1.273537011655615073e-09
1.058139930757757542e-09
8.181777848743822001e-10
6.570583880776145415e-10
5.202736318378569157e-10
4.119027497736749494e-10
3.256731606837821197e-10
2.586086576892804468e-10
2.057970841025154657e-10
1.644990517468221895e-10
1.322104930849299116e-10
1.069146803231202922e-10
8.700659752551438178e-11
7.122227338607127485e-11
5.857589692528861685e-11
4.829919216499981326e-11
3.981012913656543134e-11
3.268268118226197179e-11
2.662376837841521471e-11
2.144803803198071778e-11
1.704598516044042426e-11
1.335123424354020518e-11
1.031257593720013627e-11
7.871831955382798983e-12
5.956106190485791193e-12
4.481347368012601987e-12
3.361391611234993457e-12
2.517599816840259476e-12
1.885014661885300729e-12
1.412550769395715557e-12
1.061699633948669477e-12
8.026851942767853465e-13
6.086145002573449978e-13
4.614566233594321582e-13
3.497973405225454351e-13
2.651008714163079533e-13
2.008774620741694226e-13
1.521944915061766123e-13
1.153042950170166146e-13
8.736061807404115489e-14
6.620260284794638174e-14
5.019198131318719696e-14
3.809013739864947545e-14
2.895952029111093074e-14
2.208272363631342674e-14
1.689686530251314561e-14
1.297860397512594321e-14
1.002237672276948629e-14
7.799715051344464872e-15
6.132855674715538351e-15
