# bin_5_4
9.399295858927435599e-09
9.641863145098438511e-09
9.924337775329017490e-09
1.025311678929814079e-08
1.063557094738734652e-08
1.108017885622125406e-08
1.159667731414489196e-08
1.219622836697746648e-08
1.289160554566561633e-08
1.369740111937631109e-08
1.463025297673565005e-08
1.570907922597007054e-08
1.695533572385832219e-08
1.839331628492934287e-08
2.005036777820654271e-08
2.195690014449560911e-08
2.414653608977085669e-08
2.665601020931338256e-08
2.952435919697644200e-08
3.279268539924983010e-08
3.650327572542975175e-08
4.069861240642743312e-08
4.542012625645874578e-08
5.070596776382961913e-08
5.658887430438382166e-08
6.309336636999832353e-08
7.023159524586973899e-08
7.799178266148453480e-08
8.633341337418924410e-08
9.519674981569285206e-08
1.044675034204926883e-07
1.139759394772722994e-07
1.234815409601876742e-07
1.326481640091760373e-07
1.410289719131655334e-07
1.480574784251596385e-07
1.530646937495325721e-07
1.553277479568087432e-07
1.541530140991694149e-07
1.490019987777194131e-07
1.397071683154662730e-07
1.267720822149476053e-07
1.115987895268675506e-07
9.637025211774116264e-08
8.332118105002606058e-08
7.329310804922107259e-08
6.548733158377746868e-08
5.667904980742145138e-08
4.552203318875915770e-08
3.518031632890684685e-08
2.897976329736515620e-08
2.410778212176173712e-08
1.846461866051143596e-08
1.476379581247657212e-08
1.160981070931883838e-08
9.127896475142110041e-09
7.165995873622071984e-09
5.657727269851253592e-09
4.482037603070302138e-09
3.573468446048315838e-09
2.871554030097208650e-09
2.327799880774222492e-09
1.903891762522438589e-09
1.569947320312046644e-09
1.302952364558413169e-09
1.085254385999207030e-09
9.037935646303858180e-10
7.493285970859732981e-10
6.158339696428106276e-10
4.998468413135489279e-10
3.996532457775048399e-10
3.144619513682099508e-10
2.436977301932047476e-10
1.864470362639983967e-10
1.412881454463713636e-10
1.064116934670017581e-10
7.987372054042740892e-11
5.985588710941862224e-11
4.483741625924840599e-11
3.361528672328828055e-11
2.528241541886787082e-11
1.913550664245612937e-11
1.452783860429766213e-11
1.102902642388788865e-11
8.370417302987964839e-12
6.350972189525134836e-12
4.817559802339824360e-12
3.653581626203124908e-12
2.770299382998085338e-12
2.100210360827025395e-12
1.591988943438536370e-12
1.206628369505628628e-12
9.144995830569162224e-13
6.931041181190254775e-13
5.253551095587348673e-13
3.982621941194118898e-13
3.019728019579830847e-13
2.290337030407595524e-13
1.737992753497209084e-13
1.319843297667448865e-13
