# bin_1_4
2.204390403532750412e-07
2.260976970634078575e-07
2.326840924305112821e-07
2.403451403383745788e-07
2.492491017683529102e-07
2.595880942180949217e-07
2.715805017432865700e-07
2.854732888574221146e-07
3.015436726100874626e-07
3.201000109950673048e-07
3.414815326869640058e-07
3.660570803435094265e-07
3.942244849509208556e-07
4.264037492533364907e-07
4.630285661691955431e-07
5.045331390625415612e-07
5.513251453984410874e-07
6.037542848976285733e-07
6.620773896248316560e-07
7.264149565168205236e-07
7.966943503279628714e-07
8.725519487217462793e-07
9.532462514557475550e-07
1.037584689825897854e-06
1.123798207709572734e-06
1.209415165694840896e-06
1.291202252434489929e-06
1.365108014747091022e-06
1.426314949842671281e-06
1.469449463703940313e-06
1.489018361220436578e-06
1.480145980145969987e-06
1.439608036442679834e-06
1.367067674578828493e-06
1.266166688150737472e-06
1.144923914036097971e-06
1.014862946326386215e-06
8.880020460862940436e-07
7.728762472446313350e-07
6.712163142973869356e-07
5.787109827057493213e-07
4.910945409912403497e-07
4.078523702008129403e-07
3.320371921088590123e-07
2.677218408474410802e-07
2.171244058139196692e-07
1.761888226756237666e-07
1.413194228558865246e-07
1.136158729022781189e-07
9.169441917752842932e-08
7.420480078967356766e-08
6.043428366528499968e-08
4.956310253097268592e-08
4.096502017886650782e-08
3.411923243869968859e-08
2.860380551642151223e-08
2.408791889904843391e-08
2.031736853491351941e-08
1.710470120401162482e-08
1.431951389954703663e-08
1.187821369778205996e-08
9.733371682561002360e-09
7.861777715464038783e-09
6.252477802951492533e-09
4.896633698853924528e-09
3.780714117483702118e-09
2.883808859270578984e-09
2.178563798471233685e-09
1.634164623286617470e-09
1.219828033732096264e-09
9.075926282207988123e-10
6.738453638076552695e-10
4.996559985668918830e-10
3.703442247014928898e-10
2.746491406781361312e-10
2.039587695442634845e-10
1.517286728476265639e-10
1.130015268755459918e-10
8.417813428404798926e-11
6.270036706394823377e-11
4.669612031707247523e-11
3.477244177784571924e-11
2.589040428139599523e-11
1.927516452259522099e-11
1.434893963249226780e-11
1.068099175678255903e-11
7.950264193655524392e-12
5.917516809190877480e-12
4.404503605541290316e-12
3.278457529426371021e-12
2.440490917900283320e-12
1.817055856150281888e-12
1.353675930399088450e-12
1.009954869598338681e-12
7.561587316674969532e-13
5.711363316594937129e-13
4.407477113785125315e-13
3.571147393372121031e-13
3.095397228756447418e-13
2.889299286759873291e-13
