# bin_6_3
3.246228915781758980e-09
3.315665556792191991e-09
3.395883051257105464e-09
3.488399593912377461e-09
3.594905237662095428e-09
3.717262884106812828e-09
3.857515584626684509e-09
4.017870235582103763e-09
4.200689532594378034e-09
4.408476120450192784e-09
4.643854559425552731e-09
4.909532213702220771e-09
5.208250943317918352e-09
5.542557617277699473e-09
5.914979569775949990e-09
6.327901681672460841e-09
6.783646453659856841e-09
7.283978326391324605e-09
7.828968038025522421e-09
8.417845175227715744e-09
9.049182253010689136e-09
9.721612595446708111e-09
1.043149339331799301e-08
1.117307896832874714e-08
1.194148680634911795e-08
1.273171394161188079e-08
1.353729666843415354e-08
1.435341113644088923e-08
1.517355393430366886e-08
1.599196380676083193e-08
1.680068756443702959e-08
1.758768530598503786e-08
1.833523416143876911e-08
1.901650113636560491e-08
1.959333927698480071e-08
2.001555646824267474e-08
2.022176815972698762e-08
2.014251323486095528e-08
1.970889449231098806e-08
1.886379997529502527e-08
1.758531144185565164e-08
1.592931422482467036e-08
1.404815250574644698e-08
1.215790520642730086e-08
1.048066750251962481e-08
9.130558686288901445e-09
8.042784647341489122e-09
6.969581696664745278e-09
5.721562877248685455e-09
4.485348955550123521e-09
3.602255237848985700e-09
2.999168686819470124e-09
2.364688936718140098e-09
1.853427854595890360e-09
1.483064447580294480e-09
1.160114325579341762e-09
9.178538098090328488e-10
7.248197378528596408e-10
5.746391003813526122e-10
4.579897862866861235e-10
3.672906286843716083e-10
2.966184010223475316e-10
2.412859266989018455e-10
1.976079404458319226e-10
1.627341123585169171e-10
1.344653104129007954e-10
1.111487201756447557e-10
9.158467548279129223e-11
7.494693266651663389e-11
6.070588339330116643e-11
4.854537921746359666e-11
3.827561100231407865e-11
2.975911809200714179e-11
2.285203419046536567e-11
1.737623828055953875e-11
1.312235800391531069e-11
9.869042437769239933e-12
7.406638772351047118e-12
5.554996691890604983e-12
4.169301772057560467e-12
3.136915020837311999e-12
2.372206314028524697e-12
1.801502274308639221e-12
1.368931769383291290e-12
1.039996304784748600e-12
7.899192518395350785e-13
5.998563251280510623e-13
4.554527589540194131e-13
3.457750398988054292e-13
2.624988432541993118e-13
1.992910784112412903e-13
1.513331275763474532e-13
1.149613703193794025e-13
8.738994427044681659e-14
6.650045434190663035e-14
5.067754015612760120e-14
3.869797385534015807e-14
2.964196018540135363e-14
2.279297182733385815e-14
1.761227795300204042e-14
