# bin_2_3
8.787924297847679719e-08
9.019894133829677694e-08
9.290269452292628183e-08
9.605272836380100741e-08
9.972084794989873032e-08
1.039897204456133896e-07
1.089542433928838766e-07
1.147229648852387020e-07
1.214194882568321226e-07
1.291837772608694046e-07
1.381732582279729211e-07
1.485635718964630752e-07
1.605486960109499651e-07
1.743401434334667291e-07
1.901650292248610508e-07
2.082626168730315649e-07
2.288786577393568691e-07
2.522571246208759511e-07
2.786283722113850904e-07
3.081931372655865516e-07
3.411018808623650319e-07
3.774253689973702753e-07
4.171173522435221263e-07
4.599739811775161331e-07
5.055839671879775177e-07
5.532814083489504302e-07
6.020825680172140389e-07
6.506151099648223328e-07
6.970860660028901033e-07
7.392567541711704242e-07
7.744734185650254872e-07
7.997840835151135777e-07
8.121738588029921755e-07
8.089541388166951684e-07
7.883003676032052945e-07
7.498700793044102998e-07
6.953839889576519407e-07
6.288677549888232429e-07
5.563731495606504589e-07
4.848538433220574590e-07
4.201792443386311777e-07
3.648297071940276810e-07
3.164114185224025619e-07
2.700141732863818566e-07
2.229417678045400975e-07
1.791191445715752093e-07
1.440127931911224205e-07
1.174643363884705649e-07
9.487821802362126833e-08
7.536048779328381073e-08
6.050662711691808587e-08
4.852454733552580824e-08
3.904426432415112481e-08
3.159830918937268996e-08
2.574969836535087530e-08
2.114302089396875601e-08
1.749677945533273856e-08
1.458099124121557485e-08
1.221499044418993793e-08
1.025993305444056019e-08
8.612374953985246211e-09
7.198604331801660992e-09
5.969292077718087793e-09
4.894478604717525397e-09
3.957989912075565430e-09
3.151782055122766219e-09
2.470699449791166662e-09
1.908460975728704083e-09
1.455563040338854935e-09
1.099118978673272433e-09
8.240635747484079998e-10
6.149704475879828333e-10
4.576301191629553286e-10
3.399766478912150242e-10
2.523544116386951603e-10
1.873200153458584261e-10
1.392106796051863914e-10
1.037006018475016283e-10
7.744685790928722227e-11
5.789784801724301303e-11
4.327981606644276750e-11
3.234645104884732540e-11
2.417086867403480990e-11
1.805882626758789502e-11
1.349042975903970535e-11
1.007647089407996276e-11
7.525667632184008310e-12
5.620089534223686503e-12
4.196731075502665547e-12
3.133700491967739959e-12
2.339871310737926122e-12
1.747139773125194775e-12
1.304633387692014149e-12
9.743546196730770421e-13
7.280231306608310686e-13
5.448035982203799003e-13
4.093699862280723261e-13
3.106065818854470449e-13
2.400804653537779977e-13
1.931456696801320738e-13
