# bin_4_1
5.324258174783497276e-09
5.436749122457744757e-09
5.566650694046601447e-09
5.716369572533644008e-09
5.888590150003056305e-09
6.086249133671571223e-09
6.312528223007620278e-09
6.570875385453576192e-09
6.864944421801286614e-09
7.198562807271147613e-09
7.575684527856306186e-09
8.000269906878812975e-09
8.476026489250992524e-09
9.005880795240981547e-09
9.591508662227346264e-09
1.023407644428629747e-08
1.093429518031555349e-08
1.169110208953874081e-08
1.250076203895740847e-08
1.335647033613461908e-08
1.424803615476668821e-08
1.516460305385498640e-08
1.609330741396201395e-08
1.701874678985070606e-08
1.792892801377865996e-08
1.881535496437870511e-08
1.967309141318611548e-08
2.050255278448793300e-08
2.130719894793239245e-08
2.208855118898434248e-08
2.283967560763217435e-08
2.354183048532986304e-08
2.416084699614602122e-08
2.464855058445821620e-08
2.494896511822355426e-08
2.500564043686597768e-08
2.476037980777786349e-08
2.414625207332795414e-08
2.309448066779566266e-08
2.155772442039909616e-08
1.955280360419852068e-08
1.722102517653010065e-08
1.484541234138059588e-08
1.274896042379848534e-08
1.109043360340654611e-08
9.806772935552279113e-09
8.545773981414249199e-09
7.016970654315052823e-09
5.481791128223681558e-09
4.428321739989576866e-09
3.703904616657951998e-09
2.917448339473401250e-09
2.305334953955598230e-09
1.847587590299482233e-09
1.456207661804757548e-09
1.157535660155333371e-09
9.202249887963522761e-10
7.345422839031066779e-10
5.894594165737522976e-10
4.759721326642678321e-10
3.869457268426576468e-10
3.167114874789713047e-10
2.608080993268989573e-10
2.157724202476200541e-10
1.789140202646280025e-10
1.482039151193555522e-10
1.221758083989271295e-10
9.984231045071633392e-11
8.060376082279147333e-11
6.413222138656829164e-11
5.024370866648088164e-11
3.878974526875975439e-11
2.957807625287493950e-11
2.234685194287543134e-11
1.678346389893627995e-11
1.256301513789418300e-11
9.387473390337917864e-12
7.009626628602737055e-12
5.235657111738082925e-12
3.918583790906660771e-12
2.947451319120727650e-12
2.225768815176913414e-12
1.681701294400479539e-12
1.270345729151090077e-12
9.593982042034157252e-13
7.244234318378669404e-13
5.469163618667203140e-13
4.128673929312294744e-13
3.116760265681213538e-13
2.353209189367458947e-13
1.777378745469331181e-13
1.343384356378509119e-13
1.016432700476519076e-13
7.702112907031584398e-14
5.848375864252882203e-14
4.452967756892595037e-14
3.403517247201556403e-14
2.616821065553551503e-14
2.028455962982076536e-14
1.587470381158296920e-14
