# bin_3_3
2.627535578830855275e-08
2.695513423315899922e-08
2.774693775976844990e-08
2.866877698920401439e-08
2.974140801059656990e-08
3.098870480027470895e-08
3.243805962888291840e-08
3.412082070894833964e-08
3.607275438258475373e-08
3.833452170353738848e-08
4.095214213776411924e-08
4.397720275496526571e-08
4.746725677742197939e-08
5.148591023562393904e-08
5.610278084267331386e-08
6.139272162171709410e-08
6.743407527388376339e-08
7.430721477956170436e-08
8.209191262603046076e-08
9.086404427230232516e-08
1.006919579999163612e-07
1.116285497336186949e-07
1.237046298691423724e-07
1.369212080051952492e-07
1.512360325635112225e-07
1.665406748416966835e-07
1.826549406904644763e-07
1.993237714332890982e-07
2.161759749937915710e-07
2.327246025528348995e-07
2.483681453709657431e-07
2.623955532237698876e-07
2.740180096512790194e-07
2.824103283742695787e-07
2.867628383633819316e-07
2.863280087991201289e-07
2.804623194073428091e-07
2.686731678921822221e-07
2.508015514067264382e-07
2.274000663577010997e-07
2.002480367760848116e-07
1.726329345076151789e-07
1.484229080659065108e-07
1.294954324180708339e-07
1.145724481989480404e-07
9.902170518916027143e-08
8.043923062413674041e-08
6.289873210680012799e-08
5.126519032784627654e-08
4.257143324552472241e-08
3.339683304113583173e-08
2.658689733279385708e-08
2.126552685566575924e-08
1.686729477143828999e-08
1.347558525757496966e-08
1.079752046150059345e-08
8.702861991225045643e-09
7.063692723050554991e-09
5.775971493357888494e-09
4.757599087485353640e-09
3.944000303068626371e-09
3.285103963775336295e-09
2.742736989697258114e-09
2.288037102836530323e-09
1.900111675979559775e-09
1.564737248891523456e-09
1.273171643124609752e-09
1.020775934634833934e-09
8.053168573947566501e-10
6.252914679616441140e-10
4.787026732514878740e-10
3.624155934295450786e-10
2.722569197205006643e-10
2.035679321078511393e-10
1.518186266878184320e-10
1.130659737674300729e-10
8.415008054120655102e-11
6.264240773549888910e-11
4.672549088501331733e-11
3.501337774488338739e-11
2.631716823902429356e-11
1.978555539924547247e-11
1.487150760620679228e-11
1.117544050665284582e-11
8.396262755559465531e-12
6.307076605864447482e-12
4.736965560287331062e-12
3.557231628791262692e-12
2.671002655205893642e-12
2.005388262951319928e-12
1.505560034472141234e-12
1.130291844409802632e-12
8.485981937601435712e-13
6.371960291831554307e-13
4.786086355469755196e-13
3.597540667975705550e-13
2.709072317400064881e-13
2.049272496678341685e-13
1.561064504410710887e-13
1.198066621360657370e-13
