# bin_2_4
1.032945138552893808e-07
1.060236785364233916e-07
1.092049555020331982e-07
1.129117040676483629e-07
1.172286206930445495e-07
1.222532754872268190e-07
1.280977601323557433e-07
1.348904092511000454e-07
1.427775184229842011e-07
1.519249610677054309e-07
1.625195884823759360e-07
1.747702542009165501e-07
1.889081227880993122e-07
2.051858970941683771e-07
2.238757553302995155e-07
2.452656027561318127e-07
2.696527643264018733e-07
2.973346404395680918e-07
3.285952994580590708e-07
3.636872048641132260e-07
4.028074518201861419e-07
4.460638622424574030e-07
4.934313883663239068e-07
5.447035830524350728e-07
5.994328041725980197e-07
6.568759636664700438e-07
7.159193175917496892e-07
7.749872157605552133e-07
8.320017640028115988e-07
8.843439374073706268e-07
9.288742317197802503e-07
9.620498297713578364e-07
9.801751960870810984e-07
9.798354000152787875e-07
9.585202386030780875e-07
9.153825651226383225e-07
8.520113052244254952e-07
7.728772648683031598e-07
6.851800536956342572e-07
5.976200858547021071e-07
5.179526767495850047e-07
4.499097022514156454e-07
3.909666111386561184e-07
3.348989818873163757e-07
2.774887517232264303e-07
2.230237091911140345e-07
1.789949707860551705e-07
1.460875108825815439e-07
1.182011459699055292e-07
9.378297246192197094e-08
7.524762246372226078e-08
6.031205373024028383e-08
4.846312876486690964e-08
3.916781478594772102e-08
3.186832898476579501e-08
2.612472474658716011e-08
2.158688008885432011e-08
1.796737798103926615e-08
1.503982356116157501e-08
1.262948989500133841e-08
1.060535122195573832e-08
8.873224801975446240e-09
7.369297521259547809e-09
6.054258274549537297e-09
4.906644360968244178e-09
3.915976360281997320e-09
3.076203641983414777e-09
2.380467761192810677e-09
1.818146155019638413e-09
1.374333427225630566e-09
1.031130237855165514e-09
7.698544881616401281e-10
5.730679501499669507e-10
4.258308723106907479e-10
3.161258716529089854e-10
2.346674342131574461e-10
1.743887516154357539e-10
1.298975641641205188e-10
9.702202627231430510e-11
7.255039961075190897e-11
5.424804509002514457e-11
4.055516555700324974e-11
3.031317034759409952e-11
2.265408917921321535e-11
1.692775196282158016e-11
1.264727201249038851e-11
9.448152497954828362e-12
7.057601484093295207e-12
5.271516987187936033e-12
3.937230937281219929e-12
2.940575303811555861e-12
2.196200001869352931e-12
1.640327109606732333e-12
1.225304262209778831e-12
9.156323625568762985e-13
6.850888574565112911e-13
5.143412891062739239e-13
3.893238132218237132e-13
2.994466121565349245e-13
2.387537036770063747e-13
