# bin_2_1
2.511602529900881710e-08
2.577393792526402631e-08
2.654029718562306514e-08
2.743249031950071629e-08
2.847050952352598752e-08
2.967727397545222052e-08
3.107896031315482085e-08
3.270533131136969886e-08
3.459003836278881001e-08
3.677087078577379448e-08
3.928991570652839828e-08
4.219357851947533239e-08
4.553239168133571616e-08
4.936052740289127350e-08
5.373491306859573882e-08
5.871380421748583647e-08
6.435468184430284470e-08
7.071137770871313675e-08
7.783004057750404816e-08
8.574394901502406524e-08
9.446715508761544817e-08
1.039857488344797085e-07
1.142475787920498776e-07
1.251517793894432501e-07
1.365357843423536275e-07
1.481629971859760266e-07
1.597094429559066509e-07
1.707516761331959395e-07
1.807650106411930364e-07
1.891317596980565560e-07
1.951717428516780621e-07
1.982029168792537144e-07
1.976353503914806105e-07
1.930947365681997775e-07
1.845496892289757216e-07
1.723962871000214219e-07
1.574687821946587017e-07
1.409072573138077984e-07
1.239596032387305406e-07
1.077562710934109449e-07
9.310145777901111718e-08
8.024707267788257234e-08
6.872435287763306485e-08
5.783294723657445467e-08
4.739000185906021275e-08
3.815945630069281601e-08
3.077281059317913767e-08
2.499631241067124660e-08
2.015481993557240062e-08
1.608783647786676177e-08
1.295333615344929587e-08
1.043748461505019395e-08
8.449957153808700158e-09
6.884532054262387910e-09
5.649507192590385942e-09
4.669681538685693741e-09
3.885700872742275247e-09
3.250015729359523270e-09
2.725960516494776871e-09
2.286094006423080147e-09
1.910670770465370879e-09
1.586195919912675147e-09
1.304005228277816145e-09
1.058919987256481435e-09
8.479287175627562406e-10
6.690230399994936919e-10
5.202865502238582407e-10
3.993331312387078170e-10
3.031325091128755528e-10
2.281547273688468179e-10
1.706898478123644665e-10
1.271980646131886824e-10
9.456309002440507975e-11
7.020918860241557342e-11
5.210147051312652795e-11
3.867781095158700467e-11
2.875091179796900073e-11
2.141574974757376553e-11
1.598299043860852278e-11
1.193655711087834526e-11
8.913683891884676686e-12
6.655211783381282841e-12
4.968197969627133369e-12
3.708300902661577189e-12
2.767559681168223413e-12
2.065247039864595762e-12
1.541017237762008703e-12
1.149772184417125835e-12
8.578171807944406402e-13
6.399833160902715865e-13
4.774736705201069174e-13
3.562583274457192535e-13
2.658771948910410479e-13
1.985276845529195264e-13
1.484460586611458937e-13
1.114798011401863634e-13
8.458905390174694735e-14
6.555187317798998495e-14
5.250241362367594159e-14
4.435201646944499520e-14
