# bin_1_2
1.451292387524911450e-07
1.488086635110426788e-07
1.530891640125276582e-07
1.580651608138149928e-07
1.638445282215894082e-07
1.705501293474349883e-07
1.783212207248970197e-07
1.873147704322203654e-07
1.977062133738786906e-07
2.096895881015681786e-07
2.234767965769646028e-07
2.392962951371808361e-07
2.573930113516745479e-07
2.780229538605380562e-07
3.014473296958638126e-07
3.279235503751535402e-07
3.576844829852393594e-07
3.909160180018395078e-07
4.277352466291442075e-07
4.681640382650936397e-07
5.120922702654989343e-07
5.592084139755654354e-07
6.089471053200464132e-07
6.604466990982813962e-07
7.124684777523176776e-07
7.633236347416048034e-07
8.108521268515501946e-07
8.524026982640564094e-07
8.849015310999860300e-07
9.050351204268776485e-07
9.095887713766692745e-07
8.959740961200278813e-07
8.629061349105335722e-07
8.111291111116542841e-07
7.439195986219771712e-07
6.670219865886551331e-07
5.877557637026554927e-07
5.128555877442266864e-07
4.460858666817611279e-07
3.868193430469019790e-07
3.316629751487302889e-07
2.788128842681731451e-07
2.296164471420670821e-07
1.865040133715478602e-07
1.506432103254605268e-07
1.221514385518241977e-07
9.887782187380815460e-08
7.934731752195301879e-08
6.394149442617706558e-08
5.170601502398686934e-08
4.198033750044252451e-08
3.431811946326528622e-08
2.826100303922398983e-08
2.345557318735641993e-08
1.960896269280551733e-08
1.648715500842692278e-08
1.390781446003467767e-08
1.173305672080001546e-08
9.863427915171649949e-09
8.231983830803256731e-09
6.797882942501309766e-09
5.539485048799832834e-09
4.446841285164406445e-09
3.514595659165557925e-09
2.736497671847667929e-09
2.102299833609016657e-09
1.597177984584320110e-09
1.203027595892068454e-09
9.005560938100903661e-10
6.712946248174034893e-10
4.989906570072536099e-10
3.702267715365437778e-10
2.744030490612549470e-10
2.033580187138940553e-10
1.508318836520700883e-10
1.120327985859496456e-10
8.333919811925932927e-11
6.204323304338052927e-11
4.619224607339845167e-11
3.438653400073242923e-11
2.559463422995222166e-11
1.904830839983920781e-11
1.417481343410033274e-11
1.054723471099338056e-11
7.847431443726138223e-12
5.838384296739936274e-12
4.343537329128613896e-12
3.231412932018835033e-12
2.404112639169044337e-12
1.788763497937368945e-12
1.331117338153663489e-12
9.908814875032961663e-13
7.383214879098367710e-13
5.514335031719077714e-13
4.140905935576264814e-13
3.150082795930520736e-13
2.467892380790453268e-13
2.053582410008787560e-13
1.837205225323761162e-13
1.754869979451549974e-13
