# bin_6_4
7.118604591652720699e-09
7.291688630633336184e-09
7.492825856820525584e-09
7.726379194934206242e-09
7.997341803996619256e-09
8.311409180516682666e-09
8.675068061860174463e-09
9.095673710206230258e-09
9.581549043019965826e-09
1.014209099432135214e-08
1.078789106345048572e-08
1.153085003824053753e-08
1.238429225635437659e-08
1.336291690291656465e-08
1.448317357231311558e-08
1.576327960457270742e-08
1.722336673669471552e-08
1.888513161198477732e-08
2.077062848294088569e-08
2.290285552716638010e-08
2.530581121255692707e-08
2.800468041669664298e-08
3.102284069179387179e-08
3.438107904677322948e-08
3.809918083333206396e-08
4.219334329128711266e-08
4.667246140234156383e-08
5.153679549490837859e-08
5.676729977088228388e-08
6.233133800481479928e-08
6.817027557679259043e-08
7.418594463259399217e-08
8.023881179714396134e-08
8.613324023830792023e-08
9.161050704946134801e-08
9.634249638758375046e-08
9.993282594883499106e-08
1.019308676815508818e-07
1.018721910004775862e-07
9.935389341370953918e-08
9.416646648666311793e-08
8.648170130640407747e-08
7.700242617017191057e-08
6.694340401266044500e-08
5.776050598365952169e-08
5.038577414676748269e-08
4.471862254996053644e-08
3.936090479925666934e-08
3.267046500449205400e-08
2.547750703972854175e-08
2.026740179519694050e-08
1.701298175860887049e-08
1.345322084262661610e-08
1.043568613655163307e-08
8.370304785975097515e-09
6.496739531395013860e-09
5.122565959205446924e-09
4.020277595219139827e-09
3.168853526589503812e-09
2.511716798847453168e-09
2.004503604708081848e-09
1.612631740247986617e-09
1.308670712630185624e-09
1.071053006114421339e-09
8.831339289387632163e-10
7.320743882299168787e-10
6.082058435780463460e-10
5.044870127296612802e-10
4.160528706259723823e-10
3.398108341212982729e-10
2.740016753854544829e-10
2.177048656647427280e-10
1.703933208508489346e-10
1.315466488654694633e-10
1.004292031068197338e-10
7.606407912376946085e-11
5.732666462599038102e-11
4.309185318657526602e-11
3.235932538603958574e-11
2.430928926994026432e-11
1.829993421567193671e-11
1.384951906688445549e-11
1.053548193096695152e-11
8.021696151849164115e-12
6.106194328398081310e-12
4.646824792823021264e-12
3.535357166373889939e-12
2.689141225731091438e-12
2.045078891248431317e-12
1.555022206010874155e-12
1.182250480070386336e-12
8.987682836516478567e-13
6.832425294114021375e-13
5.194220201621471273e-13
3.949307489828938854e-13
3.003419545039011724e-13
2.284860359153703463e-13
1.739183742427270555e-13
1.324787747510065506e-13
1.010095184418520388e-13
