# bin_3_4
3.830319121552204122e-08
3.930352811881541670e-08
4.046925557314029278e-08
4.182715779369709079e-08
4.340817354888514472e-08
4.524798434564408681e-08
4.738765948610303107e-08
4.987436980135512951e-08
5.276216007865609254e-08
5.611277475715966288e-08
5.999649464424978751e-08
6.449269320830656955e-08
6.969054696536712203e-08
7.568945023748456121e-08
8.259925595376855747e-08
9.053944435096030325e-08
9.963714593717462099e-08
1.100254584143921169e-07
1.218400817413992968e-07
1.352148490770111420e-07
1.502765455941552910e-07
1.671346352091582892e-07
1.858716365156417504e-07
2.065312812003430370e-07
2.290988744538948588e-07
2.534650267546373909e-07
2.794119611405496642e-07
3.066140333496515304e-07
3.345651666700089360e-07
3.625678912485937106e-07
3.897266796938686446e-07
4.149324103522815101e-07
4.368862463883937538e-07
4.541340023049503528e-07
4.651257958860613431e-07
4.682944994327125330e-07
4.621732460862036922e-07
4.455857679537150056e-07
4.180677860567336313e-07
3.805584298923154675e-07
3.361863293416420233e-07
2.905523921187582669e-07
2.501963449352140828e-07
2.185083808351025831e-07
1.937730124248914079e-07
1.683818932893053349e-07
1.374765854857785147e-07
1.074220947866221778e-07
8.718953011523199428e-08
7.261640460209008008e-08
5.707734659460193526e-08
4.524910085041245900e-08
3.622500506167806731e-08
2.864677550352816149e-08
2.284946452758758102e-08
1.825931493619507545e-08
1.467873912599340447e-08
1.188442366063372205e-08
9.697335573198392117e-09
7.975797546787563593e-09
6.607700334861309300e-09
5.505581569466174122e-09
4.602449961071434424e-09
3.847477550895585636e-09
3.203834823476584750e-09
2.646539272452227485e-09
2.160401528842259503e-09
1.737628075025492602e-09
1.374859893193552928e-09
1.070189504066839529e-09
8.209390043858491803e-10
6.224329981879989487e-10
4.680640357439522003e-10
3.502058467989263115e-10
2.612918486350315877e-10
1.946531850810832854e-10
1.449026939514510406e-10
1.078834301711928691e-10
8.047340847521635785e-11
6.030511301382366086e-11
4.534473321217352723e-11
3.410807122399549859e-11
2.564993616527114054e-11
1.928481310993662976e-11
1.449616253597926737e-11
1.089452099212583963e-11
8.186342721075847894e-12
6.150463892410646816e-12
4.620318077353262953e-12
3.470503919227900211e-12
2.606642703573998457e-12
1.957729668418323990e-12
1.470365103785463556e-12
1.104399886772534390e-12
8.296699958049625484e-13
6.235535874162521581e-13
4.691592485996353897e-13
3.539747952802858456e-13
2.682437745844400751e-13
2.042512663202640473e-13
