# bin_5_3
3.480486990147851788e-09
3.564723332446753741e-09
3.662485711813736133e-09
3.775827148086590312e-09
3.907074525708481877e-09
4.058853884332375225e-09
4.234115594137680524e-09
4.436157885063965153e-09
4.668648984876843901e-09
4.935646841680455875e-09
5.241615154107505585e-09
5.591433495994960502e-09
5.990404086221831184e-09
6.444257684017872910e-09
6.959110856884947907e-09
7.541373789998906171e-09
8.197677365392420597e-09
8.934636039971951351e-09
9.758417674054953572e-09
1.067464785622453481e-08
1.168793054258403335e-08
1.280177218590270949e-08
1.401828047478030399e-08
1.533768776393198500e-08
1.675813513373684778e-08
1.827558789642019424e-08
1.988352154688045054e-08
2.157160033496094030e-08
2.332622295877529507e-08
2.513344714760852512e-08
2.697265087225857805e-08
2.881671941764418510e-08
3.062555817194346352e-08
3.233607106818805011e-08
3.385324055053206428e-08
3.504843497357081869e-08
3.577129699236249768e-08
3.587365877519192492e-08
3.523127141337000821e-08
3.375363890734845227e-08
3.141510591385311077e-08
2.833113832164765755e-08
2.482635991828820962e-08
2.139244557941610049e-08
1.849346485401418742e-08
1.626290107278484267e-08
1.446866787232481351e-08
1.241571446382327588e-08
9.916411418339746977e-09
7.702598530482504504e-09
6.377155869446997848e-09
5.264375710022228504e-09
4.039167207983292309e-09
3.244505581652123034e-09
2.547087290560920546e-09
2.011231256356024267e-09
1.582228218460375711e-09
1.252521958108637857e-09
9.951608282639028668e-10
7.955761576030813375e-10
6.407951543122803080e-10
5.203659588626018708e-10
4.260282614252477358e-10
3.513443532999853960e-10
2.913464923336013708e-10
2.422313380299070609e-10
2.011900524461573987e-10
1.662408755833506256e-10
1.360953555515665537e-10
1.100101354409674226e-10
8.760326827378403844e-11
6.867392282451456684e-11
5.305188204090472214e-11
4.048750275390611010e-11
3.062523634725899485e-11
2.303617836976111335e-11
1.727547758724808436e-11
1.293684811257755331e-11
9.685427491909707947e-12
7.258392533715239938e-12
5.458289140049548833e-12
4.129590214574579577e-12
3.132362917817530021e-12
2.375656819500462012e-12
1.801257068723763536e-12
1.365395224654882203e-12
1.034768608399788942e-12
7.840486591984086623e-13
5.939805989739730265e-13
4.499335834896136014e-13
3.407950784982718229e-13
2.581300874241122188e-13
1.955419573352099073e-13
1.481803549674924165e-13
1.123598050125528761e-13
8.526360994872787922e-14
6.475985567372981238e-14
4.925193772212841909e-14
3.753557829395973735e-14
2.869330408693477555e-14
