# bin_3_1
7.621054259253728214e-09
7.807030665458247761e-09
8.023115040590763844e-09
8.273965616911094643e-09
8.564889184431999652e-09
8.901911833655280115e-09
9.291845209779640621e-09
9.742355654385449091e-09
1.026202473595464852e-08
1.086039590422535581e-08
1.154801542661444210e-08
1.233629299861787667e-08
1.323760015767033655e-08
1.426509017589780949e-08
1.543261329270124690e-08
1.675438438983583206e-08
1.824389054432822947e-08
1.991336877444579301e-08
2.177302735754867534e-08
2.383020019890384335e-08
2.608873262150292102e-08
2.854532656681021839e-08
3.118839642487159557e-08
3.399751017975874860e-08
3.693994621450826285e-08
3.996637729213274293e-08
4.301155480981293490e-08
4.599302550238834190e-08
4.880780317406289775e-08
5.133518292568396778e-08
5.344397916318315573e-08
5.500268383000717584e-08
5.589634774555463598e-08
5.604384635510701502e-08
5.540980976250846898e-08
5.400096651113598106e-08
5.184332561037883464e-08
4.893814843258468799e-08
4.525426008806404313e-08
4.079184359341236870e-08
3.573826026682493625e-08
3.061418474290593416e-08
2.612162057389721933e-08
2.260379750938739988e-08
1.981477095383542609e-08
1.703152110267773365e-08
1.386345859187131637e-08
1.088401101904023550e-08
8.843277412401375557e-09
7.334610094842009202e-09
5.792013655415061846e-09
4.619274875068001915e-09
3.713905149575742532e-09
2.961328257225188982e-09
2.380351575447560588e-09
1.918437154439872257e-09
1.554612734089276787e-09
1.266985796071349822e-09
1.038241781826022495e-09
8.549191168714695296e-10
7.065998155774099349e-10
5.853224726075469249e-10
4.850541267798670303e-10
4.011840943881671193e-10
3.302553594041576764e-10
2.697572799556353450e-10
2.179716557831193672e-10
1.738064913473905659e-10
1.365752628898311172e-10
1.057604232367548824e-10
8.082991710581732952e-11
6.113169039256741367e-11
4.589528232241721339e-11
3.430405802269641793e-11
2.558000430135803317e-11
1.905062073119369283e-11
1.417922134660040179e-11
1.055521887742655582e-11
7.871386902461670393e-12
5.894526890910965434e-12
4.427309534429489592e-12
3.326339316404331819e-12
2.498647176389776163e-12
1.876533304842920110e-12
1.409059573311007870e-12
1.057873938579910004e-12
7.941114114706688892e-13
5.960540176337234663e-13
4.473666778543844517e-13
3.357675102475145108e-13
2.520240483735649920e-13
1.892004828933790108e-13
1.420901608272815109e-13
1.067839991057600003e-13
8.035525045088710192e-14
6.062902694515443409e-14
4.601054775083876916e-14
3.534923874709359219e-14
2.760710718561874577e-14
2.190012543478135022e-14
