# bin_2_2
4.688887937778803181e-08
4.812155080135559827e-08
4.955780068226589664e-08
5.123041412440987899e-08
5.317714289947846713e-08
5.544133858045498474e-08
5.807261248953242359e-08
6.112750256757316352e-08
6.467010640208660303e-08
6.877263232450583120e-08
7.351580333246632933e-08
7.898902060293488649e-08
8.529015449376349099e-08
9.252481834669301182e-08
1.008049543207784448e-07
1.102464573704272246e-07
1.209655649555090217e-07
1.330738029984260451e-07
1.466708142945311076e-07
1.618349544889254015e-07
1.786114963151654580e-07
1.969960736985870080e-07
2.169147435963212546e-07
2.382038174929831325e-07
2.605846878417582381e-07
2.836377406836379872e-07
3.067728868812777219e-07
3.292033170077945278e-07
3.499348068875003442e-07
3.677702267515512009e-07
3.813525287071286431e-07
3.892623168545617102e-07
3.901846556636061779e-07
3.831491704729171754e-07
3.678126717553664168e-07
3.447079411461338461e-07
3.153759534394097691e-07
2.822162806063641001e-07
2.480905265168040724e-07
2.156798978005849757e-07
1.867550971618346326e-07
1.615989101342492241e-07
1.388426389662544807e-07
1.168088072689037368e-07
9.542344844250937835e-08
7.673931446611125648e-08
6.202781210980152706e-08
5.040207333777270188e-08
4.053414710267466843e-08
3.234668363897562232e-08
2.602688663899721720e-08
2.094030247937576323e-08
1.693665135906686757e-08
1.378264423536945963e-08
1.129945799354981884e-08
9.333988527724222866e-09
7.765740006532961332e-09
6.498011262541364170e-09
5.455813283594496532e-09
4.582656357406803556e-09
3.837645231996167069e-09
3.192747925094702587e-09
2.630136277789991935e-09
2.139516485617970120e-09
1.715380969036971830e-09
1.354455431512981795e-09
1.053626014402239938e-09
8.086407606593112200e-10
6.137024888551337332e-10
4.617967498198795043e-10
3.454234316517089323e-10
2.573820033465333010e-10
1.913304410747953667e-10
1.420391292709981362e-10
1.053896192152421960e-10
7.822661040107839053e-11
5.815036631810864668e-11
4.332280777455899155e-11
3.233757780047596405e-11
2.415142855708968848e-11
1.803528625108026339e-11
1.346566274480721393e-11
1.005225571390078813e-11
7.503042285331947107e-12
5.599591580201859046e-12
4.178568079067643027e-12
3.117870648787459339e-12
2.326247721131782770e-12
1.735520302542193030e-12
1.294760290053015809e-12
9.659333971477714371e-13
7.206471374776495914e-13
5.377233968449579521e-13
4.013634754286838331e-13
2.998628624044106400e-13
2.247154994307878623e-13
1.697221155098002992e-13
1.304295991856156473e-13
1.032781095839710933e-13
8.636767413459547720e-14
