# bin_4_3
1.079633672233863215e-08
1.105121901499119887e-08
1.134697244039828526e-08
1.168977150856540469e-08
1.208664180313305669e-08
1.254551164593162232e-08
1.307528893652567607e-08
1.368597405499331391e-08
1.438869432751949082e-08
1.519576942908440669e-08
1.612076366237843774e-08
1.717846502136661722e-08
1.838470452098740083e-08
1.975583758632590661e-08
2.130824765903495467e-08
2.305907578874260380e-08
2.502607480429618345e-08
2.722589199051690406e-08
2.967279955300196604e-08
3.237769210320335612e-08
3.534700090622229155e-08
3.858463307922202199e-08
4.208946698275196126e-08
4.585360331957548971e-08
4.986706414286081479e-08
5.411604378893773355e-08
5.857832086738034585e-08
6.322347325886100279e-08
6.801289227033061170e-08
7.288176945125296409e-08
7.773097797429449156e-08
8.241998611301682188e-08
8.675782893194704712e-08
9.050534976618423232e-08
9.338481418028846047e-08
9.509611497237800439e-08
9.532722104876745692e-08
9.376485978540106737e-08
9.014146747512976414e-08
8.433576436049624212e-08
7.653439398297417667e-08
6.741473794512690382e-08
5.817031318981408272e-08
5.010559229984709025e-08
4.379815213572535165e-08
3.887372052901578838e-08
3.373336228347694457e-08
2.742472724338758665e-08
2.134895266972588567e-08
1.738858427295166636e-08
1.449626878348725571e-08
1.130559183522901782e-08
8.977217617161979187e-09
7.153908721149406593e-09
5.640567544190240862e-09
4.475114051656087050e-09
3.558749705483150166e-09
2.843064197575943904e-09
2.285871282384827468e-09
1.851312909143101711e-09
1.511023166081322297e-09
1.242564938627362203e-09
1.028389927682759911e-09
8.549818445143027337e-10
7.119665149037325743e-10
5.916750900504717839e-10
4.887196247157076686e-10
3.996282078769253413e-10
3.224333022094628087e-10
2.561564105310970567e-10
2.002740870616727617e-10
1.542856562482308442e-10
1.174199417818866627e-10
8.857901958686713343e-11
6.645457768095440231e-11
4.970547797454335107e-11
3.711971548016900792e-11
2.770477258172292171e-11
2.068722681905093913e-11
1.548421776820583608e-11
1.165090762483974135e-11
8.796726937213033828e-12
6.643379776922530295e-12
5.015879921574837123e-12
3.786181961203849835e-12
2.857344539255502043e-12
2.155969011856662284e-12
1.626505740123049162e-12
1.226933521403514944e-12
9.254740075953399818e-13
6.981085213283166118e-13
5.266835594687672316e-13
3.974715981607464257e-13
3.001027657097709017e-13
2.267468676739920875e-13
1.714932254701719573e-13
1.299008152844926691e-13
9.865961866771741541e-14
7.524829342557880147e-14
5.769718572617577575e-14
