# bin_4_4
1.900309405082194211e-08
1.947712779264623930e-08
2.002853043722323947e-08
2.066948136333503001e-08
2.141397752461820874e-08
2.227803521170325638e-08
2.327993902150912230e-08
2.444055158978676751e-08
2.578357071771686366e-08
2.733584195995385389e-08
2.912768553942662273e-08
3.119318753660182758e-08
3.357035575220882593e-08
3.630087347238806230e-08
3.942980348110978712e-08
4.300659466868002776e-08
4.708504297735516135e-08
5.172127396073104802e-08
5.697227604886174161e-08
6.289445933118851056e-08
6.954160059261969937e-08
7.696563640159195774e-08
8.521229215919517986e-08
9.431700853712018775e-08
1.043065592310803527e-07
1.151929186984791955e-07
1.269583552824198776e-07
1.395462580805876746e-07
1.528678175229262330e-07
1.667583955671228831e-07
1.809576123052436422e-07
1.950974283758544135e-07
2.086741532664508949e-07
2.210426292644830271e-07
2.314169259812170541e-07
2.388889814934510605e-07
2.424614548305997095e-07
2.411184814482444623e-07
2.339929861906268543e-07
2.206694938584321749e-07
2.016125148677503714e-07
1.785812998589923929e-07
1.546603948927158790e-07
1.333827478082680405e-07
1.166236858519528006e-07
1.037607432658644839e-07
9.074959568063455753e-08
7.439847488210139615e-08
5.788440676853094726e-08
4.676882428960979294e-08
3.914783637263422003e-08
3.066804591352061797e-08
2.416909656783374243e-08
1.930348630775505188e-08
1.515171570277755271e-08
1.199989256242675212e-08
9.509511530505195353e-09
7.572409097033637302e-09
6.069453733185076975e-09
4.902318984497257833e-09
3.993127221030505191e-09
3.280050065363541992e-09
2.714559556320294786e-09
2.259231009577972467e-09
1.885311329385300070e-09
1.571523703485222432e-09
1.302924320712261957e-09
1.069893072948121893e-09
8.670304828495436575e-10
6.917917506390857239e-10
5.430232866910542387e-10
4.197488395902365161e-10
3.203052220692936935e-10
2.420993150930970275e-10
1.818695169468281713e-10
1.361535902306645686e-10
1.017465941919539521e-10
7.597977976666438976e-11
5.675708802586536796e-11
4.248924904777435866e-11
3.197468554679234787e-11
2.415872432808678596e-11
1.826204874176456256e-11
1.380112723095191892e-11
1.042724538705831926e-11
7.876340530549612326e-12
5.948258510560779552e-12
4.491352545639118452e-12
3.390780247082871597e-12
2.559604243599716817e-12
1.932042386830802079e-12
1.458332348422445454e-12
1.100831965071181466e-12
8.310842009954872598e-13
6.275834842017948518e-13
4.740824575408576941e-13
3.583300263756229805e-13
2.711188622774514684e-13
2.054740162850740766e-13
1.560574085597314268e-13
