# bin_4_2
5.798500290043501463e-09
5.921258603287875277e-09
6.062975301827865498e-09
6.226252986532768613e-09
6.413982541660467427e-09
6.629311898320499431e-09
6.875629440172733668e-09
7.156572029377627214e-09
7.475944609193694733e-09
7.837661355227578831e-09
8.245662473324778316e-09
8.703745143195776436e-09
9.215239908134678279e-09
9.782403939368105381e-09
1.040586055848448755e-08
1.108523825799313594e-08
1.181910064716888466e-08
1.260348904618172766e-08
1.343085940709701558e-08
1.428951800686034760e-08
1.516318780561061571e-08
1.603369639854393284e-08
1.687962359448967553e-08
1.767589176052695193e-08
1.840014643986780564e-08
1.903344086997890807e-08
1.956143610962544482e-08
1.997745819966658794e-08
2.028005514233449128e-08
2.046994719086522318e-08
2.054443379024484844e-08
2.049448588898731019e-08
2.030334039369269741e-08
1.995052149381835929e-08
1.942209099049868852e-08
1.872092584475164129e-08
1.786280489118810604e-08
1.685737292311607648e-08
1.569641702000462955e-08
1.435459947990395130e-08
1.281645031668076544e-08
1.114184645733708836e-08
9.502947166588911628e-09
8.093334004762198565e-09
6.977729032238709399e-09
6.086262546507162880e-09
5.220215925452375498e-09
4.255422544834079810e-09
3.346642031292917295e-09
2.721391059237152134e-09
2.261149719813111142e-09
1.787860653961733017e-09
1.428143289528046484e-09
1.148630633787725069e-09
9.153403481761278293e-10
7.339014939790788606e-10
5.891832127137223944e-10
4.745224309685017323e-10
3.836039927718473246e-10
3.112708746556526428e-10
2.534779121152011562e-10
2.070522629708366031e-10
1.695217047313944430e-10
1.389660955198513887e-10
1.138747802469013121e-10
9.307338040471700513e-11
7.566910957075140916e-11
6.101291955517403234e-11
4.865946927548206015e-11
3.831203523937019122e-11
2.976013581791785980e-11
2.282538624706396220e-11
1.732191755487148793e-11
1.304413725242961345e-11
9.775613815776711171e-12
7.307101025325235078e-12
5.454719816073106720e-12
4.069963631826317123e-12
3.038001505537776127e-12
2.272357425884224925e-12
1.707292626055335836e-12
1.286792652271519476e-12
9.702027346559565692e-13
7.313697666955798292e-13
5.512370610648348744e-13
4.154151821765456393e-13
3.130360807051010386e-13
2.358934414260561491e-13
1.777948209614312670e-13
1.340653271836553437e-13
1.011807937871322208e-13
7.647929759075426595e-14
5.794019712979252129e-14
4.403707712747411333e-14
3.361812633978568160e-14
2.581470670403652942e-14
1.998712557166976002e-14
1.568182967250693322e-14
1.253373853404216458e-14
1.022143203022268177e-14
