# bin_3_2
1.052972298884488879e-08
1.079111010075143486e-08
1.109497692807779258e-08
1.144794351104058596e-08
1.185756416930694994e-08
1.233243043578778299e-08
1.288226905897076850e-08
1.351804149866652266e-08
1.425203044890522955e-08
1.509790386581036351e-08
1.607075800262124046e-08
1.718695842615868718e-08
1.846420148025453585e-08
1.992125929077255057e-08
2.157775712557252030e-08
2.345364111284417851e-08
2.556781840477097865e-08
2.793724667708941133e-08
3.057558966802962007e-08
3.349170494618612578e-08
3.668834630963230672e-08
4.015757628801834534e-08
4.387842349070836478e-08
4.781498549540087780e-08
5.191156411181071995e-08
5.608684621955326441e-08
6.023448642877363455e-08
6.422020095929079242e-08
6.787846135265726947e-08
7.101865104973177938e-08
7.343659598681729670e-08
7.493464369068982039e-08
7.535278581492833469e-08
7.460391466826603816e-08
7.270169377572051173e-08
6.976055283704384924e-08
6.595353414562153357e-08
6.141750722375050228e-08
5.619304150143774974e-08
5.026860613917802685e-08
4.378948250981293543e-08
3.732069494765926582e-08
3.170008125093173250e-08
2.731561147051182655e-08
2.376877323487323627e-08
2.016736386126855133e-08
1.625961909132146655e-08
1.281165181741039565e-08
1.048072823609919332e-08
8.624981120895230853e-09
6.802723953464853902e-09
5.469569815775300948e-09
4.393941041445491408e-09
3.528435770310615671e-09
2.849183360910770061e-09
2.311344953792455531e-09
1.885126146086165666e-09
1.545644084899018772e-09
1.272980852935033005e-09
1.051802204885642722e-09
8.704745798654577559e-10
7.203155083106906071e-10
5.948763689080527060e-10
4.892956715495136019e-10
3.999169087302259966e-10
3.240136668740218190e-10
2.596161172324015421e-10
2.053442130100485198e-10
1.601906617175913356e-10
1.232978374536347808e-10
9.379081936373202821e-11
7.069302686278554769e-11
5.295077943371989442e-11
3.951786102669022563e-11
2.943952364823218441e-11
2.191149989845146784e-11
1.630202529830970879e-11
1.213235113016056370e-11
9.046920878044025550e-12
6.772621682933357617e-12
5.081279661276759959e-12
3.812707104350457638e-12
2.860277629725559498e-12
2.145373898426710558e-12
1.608891370185791679e-12
1.206392815207539940e-12
9.044822064238582393e-13
6.780687690835586168e-13
5.083075066911156260e-13
3.810493328209879874e-13
2.856730067996260773e-13
2.142105790201015199e-13
1.606894134560497469e-13
1.206325174183595265e-13
9.069608409769678096e-14
6.840884403053276863e-14
5.198863801154786363e-14
4.020123817282327439e-14
3.184387731167847271e-14
2.579022059463616346e-14
