# bin_6_1
2.313968287747855670e-09
2.360133597650391512e-09
2.413309316445602926e-09
2.474431101697873452e-09
2.544525382535787718e-09
2.624703238090064991e-09
2.716159285671374399e-09
2.820148860686005609e-09
2.937974394316289909e-09
3.070965930572837525e-09
3.220462639536838038e-09
3.387778397199546501e-09
3.574164991994892137e-09
3.780604125762682058e-09
4.008009894732392332e-09
4.257154353716606108e-09
4.528802884089288047e-09
4.823306838023977134e-09
5.139605055431659853e-09
5.476157891011324819e-09
5.831253008939085927e-09
6.203859190450404423e-09
6.591496618357009276e-09
6.990499951736289110e-09
7.399007227714643006e-09
7.816081890477146008e-09
8.240444877284688190e-09
8.673456835113177762e-09
9.115789082567157977e-09
9.569266013039312818e-09
1.003464173136784370e-08
1.050943637201830644e-08
1.098661874928648503e-08
1.145187027899929766e-08
1.188179266773309569e-08
1.224335292135563539e-08
1.249426479050010127e-08
1.258484130873132537e-08
1.246277753681031055e-08
1.207934727834934159e-08
1.140373492029461223e-08
1.044996485281086277e-08
9.295578594701753326e-09
8.075092579781183838e-09
6.953256275876599368e-09
6.045958576212551276e-09
5.350965211622015716e-09
4.714665712850776582e-09
3.932968778912187039e-09
3.078927582746718375e-09
2.443016202416570663e-09
2.049722703720010157e-09
1.630974269847739624e-09
1.265000316764706842e-09
1.016606795373755107e-09
7.904377267711412509e-10
6.240147002449042407e-10
4.899146526684580316e-10
3.861325472765189232e-10
3.057508983812442281e-10
2.435400036185223401e-10
1.953859572082461272e-10
1.580072081609484831e-10
1.288106407409480678e-10
1.057813474922307978e-10
8.735404418237914256e-11
7.233804869851007362e-11
5.985512203174189507e-11
4.928718628356979512e-11
4.023027799629499843e-11
3.244486795680984244e-11
2.579884418827300468e-11
2.021531367762076256e-11
1.562635124411846864e-11
1.194422056602407465e-11
9.055545043103295301e-12
6.830201113497600774e-12
5.137300106864556211e-12
3.859575865576731846e-12
2.900367831595486695e-12
2.183649874689346645e-12
1.652422635400214787e-12
1.257116632254482085e-12
9.574784067126831165e-13
7.291326247416506989e-13
5.551120449280743371e-13
4.225348803548651254e-13
3.215676470888848208e-13
2.447009148034587265e-13
1.862023314592267754e-13
1.416996402231828675e-13
1.078573474342534876e-13
8.213282345761924844e-14
6.258741433828184508e-14
4.774308286948922422e-14
3.647045148459619605e-14
2.791186091542931521e-14
2.141874712978098552e-14
1.648997105382615034e-14
1.274693055828323804e-14
