# bin_1_1
8.867601311026700080e-08
9.088117331264734900e-08
9.344491832086830381e-08
9.642301256526267917e-08
9.987897798984675187e-08
1.038849685367523874e-07
1.085225137326355150e-07
1.138832078354017137e-07
1.200689258451296979e-07
1.271915789504397844e-07
1.353722440923837804e-07
1.447400892043132304e-07
1.554330196939222417e-07
1.675937588083377102e-07
1.813663863863172035e-07
1.968910831962179046e-07
2.142888632113781308e-07
2.336467511179890403e-07
2.550067673558421710e-07
2.783530035504137505e-07
3.035898851706700322e-07
3.304942278966033510e-07
3.586881017186736650e-07
3.876200159124698167e-07
4.165164689330234401e-07
4.443412110943802948e-07
4.697964677507131054e-07
4.913191909042331961e-07
5.071418013603123528e-07
5.154255247829223135e-07
5.144851708198061308e-07
5.031145796226587342e-07
4.809645011381860226e-07
4.488976242830737124e-07
4.091512257101476363e-07
3.651453800201786876e-07
3.208782437119620339e-07
2.796941936738475867e-07
2.430927814746391651e-07
2.102539332881180913e-07
1.793360416143157290e-07
1.498498187194872919e-07
1.230010715948254430e-07
9.996489049212526237e-08
8.082243647377059499e-08
6.546659170433641534e-08
5.295211080100126461e-08
4.255529067009537400e-08
3.434379187927625156e-08
2.782015257016995398e-08
2.264244383228602502e-08
1.855746016094476313e-08
1.532309641814682915e-08
1.274900502537363177e-08
1.067931184912045573e-08
8.990011040004092206e-09
7.585351959634040528e-09
6.393780502520428813e-09
5.364557807947908723e-09
4.464317536965060217e-09
3.673296908264448319e-09
2.981300111584101649e-09
2.383488690042794771e-09
1.876611443262833778e-09
1.456314054789227845e-09
1.115843403896615008e-09
8.460755361562687342e-10
6.364162646269908323e-10
4.759763380989970660e-10
3.545908333128917906e-10
2.634665235842175156e-10
1.954237302721858778e-10
1.448236965710324631e-10
1.073319264795335772e-10
7.962021627315505932e-11
5.914348666631053810e-11
4.398985477407999335e-11
3.273976357710892754e-11
2.436783578058873361e-11
1.813452084688651504e-11
1.349398336947110353e-11
1.003979499173147476e-11
7.469075463272866313e-12
5.556145888058304057e-12
4.132887262451990614e-12
3.074093953157589261e-12
2.286528090359457212e-12
1.700782422916624393e-12
1.265190986951678762e-12
9.413090892059297901e-13
7.005232278401014814e-13
5.216104085372682604e-13
3.889784727231250851e-13
2.911010866763845978e-13
2.195454699269028144e-13
1.684729942969517983e-13
1.340232951973472119e-13
1.139167539341400852e-13
1.039046655930120527e-13
1.002313347429530428e-13
