# bin_4_4
2.092672524643647290e-05
2.097410558472960834e-05
2.100298068268902354e-05
2.104139635827940945e-05
2.109681889097559719e-05
2.116971443052755158e-05
2.125799507332186387e-05
2.135830535426389891e-05
2.146685412310873442e-05
2.157996298454714309e-05
2.180661869976392451e-05
2.191447777063821098e-05
2.210797325231171986e-05
2.226082005511547513e-05
2.236382795454104023e-05
2.241381786228814813e-05
2.233316656774366556e-05
2.212475970168059579e-05
2.166479272023028998e-05
2.084401808010667890e-05
1.982069486460050382e-05
1.867208251755126717e-05
1.698741018863856743e-05
1.535426179014919574e-05
1.368235514991083179e-05
1.213121496525395230e-05
1.074065676108828168e-05
9.702966843264035628e-06
8.888401605235334653e-06
7.986027346914642433e-06
6.928796502528561121e-06
5.679932684587227622e-06
4.633415402101727960e-06
3.928347301815630575e-06
3.438511845382209502e-06
2.848870891708035604e-06
2.297358147659209030e-06
1.937223344553147917e-06
1.602419215371873122e-06
1.313876174720552295e-06
1.090705579897559952e-06
9.000601771073074618e-07
7.468311605144920974e-07
6.213809215853100652e-07
5.192677229021379053e-07
4.362004529029994847e-07
3.685153815005937657e-07
3.131821830910035062e-07
2.677083441377357442e-07
2.300311586531453795e-07
1.984967717649998680e-07
1.717515683304480234e-07
1.487272367436028804e-07
1.286061903465477094e-07
1.107835295458351450e-07
9.484652801696768192e-08
8.053848640692207151e-08
6.772476134601635953e-08
5.634304842796083475e-08
4.636713514133859192e-08
3.776590442931703267e-08
3.048413278591780545e-08
2.442751286884756154e-08
1.946933126519694340e-08
1.546163548915293349e-08
1.225200752261764105e-08
9.695906801249786861e-09
7.667717662399676999e-09
6.062397808617525637e-09
4.794608249369898591e-09
3.797379575160012962e-09
3.018177812591706971e-09
2.407336618083201167e-09
1.922145400402729639e-09
1.534557123739191703e-09
1.224891325385244589e-09
9.775407870554226395e-10
7.800102665311469029e-10
6.222990385096633920e-10
4.964055130400247198e-10
3.959296222606883463e-10
3.157538184631149429e-10
2.517872494687203162e-10
