# bin_1_1
6.694727672575397320e-05
7.306205205728896670e-05
7.837210793663021587e-05
8.309862740935357935e-05
8.715765268264499691e-05
9.048180165438727131e-05
9.305240904797777062e-05
9.488862066442280098e-05
9.603379064719518260e-05
9.654545678286628361e-05
9.593121724258100731e-05
9.494148350758275124e-05
9.192698175091249945e-05
8.793329769527129312e-05
8.337603077591750913e-05
7.618573911586450326e-05
6.923655970353463076e-05
6.297193480682286917e-05
5.595100631060159790e-05
4.916810853713576856e-05
4.402912537703213561e-05
3.987089541869913065e-05
3.489604091943620759e-05
3.053631764945627223e-05
2.623901834534115671e-05
2.228081308592242662e-05
1.855986203486633353e-05
1.561318392030251525e-05
1.332119101644857431e-05
1.115839249698125173e-05
9.346964948580561408e-06
7.799031934196953164e-06
6.576199394925244532e-06
5.500145966823143394e-06
4.637317743006417269e-06
3.926856527575192123e-06
3.339720426911400418e-06
2.855566147271987301e-06
2.454803266362438172e-06
2.121485323147041692e-06
1.842037758144891407e-06
1.605227235737902397e-06
1.401901905584247647e-06
1.224747677292938029e-06
1.068141270735162535e-06
9.279565178621651617e-07
8.013683701143962449e-07
6.866480487118482201e-07
5.828954559375091839e-07
4.897483045132125413e-07
4.070962475206143259e-07
3.348341669047160621e-07
2.726882994211889982e-07
2.201339972731311142e-07
1.763969457320016645e-07
1.405158101838977728e-07
1.114321091357965734e-07
8.807954838054006676e-08
6.945853851003965017e-08
5.468225044094707480e-08
4.299625179846697711e-08
3.377854560762976342e-08
2.652672501122026322e-08
2.083662976099827631e-08
1.637989678624925584e-08
1.289173916187766108e-08
1.015950061738467720e-08
8.012574764370060811e-09
6.320299133362722696e-09
4.985004387685946070e-09
3.931390954671792333e-09
3.100148473325099695e-09
2.444430578682483785e-09
1.927237656561927568e-09
1.519352647093885118e-09
1.197708272254193252e-09
9.440957883680346269e-10
7.441440673441515736e-10
5.865126010535668931e-10
4.622537522492421599e-10
3.643088676320776108e-10
2.871102377304045705e-10
2.262667387255449324e-10
