# bin_2_2
3.396543969877614550e-05
3.630316128088162251e-05
3.853808337303619297e-05
4.070403681942846917e-05
4.275315103906402299e-05
4.464345808428485249e-05
4.634852059659644156e-05
4.785463214825377972e-05
4.915704631613446429e-05
5.025709812525715685e-05
5.187406204071919258e-05
5.240856008145535253e-05
5.298261842836975470e-05
5.297342674743559578e-05
5.247387080992103599e-05
5.099990526105182035e-05
4.890063649987277619e-05
4.641557045270002603e-05
4.283575171247309000e-05
3.840030633904800559e-05
3.438704242912485781e-05
3.097878686251537864e-05
2.724392431812798802e-05
2.450870784774881255e-05
2.213860644945355236e-05
1.990938449106543592e-05
1.736466813999784853e-05
1.473487212871963481e-05
1.232183921007627961e-05
1.019797949634468881e-05
8.719946195843873628e-06
7.422425917575299872e-06
6.193264257049609768e-06
5.094419245505848203e-06
4.275463801257948910e-06
3.570629155184040933e-06
2.975198354100162994e-06
2.495488263536636837e-06
2.095289405337237356e-06
1.768461183820834004e-06
1.499533562164402304e-06
1.278523112829718643e-06
1.096165548669170161e-06
9.447971609405993940e-07
8.180726733717512471e-07
7.107815253156416818e-07
6.187065534415388490e-07
5.385383302104989442e-07
4.677301296593662977e-07
4.044396275998765789e-07
3.474279121445607086e-07
2.959473020356208655e-07
2.496177219561721624e-07
2.082891851919690087e-07
1.719046228116911941e-07
1.403842285077169234e-07
1.135527057899373147e-07
9.110698137041309995e-08
7.262989073032741821e-08
5.762506948849344337e-08
4.556934833641767811e-08
3.595662530872736788e-08
2.833065231779229834e-08
2.230011122131901217e-08
1.754246167282878691e-08
1.379758654894773884e-08
1.085755319074847639e-08
8.556185006759888773e-09
6.757980055523355727e-09
5.347773595824757820e-09
4.234188426844953720e-09
3.352177555756918097e-09
2.653508343694999583e-09
2.100171018593840306e-09
1.662010884471104072e-09
1.315110680931274210e-09
1.040505129369696621e-09
8.231592560927968574e-10
6.511566320409930269e-10
5.150546052970698552e-10
4.073723322583297331e-10
3.221843774511680931e-10
2.547982070118320372e-10
