# bin_3_3
3.835769938770563261e-05
3.865998281811487306e-05
3.891636865238511962e-05
3.917422397263553753e-05
3.944467856093331726e-05
3.972787271378966340e-05
4.001881394837562080e-05
4.031050264017946338e-05
4.059566777382122454e-05
4.086741761352579875e-05
4.134729118520080461e-05
4.154609072491424672e-05
4.184467038052260652e-05
4.199781449511031864e-05
4.199779086550858468e-05
4.171147873553766346e-05
4.110146670347932776e-05
4.020478997738607463e-05
3.864418160034778098e-05
3.627675159878309855e-05
3.366143395684979942e-05
3.100021798406579001e-05
2.748796929316658382e-05
2.445739035288430364e-05
2.170372004950213852e-05
1.945354558310448325e-05
1.756715518167075953e-05
1.600045743894970470e-05
1.433355819793890908e-05
1.210893748274215040e-05
9.925946466603513421e-06
8.155533818308017342e-06
7.068462716070817062e-06
6.081792785545036404e-06
4.973201076615372158e-06
4.078547154576787670e-06
3.445120992112304049e-06
2.837862647642245893e-06
2.352444080704219318e-06
1.955389547772898757e-06
1.626102961603713022e-06
1.357643122387513413e-06
1.138308717672592161e-06
9.591205232844959930e-07
8.127045999990721039e-07
6.927011486183786110e-07
5.938314230021580196e-07
5.117280503077193513e-07
4.428320188717934311e-07
3.842644037955732192e-07
3.337140196345750703e-07
2.894003124115035389e-07
2.500155149092556079e-07
2.146542733801863132e-07
1.827669839881560239e-07
1.540687950707490346e-07
1.284551852909118285e-07
1.058963152620985979e-07
8.636071721311370855e-08
6.975488257570673498e-08
5.589882873376512859e-08
4.452827635981578639e-08
3.532431328052819631e-08
2.794891487888965130e-08
2.207772233645420368e-08
1.742196267340804098e-08
1.373993715431707540e-08
1.083399360997017258e-08
8.545695988131662136e-09
6.752877955977611721e-09
5.354935258919012765e-09
4.257366194186333719e-09
3.386382430214278980e-09
2.693152514900977884e-09
2.141464681598112043e-09
1.702514363709713897e-09
1.353335409169161623e-09
1.075622274439785887e-09
8.547885573655443117e-10
6.792146906670002721e-10
5.396470244722326877e-10
4.287180169455195903e-10
3.405632666793708523e-10
