# bin_5_5
2.456410229403459543e-05
2.458378778011992391e-05
2.458508375925460069e-05
2.458665040768809377e-05
2.459492048385568080e-05
2.461116739679325720e-05
2.463497086454061519e-05
2.466522562327467337e-05
2.470032038296134523e-05
2.473845002194052193e-05
2.481691288971458071e-05
2.485402250354582334e-05
2.491701232397746285e-05
2.495758028277080079e-05
2.496872675194005290e-05
2.491987110778305100e-05
2.478421976275169952e-05
2.455853003392681794e-05
2.412095009752853383e-05
2.337452094716285591e-05
2.244495713479835309e-05
2.138114160924614672e-05
1.976261452116222624e-05
1.810894495229785402e-05
1.630798606860254222e-05
1.451663342328013907e-05
1.275341082753145657e-05
1.135470952434816625e-05
1.031500689698173654e-05
9.387695099651740220e-06
8.474232076384526701e-06
7.275309824677993645e-06
5.957911899417335063e-06
4.809609942781910871e-06
4.124486339933588449e-06
3.620730782183656200e-06
2.971004818604615422e-06
2.384274839176779249e-06
2.023870329884742489e-06
1.658840402945856201e-06
1.358421212228661269e-06
1.123616063782775398e-06
9.237496837786687706e-07
7.627341078748591147e-07
6.320202737911097163e-07
5.255312649861430748e-07
4.391616392085640617e-07
3.690489029969635228e-07
3.119678629923864285e-07
2.652974572940501478e-07
2.268722103829349819e-07
1.949564894128646266e-07
1.681290376100740887e-07
1.452590602800579145e-07
1.254723780400485597e-07
1.081041071810742209e-07
9.268507536117648309e-08
7.890373196354465182e-08
6.658055092542363754e-08
5.561880287277507231e-08
4.597461419245005042e-08
3.761375908637913729e-08
3.049015843623718246e-08
2.452629288114940396e-08
1.961396948995409463e-08
1.562260642650459127e-08
1.241264409610681564e-08
9.848096793627687751e-09
7.808048449549835965e-09
6.189802833889747203e-09
4.909038717130499621e-09
3.899797199726984130e-09
3.110612345199307387e-09
2.490262186613592134e-09
1.995251994678385153e-09
1.598341544728009821e-09
1.280129298755669297e-09
1.025076128917149097e-09
8.206955145366912237e-10
6.569575078189686874e-10
5.258082598069913322e-10
4.207828722540927431e-10
3.366935925191395429e-10
