# bin_6_6
1.202751042075305098e-05
1.205743614873426513e-05
1.208329961569789245e-05
1.211583481382321616e-05
1.215777721227637140e-05
1.220872143748791071e-05
1.226736436311682963e-05
1.233216305598760969e-05
1.240144957231674226e-05
1.247361980518610843e-05
1.262091390117166485e-05
1.269358793354284230e-05
1.283203122885771945e-05
1.295612304608399040e-05
1.306134066759207267e-05
1.317733166030785592e-05
1.323826065044716324e-05
1.324222548081685499e-05
1.316067069130631139e-05
1.292982963643176636e-05
1.257589444150194728e-05
1.212433026168494439e-05
1.137891859506903596e-05
1.056419447448971345e-05
9.624343673258716728e-06
8.634610549176036665e-06
7.602131531165129657e-06
6.736381432711255240e-06
6.059030799349488705e-06
5.485149803610544457e-06
5.022150549602649584e-06
4.448077499721317625e-06
3.754607885150359921e-06
3.018465019425543675e-06
2.489533271215744942e-06
2.176852007870297914e-06
1.871371878930568227e-06
1.498455691951522533e-06
1.229709893196115074e-06
1.039209519210173281e-06
8.387426725659192389e-07
6.943594766417119857e-07
5.680473397988924549e-07
4.680107105199276179e-07
3.851202465060016960e-07
3.183724711476138362e-07
2.642670116214167023e-07
2.204169625695857722e-07
1.848749938681866890e-07
1.559914831501308348e-07
1.324047581750405190e-07
1.130218617549734128e-07
9.694663132264592655e-08
8.345764618239231088e-08
7.198250075462902738e-08
6.207579306896799971e-08
5.340338725430694451e-08
4.572584041564525841e-08
3.888603579233837168e-08
3.278793282014451534e-08
2.737907459155896312e-08
2.263138990110312757e-08
1.852385234996120793e-08
1.502868060047806990e-08
1.210391281306157136e-08
9.694551135632035034e-09
7.735266958902527379e-09
6.157515632195145672e-09
4.895100115074240677e-09
3.889481081291369502e-09
3.090955700652411948e-09
2.458491993756909410e-09
1.960371698867774252e-09
1.570417881447422254e-09
1.261623252860147196e-09
1.013779036219430415e-09
8.144591522861467180e-10
6.541996283130401878e-10
5.253778475311500458e-10
4.218512504772424557e-10
3.386715305023757080e-10
2.718538272166920227e-10
2.181902151712467557e-10
