# bin_6_2
-1.723718455544410536e-09
-1.754513699871805941e-09
-1.789858290784879106e-09
-1.830305187168176887e-09
-1.876455881466865231e-09
-1.928984535807925636e-09
-1.988650489192913739e-09
-2.056327580913542865e-09
-2.132954419635246855e-09
-2.219453893300158217e-09
-2.316707235708505158e-09
-2.425686559425519037e-09
-2.547591477376597375e-09
-2.683603336919559244e-09
-2.834625597483860925e-09
-3.001201760096918601e-09
-3.183445172262582160e-09
-3.381116732667045481e-09
-3.594511791017616760e-09
-3.825708800371328456e-09
-4.077705249546129007e-09
-4.351203432284729313e-09
-4.642935402580680962e-09
-4.950088791663778678e-09
-5.274054339068297568e-09
-5.611663253260919102e-09
-5.954292161500946753e-09
-6.291948007454398812e-09
-6.614547733827917348e-09
-6.905793645499505004e-09
-7.146690168223237128e-09
-7.318464930903680980e-09
-7.398501753413398621e-09
-7.367734623140306468e-09
-7.209710593610136577e-09
-6.916792797972686322e-09
-6.492705508794093984e-09
-5.957068711555228828e-09
-5.346041744520081901e-09
-4.708757571594115503e-09
-4.097363291698465232e-09
-3.548711406940263583e-09
-3.068208861651859401e-09
-2.633468310803274395e-09
-2.221816899714631715e-09
-1.832984488433644543e-09
-1.484244888736374394e-09
-1.195347674275698214e-09
-9.685426270933001262e-10
-7.812213440213923044e-10
-6.245357099704696662e-10
-4.999712636289060842e-10
-4.016458337064229664e-10
-3.231788151850980602e-10
-2.615944347011764342e-10
-2.129224816233331473e-10
-1.744870829230566799e-10
-1.439195726874230366e-10
-1.193700654018146431e-10
-9.939421672853195364e-11
-8.288573763342645177e-11
-6.902327762706196633e-11
-5.721873963403790703e-11
-4.707083041106035466e-11
-3.832076043951858871e-11
-3.080797710449155205e-11
-2.442854169461535613e-11
-1.910010352787257995e-11
-1.473724384954214192e-11
-1.123968732176349693e-11
-8.492234352404047112e-12
-6.372047467008511825e-12
-4.758820391434374253e-12
-3.543703454176923939e-12
-2.634596726782670580e-12
-1.957575403558347621e-12
-1.455219891781242966e-12
-1.083388602401255731e-12
-8.083987223360409465e-13
-6.045237316497445893e-13
-4.525661773555807414e-13
-3.388496735638734757e-13
-2.536700190725220620e-13
-1.898810291950811417e-13
-1.421197898439810129e-13
-1.063690446679940865e-13
-7.961699095461358659e-14
-5.960230149358774603e-14
-4.463212637054322422e-14
-3.343759877764564845e-14
-2.506816998848891529e-14
-1.881275099660101064e-14
-1.413929874327713513e-14
-1.064955708435527894e-14
-8.046572656286769823e-15
-6.109571787332198705e-15
-4.674143999793360183e-15
-3.618345076467522887e-15
-2.850507059849477829e-15
-2.313350003994495418e-15
