# bin_1_4
-6.007665844350936184e-10
-6.075553612361724444e-10
-6.151814591164977241e-10
-6.236893917025814252e-10
-6.331139047984765955e-10
-6.434870832366997698e-10
-6.548374998859979827e-10
-6.671958714021110895e-10
-6.805634515196681373e-10
-6.948532085411570409e-10
-7.098688872215375125e-10
-7.253385587405495806e-10
-7.408840863763933107e-10
-7.559394004812982368e-10
-7.696490170125769395e-10
-7.810580786398943372e-10
-7.894006919875545972e-10
-7.944954738647926317e-10
-7.964347149352082069e-10
-7.946744829229588184e-10
-7.875417457903387840e-10
-7.737942202066627564e-10
-7.546154078951122183e-10
-7.306695653244284529e-10
-7.011532205068740241e-10
-6.660774240294358438e-10
-6.266584486419001362e-10
-5.832851522987571152e-10
-5.361048986617678182e-10
-4.868504159333909310e-10
-4.362273051682058243e-10
-3.860475105626582802e-10
-3.375499460600118449e-10
-2.921755393856978886e-10
-2.507497463474182181e-10
-2.136659030383816884e-10
-1.807914924501853310e-10
-1.518175957421470789e-10
-1.265163034614482734e-10
-1.047140378560582021e-10
-8.620360926568299993e-11
-7.072173257404183250e-11
-5.794803157856064693e-11
-4.749222364314109414e-11
-3.897936694299925584e-11
-3.206352198876454248e-11
-2.643258365514693076e-11
-2.184514424593202670e-11
-1.810020170236444179e-11
-1.502199571709358916e-11
-1.247974426355679344e-11
-1.036785061740986789e-11
-8.600859764765571393e-12
-7.112650484175338035e-12
-5.854310322703946658e-12
-4.788148770255756133e-12
-3.885143999010580138e-12
-3.123453096791805598e-12
-2.485553067785856777e-12
-1.956819388355580399e-12
-1.524101610739301698e-12
-1.174972459535337023e-12
-8.974238498357377308e-13
-6.799372595820226095e-13
-5.117525596455691210e-13
-3.831727330949718641e-13
-2.857889471824173882e-13
-2.125648958514803441e-13
-1.578049700253021346e-13
-1.170160487752267078e-13
-8.672062874428757167e-14
-6.426196139693167424e-14
-4.762997807042780291e-14
-3.531571455441468462e-14
-2.619450905021063602e-14
-1.943690715027868903e-14
-1.442523788786101201e-14
-1.070653820059200161e-14
-7.948023271478903892e-15
-5.903974804746245822e-15
-4.387706525499934576e-15
-3.266277114282332631e-15
-2.435678191352098223e-15
-1.822091934517342593e-15
-1.369945438709003824e-15
-1.037345167645204312e-15
-7.936759711020592410e-16
-6.163315136464911171e-16
-4.875502641760257677e-16
-3.950131486113183597e-16
-3.292481299713793543e-16
-2.830976934521995121e-16
-2.515734898755530274e-16
-2.309250084741817351e-16
-2.181587716841964904e-16
-2.108571316802015353e-16
-2.070741825139000907e-16
-2.053220779402055089e-16
-2.045970889014093454e-16
-2.043235697830069788e-16
