# bin_5_4
-1.773270394151348902e-09
-1.797801247768812772e-09
-1.825518770999918279e-09
-1.856634922304741934e-09
-1.891326803260392082e-09
-1.929769610639030695e-09
-1.972134657770770965e-09
-2.018612162905145193e-09
-2.069310734560572944e-09
-2.124096216774054186e-09
-2.182534941831415506e-09
-2.244139133747024900e-09
-2.308656555070568666e-09
-2.375652883611191555e-09
-2.444108250275219958e-09
-2.512727022518598938e-09
-2.579050435324583683e-09
-2.639564785454900583e-09
-2.690199453651824877e-09
-2.728317978356298694e-09
-2.755145272560657698e-09
-2.773270918034107504e-09
-2.780518944459264159e-09
-2.769350766009679974e-09
-2.737717961891812874e-09
-2.691631184985061061e-09
-2.629667903300101813e-09
-2.547657463391191661e-09
-2.445051635368792162e-09
-2.326841159561900331e-09
-2.191323281429648067e-09
-2.042395938273836610e-09
-1.885009996040581595e-09
-1.722038604548868382e-09
-1.558962498108110897e-09
-1.398102094093360094e-09
-1.241993273345376330e-09
-1.092187938711698926e-09
-9.504776238704274646e-10
-8.188007709490198942e-10
-6.986360034792675974e-10
-5.908761680465744470e-10
-4.958555434112586908e-10
-4.135599216886291177e-10
-3.439926755047815330e-10
-2.859427483064036803e-10
-2.362535927728325110e-10
-1.928156056138043609e-10
-1.565027898130590143e-10
-1.277220806004413187e-10
-1.046010274970493898e-10
-8.527885168874606039e-11
-6.953350585716373052e-11
-5.689645812868281671e-11
-4.651096233273507101e-11
-3.806011395039265728e-11
-3.111806811655192709e-11
-2.540680585109753830e-11
-2.069046512885857259e-11
-1.679001230977814562e-11
-1.356455845795003208e-11
-1.090204874068843680e-11
-8.711637850507730767e-12
-6.918015258956157653e-12
-5.457549040528064021e-12
-4.275860176605713492e-12
-3.326284660097951618e-12
-2.568827632298574329e-12
-1.969430008401749435e-12
-1.499230240798344524e-12
-1.133841051894136109e-12
-8.526721894066760419e-13
-6.383759373967461396e-13
-4.764400775409563473e-13
-3.549109626858351816e-13
-2.641565564405117903e-13
-1.965920790503508928e-13
-1.463725180359659482e-13
-1.090667226719289425e-13
-8.136963548450473087e-14
-6.080211739146150299e-14
-4.549734167190334698e-14
-3.406409739052298121e-14
-2.551664300767437955e-14
-1.913023988696729272e-14
-1.436125996995090464e-14
-1.080159146352322733e-14
-8.148355339671109482e-15
-6.173260197725013123e-15
-4.704957583027603463e-15
-3.614975457505485593e-15
-2.809079741621828927e-15
-2.215362201137670515e-15
-1.781081718967145431e-15
-1.466949856786206832e-15
-1.241812415747507157e-15
-1.082585810315137577e-15
-9.711715292051523134e-16
-8.941755350748117051e-16
-8.422475705222947207e-16
