# bin_3_3
-3.547483023954012816e-10
-3.591827968769122417e-10
-3.641808924169344431e-10
-3.697784460083995889e-10
-3.760066038859142741e-10
-3.828960247503158586e-10
-3.904788713450873499e-10
-3.987935486026734866e-10
-4.078682098360895573e-10
-4.176907732931216681e-10
-4.281951519884073463e-10
-4.392859891918963061e-10
-4.508930530650791113e-10
-4.628506747272616127e-10
-4.748123734602857694e-10
-4.863190277397986173e-10
-4.968077524058587098e-10
-5.058167489100136789e-10
-5.133578620636628623e-10
-5.198032929999629953e-10
-5.251798690613487142e-10
-5.286344789390046533e-10
-5.294084734549104347e-10
-5.283641130053727071e-10
-5.260705805312282343e-10
-5.218460291144054520e-10
-5.151818418212580459e-10
-5.062393950325768486e-10
-4.946137677178668546e-10
-4.793781775223655690e-10
-4.607698817060617558e-10
-4.382688426522363263e-10
-4.122388410697611681e-10
-3.830040877745209081e-10
-3.514306663024504274e-10
-3.183775952825437310e-10
-2.848703556591248081e-10
-2.518846459918994917e-10
-2.202245785342847815e-10
-1.904385216348728392e-10
-1.629488900198249432e-10
-1.380933799869151896e-10
-1.160730509282948565e-10
-9.699402959078300332e-11
-8.074235324527718990e-11
-6.673116682967827109e-11
-5.432080441840272516e-11
-4.380178653640248736e-11
-3.563161742911107767e-11
-2.905379599215645671e-11
-2.349270559000573470e-11
-1.907567188194733842e-11
-1.554138568771391284e-11
-1.268091078665857918e-11
-1.038736393006710499e-11
-8.530571577631523023e-12
-7.020252958795340556e-12
-5.782277191412204695e-12
-4.759135523194638829e-12
-3.907379198868966423e-12
-3.194464440424024333e-12
-2.596232899807342237e-12
-2.094608209204256244e-12
-1.675639781824276191e-12
-1.328081718582078210e-12
-1.042379607746525251e-12
-8.100676629639775046e-13
-6.234547951181502452e-13
-4.754933940843380497e-13
-3.597360112737268656e-13
-2.703496502649349380e-13
-2.021496262596949347e-13
-1.506377830951535675e-13
-1.120299416408088108e-13
-8.324592786525168978e-14
-6.185492513726857500e-14
-4.598656573190161518e-14
-3.421685164865695045e-14
-2.549122413227318409e-14
-1.902214419273358086e-14
-1.421061345398532229e-14
-1.061895976706883677e-14
-7.937828339042914656e-15
-5.935526080809240681e-15
-4.441695786801061293e-15
-3.327828622088221049e-15
-2.497728250701605376e-15
-1.879576079075709408e-15
-1.419770650296646879e-15
-1.077871172687261267e-15
-8.239800282808177043e-16
-6.355922968068176874e-16
-4.962307437042563656e-16
-3.935211049521840649e-16
-3.183313011157344935e-16
-2.639440332415420395e-16
-2.252757603850777754e-16
-1.984594493638916058e-16
-1.803896639438420521e-16
-1.688153816988121995e-16
