# bin_1_1
-2.321957112880837907e-09
-2.353557801106500076e-09
-2.389411072445590844e-09
-2.429892012749188772e-09
-2.475371904558647456e-09
-2.526240468439492321e-09
-2.582902035556025753e-09
-2.645790622421659847e-09
-2.715266658424086809e-09
-2.791424547917847087e-09
-2.874016370855153098e-09
-2.962537230703174507e-09
-3.056102092672839170e-09
-3.153160226089720260e-09
-3.251137216639566795e-09
-3.346978251257484740e-09
-3.437996375191069623e-09
-3.523049125673122648e-09
-3.601468298578989165e-09
-3.670106740338638862e-09
-3.721724844327882893e-09
-3.749901917462545218e-09
-3.755383451693238895e-09
-3.736894493716220004e-09
-3.688354823250525282e-09
-3.606412568965945064e-09
-3.492020695656035701e-09
-3.344210693747038371e-09
-3.162181695682248783e-09
-2.951296775213560807e-09
-2.715009225468929802e-09
-2.461881853994523785e-09
-2.200256140804580983e-09
-1.940284849300823250e-09
-1.690590240808151617e-09
-1.458019705297691679e-09
-1.246580369360915342e-09
-1.057893792205600674e-09
-8.915835880680613664e-10
-7.454809045224284038e-10
-6.171096710243961149e-10
-5.059202152704539108e-10
-4.128479130290581361e-10
-3.368259482649321227e-10
-2.747497986716232053e-10
-2.243908517277017462e-10
-1.836004066798784925e-10
-1.505107085100994594e-10
-1.239615477655759217e-10
-1.024539190257469267e-10
-8.499260272940142594e-11
-7.071049622057737414e-11
-5.892769412541744476e-11
-4.911262826518983659e-11
-4.085848404509966948e-11
-3.386028142309508383e-11
-2.789393971663303138e-11
-2.279743226420328627e-11
-1.845358189068407677e-11
-1.477511858318592812e-11
-1.169219977419896895e-11
-9.143099967202999254e-12
-7.068175057419504192e-12
-5.407152515364537239e-12
-4.099185624381003061e-12
-3.084742523240964768e-12
-2.308181413446060737e-12
-1.719963085936577589e-12
-1.277979101662533328e-12
-9.478057236561888859e-13
-7.021703582701141272e-13
-5.199532353366824520e-13
-3.850549030426419251e-13
-2.853147116678866133e-13
-2.115732435650767217e-13
-1.570026448933392500e-13
-1.165554735160357578e-13
-8.653807638955668906e-14
-6.425349679740325203e-14
-4.771614439709888271e-14
-3.543913750400941305e-14
-2.633607144268556507e-14
-1.958311557220126213e-14
-1.457921405757085643e-14
-1.087533046813287970e-14
-8.135903355047475737e-15
-6.113431719845392048e-15
-4.625048692881741156e-15
-3.531629377725606994e-15
-2.733164831429394998e-15
-2.154321202925978626e-15
-1.738480412005162468e-15
-1.445152025414831436e-15
-1.243989283297546517e-15
-1.111229099836135523e-15
-1.028284440907236787e-15
-9.807269638322786042e-16
-9.579488835662113043e-16
-9.490518522965430804e-16
-9.465885901373303516e-16
