# bin_2_4
-4.246265994722421869e-10
-4.297645966876537138e-10
-4.355549392203071992e-10
-4.420405480751498101e-10
-4.492583356161405073e-10
-4.572450399481062336e-10
-4.660361743687060924e-10
-4.756708085455700475e-10
-4.861700492170036563e-10
-4.975006580049613707e-10
-5.095455350764155930e-10
-5.221634651594379385e-10
-5.351330272022235461e-10
-5.481074772208458422e-10
-5.605332001201782934e-10
-5.717576125018615311e-10
-5.811876018041976478e-10
-5.885979425248010460e-10
-5.940418777444713553e-10
-5.972785939766372470e-10
-5.972299600838995255e-10
-5.927382875903357065e-10
-5.842472685548950614e-10
-5.723586436325421711e-10
-5.564425572347444383e-10
-5.361446991769273943e-10
-5.119692317888931807e-10
-4.842683570143428208e-10
-4.527132246608755172e-10
-4.183880258273189386e-10
-3.817330444262621017e-10
-3.439112811581753517e-10
-3.059707215263334991e-10
-2.691093772499617907e-10
-2.342414632012479070e-10
-2.020429550896698818e-10
-1.727619900708918389e-10
-1.464750872484058877e-10
-1.232124703136173846e-10
-1.029247008806610742e-10
-8.545491577954014027e-11
-7.055695356400188717e-11
-5.796163639360335470e-11
-4.741333556656182542e-11
-3.873694205704438390e-11
-3.172148828443378343e-11
-2.602946800967202198e-11
-2.137404724500006298e-11
-1.759407675482489628e-11
-1.452157798565848316e-11
-1.201144808152863827e-11
-9.952488334270387181e-12
-8.252323912617500801e-12
-6.838038543740381177e-12
-5.654224858742185618e-12
-4.657869918464890045e-12
-3.816139568739578542e-12
-3.104565653261501142e-12
-2.504442547901472712e-12
-2.001223608323236208e-12
-1.582932042988204591e-12
-1.239098624915272204e-12
-9.600856975953105752e-13
-7.367764321935073054e-13
-5.605284422817300233e-13
-4.232782409416400169e-13
-3.176995754618224044e-13
-2.373392481368464003e-13
-1.767024479851532670e-13
-1.312554883504564353e-13
-9.736167653580342946e-14
-7.217045016367513679e-14
-5.348831958956474034e-14
-3.965036131380564153e-14
-2.940525283768715508e-14
-2.182129952553623677e-14
-1.620327363357166758e-14
-1.203616947209204985e-14
-8.942163227308167912e-15
-6.646239884367274112e-15
-4.940986667650785295e-15
-3.676410521924882950e-15
-2.738055776530147320e-15
-2.043504401623543359e-15
-1.529434766708285011e-15
-1.149674470351424899e-15
-8.698002454254443303e-16
-6.641865650170221178e-16
-5.137143861724287616e-16
-4.040566520790140869e-16
-3.246475042267584573e-16
-2.677129096638002363e-16
-2.274989306167974679e-16
-1.997960665770831348e-16
-1.813943925057016136e-16
-1.697034394254383103e-16
-1.626827600869278706e-16
-1.587552474445105456e-16
-1.567339372737116657e-16
-1.558616709208381506e-16
