# bin_6_4
-1.747340968444410411e-09
-1.772286552017582048e-09
-1.800499119123901731e-09
-1.832196524827629074e-09
-1.867563583086499070e-09
-1.906786196340867110e-09
-1.950039636430072595e-09
-1.997509931613019111e-09
-2.049295688894420975e-09
-2.105205952171141034e-09
-2.164713380723212101e-09
-2.227227418274862777e-09
-2.292457292818864319e-09
-2.360036593554617561e-09
-2.429153466215262386e-09
-2.498855698428600096e-09
-2.567664265222895063e-09
-2.632670227843170558e-09
-2.689869027157417357e-09
-2.734929757612596642e-09
-2.766002912255419712e-09
-2.786027264367725330e-09
-2.797934449018580650e-09
-2.797584101416982966e-09
-2.776718892715089790e-09
-2.736662898005359865e-09
-2.683180520511851167e-09
-2.612880075341793305e-09
-2.521964708794741948e-09
-2.412464619824415266e-09
-2.289580015114861092e-09
-2.151010995898351631e-09
-2.003687164726067375e-09
-1.850379649769625098e-09
-1.694885385451614293e-09
-1.540261457708498673e-09
-1.387858155021696280e-09
-1.238854949293890136e-09
-1.094843594047233005e-09
-9.573128417928932066e-10
-8.278989600202965559e-10
-7.081147520217422367e-10
-5.994536737739645448e-10
-5.034896894291268319e-10
-4.217811702788249098e-10
-3.538530154569758392e-10
-2.958157565903794554e-10
-2.438791522066631827e-10
-1.981805611394601843e-10
-1.606514184872075844e-10
-1.311823333356651385e-10
-1.070627272409341835e-10
-8.672480057283295655e-11
-7.045169337616436556e-11
-5.726173633094054400e-11
-4.651830992915283187e-11
-3.780066158892479671e-11
-3.070118488509302624e-11
-2.490397641040868569e-11
-2.016499905292175062e-11
-1.628741165135759373e-11
-1.311537981960525093e-11
-1.052371215487015695e-11
-8.410537327272314314e-12
-6.691987830940719475e-12
-5.298425724918611999e-12
-4.171994057193489150e-12
-3.264772969957144421e-12
-2.537375247454370974e-12
-1.957570450597051903e-12
-1.498916508379026421e-12
-1.139463140707966830e-12
-8.606949332449866284e-13
-6.468028307427657693e-13
-4.842869104774679587e-13
-3.617903178306117193e-13
-2.699873222814775957e-13
-2.014252726290772162e-13
-1.503434267983069607e-13
-1.123413534947369126e-13
-8.410335243520817977e-14
-6.309756737935130071e-14
-4.741011990629691865e-14
-3.563951012162102076e-14
-2.680917400295837849e-14
-2.018112461371519408e-14
-1.521536998486144464e-14
-1.149339197646525314e-14
-8.706999043440565420e-15
-6.623399938416859027e-15
-5.067154980955733584e-15
-3.907569664917099960e-15
-3.045633476955605823e-15
-2.408489933516188754e-15
-1.940395565397840447e-15
-1.598670172419563769e-15
-1.351095477932713705e-15
-1.172921298902433071e-15
-1.045424996460842821e-15
-9.554528434240259653e-16
