# bin_2_1
-1.731523253536858072e-09
-1.757275969239260181e-09
-1.786609730769272110e-09
-1.819886963610073769e-09
-1.857478603945096121e-09
-1.899784074552521640e-09
-1.947227890021560892e-09
-2.000274049682125460e-09
-2.059355393404454698e-09
-2.124756175900597889e-09
-2.196509918867820062e-09
-2.274574038040625168e-09
-2.358632029829857114e-09
-2.447928841566111441e-09
-2.540982071656193395e-09
-2.635876129401001014e-09
-2.730709835228576227e-09
-2.824506137823088485e-09
-2.916850265001792247e-09
-3.006000681117449757e-09
-3.087105519578098598e-09
-3.154552927198635864e-09
-3.207274472748813083e-09
-3.244233135041682128e-09
-3.260140829354912084e-09
-3.250402644475250640e-09
-3.213190683351794029e-09
-3.146418603185287608e-09
-3.046248679825741391e-09
-2.914016068956263402e-09
-2.750007071408058763e-09
-2.558237379736375843e-09
-2.344146500997509650e-09
-2.115526636122821205e-09
-1.880961629831818991e-09
-1.649503933248479995e-09
-1.429204729865840161e-09
-1.226586095981224883e-09
-1.045387156112208532e-09
-8.854275953827028139e-10
-7.437844499917440777e-10
-6.180628451031524115e-10
-5.081692599267001404e-10
-4.142829010926099304e-10
-3.362656508150571194e-10
-2.737815089989533279e-10
-2.233239665066051499e-10
-1.815894717919679748e-10
-1.482155146454699844e-10
-1.214471944502488058e-10
-9.988422507959997600e-11
-8.250466471781186819e-11
-6.840672944618995133e-11
-5.688149270137823854e-11
-4.736881879088997902e-11
-3.943524157692523581e-11
-3.275314572475968060e-11
-2.707996137897984668e-11
-2.223972189026504381e-11
-1.810652619387993038e-11
-1.458960186014033222e-11
-1.162079608834626280e-11
-9.144252998645295910e-12
-7.108902217461505444e-12
-5.463979007700461144e-12
-4.157464875232259558e-12
-3.136876462541204577e-12
-2.351384341931553593e-12
-1.754217717886260334e-12
-1.304475865678024224e-12
-9.680365694132597304e-13
-7.175114727826113868e-13
-5.315549746241219767e-13
-3.938474282368660932e-13
-2.920078193173544052e-13
-2.167167723078972934e-13
-1.610062274929163076e-13
-1.196878580629967530e-13
-8.898294842605172351e-14
-6.615871298479140903e-14
-4.918802474833766856e-14
-3.657721272320239397e-14
-2.720539153085991185e-14
-2.024698084239824103e-14
-1.508114599061412275e-14
-1.124883515387647439e-14
-8.408395631449900231e-15
-6.305894190211333898e-15
-4.752471896745080374e-15
-3.607310774793580834e-15
-2.766041225199100262e-15
-2.151547152766708098e-15
-1.706610096768752288e-15
-1.389045855489892795e-15
-1.167145188451933760e-15
-1.016468539684393510e-15
-9.188174549257568230e-16
-8.616754750071168641e-16
-8.316662816486645076e-16
-8.193258650251968075e-16
