# bin_3_2
-1.030682937245003903e-09
-1.046972287899950987e-09
-1.065575734221395032e-09
-1.086743602488362172e-09
-1.110741284353933135e-09
-1.137861442919220100e-09
-1.168431742492468235e-09
-1.202828227186759198e-09
-1.241442298578542349e-09
-1.284617711080615507e-09
-1.332622278397350714e-09
-1.385702663672946351e-09
-1.444202127843596819e-09
-1.508292565458122113e-09
-1.577780259472586772e-09
-1.652242734805363737e-09
-1.731029422147889510e-09
-1.813685103183252034e-09
-1.900732901185418893e-09
-1.993378133791680267e-09
-2.091901731625800578e-09
-2.194414091737739682e-09
-2.298901241190952038e-09
-2.406489312373558017e-09
-2.517153351890874466e-09
-2.627498372131577284e-09
-2.733774562730753372e-09
-2.832826975625555230e-09
-2.919258995163634398e-09
-2.985487668387896907e-09
-3.025518569440494362e-09
-3.031002508024203204e-09
-2.995446433103446880e-09
-2.913174882748625643e-09
-2.781974320107061027e-09
-2.603477408014819915e-09
-2.384881357575777641e-09
-2.138974657968769274e-09
-1.882956693835913419e-09
-1.635497906876510982e-09
-1.412063545003857097e-09
-1.218364366554251097e-09
-1.047191675025893334e-09
-8.857808307517487630e-10
-7.308243959594737795e-10
-5.922465055804913031e-10
-4.785166087494146998e-10
-3.878844856160139973e-10
-3.140401028316496653e-10
-2.518629958474987535e-10
-2.022413869630983067e-10
-1.631166988229374037e-10
-1.317606378079271228e-10
-1.070420681661125795e-10
-8.745674905908180656e-11
-7.190827361921000207e-11
-5.948275592957789999e-11
-4.945291674713136330e-11
-4.124967881429270689e-11
-3.443806526842960240e-11
-2.869465213198769176e-11
-2.378826179722783109e-11
-1.956114039402614748e-11
-1.591166128377936868e-11
-1.277692574721053628e-11
-1.011610211313481557e-11
-7.896144506246792548e-12
-6.081696688007090727e-12
-4.630370805781078308e-12
-3.493017991717123922e-12
-2.617309629191418340e-12
-1.952282049441113692e-12
-1.452139118337500019e-12
-1.078371101183889132e-12
-8.001969573909367450e-13
-5.938545525658133266e-13
-4.412515305473915441e-13
-3.285171438215687579e-13
-2.450858695233970170e-13
-1.830448459592458997e-13
-1.367284036158736345e-13
-1.021176874549344853e-13
-7.626281853024091542e-14
-5.695104180311513742e-14
-4.253226701489142683e-14
-3.176975938031637332e-14
-2.373850535293940076e-14
-1.774723841087651944e-14
-1.327955934388066248e-14
-9.948726461893360926e-15
-7.466622646050084449e-15
-5.617631733264394204e-15
-4.241525431437620263e-15
-3.218452676176845159e-15
-2.459494531389626633e-15
-1.899409095439882645e-15
-1.489704741711966869e-15
-1.194609847741266528e-15
-9.866690567770418061e-16
-8.508837043288949821e-16
