# bin_1_3
-1.696385341520122628e-10
-1.714171835987028553e-10
-1.734067961451924384e-10
-1.756150994270992302e-10
-1.780463772840136435e-10
-1.807037354588961496e-10
-1.835890000525374208e-10
-1.867046637827043477e-10
-1.900445467384484290e-10
-1.935763394084317545e-10
-1.972357531808909644e-10
-2.009376640279000542e-10
-2.045680395371717714e-10
-2.079602196042158382e-10
-2.108655319895101579e-10
-2.130130104612480480e-10
-2.141988194999123330e-10
-2.144083341540352930e-10
-2.137244651085044075e-10
-2.120532994468849255e-10
-2.089745744200776194e-10
-2.042113769643340384e-10
-1.982274738096077342e-10
-1.913237231183586908e-10
-1.833345611580204916e-10
-1.742985976049320385e-10
-1.645581488044726585e-10
-1.541382032766520553e-10
-1.429258131387297411e-10
-1.312388642100254428e-10
-1.190651898177786617e-10
-1.067423112808728548e-10
-9.449286584195719351e-11
-8.269674866762719768e-11
-7.165149218948039006e-11
-6.159550083688057127e-11
-5.262265013782966078e-11
-4.472017657912976164e-11
-3.779051160413278580e-11
-3.169223467330878483e-11
-2.634421304196526859e-11
-2.173607428463364302e-11
-1.785347472310296482e-11
-1.464808071205155575e-11
-1.203421073547531298e-11
-9.900316746837791620e-12
-8.141550433190658033e-12
-6.688838536000343729e-12
-5.497495876261885020e-12
-4.526596161248278959e-12
-3.735966462529072350e-12
-3.083424164292416157e-12
-2.544083331901304874e-12
-2.098245099804966593e-12
-1.727199422298322523e-12
-1.417088171986821276e-12
-1.157137810061007077e-12
-9.388249369206707042e-13
-7.556674731670850003e-13
-6.026693375057812948e-13
-4.758524134706207345e-13
-3.718749248039919458e-13
-2.877404995044601770e-13
-2.206334967880233915e-13
-1.678677878506289882e-13
-1.269185489111123961e-13
-9.549038322664075336e-14
-7.157745767983677495e-14
-5.349901285175883032e-14
-3.989538970185911093e-14
-2.969618292062587116e-14
-2.207390113232248914e-14
-1.639434052969638595e-14
-1.217254455233853985e-14
-9.038756166605009369e-15
-6.714212984320043858e-15
-4.988540282718954605e-15
-3.706653703603962041e-15
-2.754740247622991921e-15
-2.048776907930874148e-15
-1.524875579500827010e-15
-1.136923125087592327e-15
-8.490169699675448740e-16
-6.357484712268524599e-16
-4.781103362309628451e-16
-3.617619165787947951e-16
-2.761646684826676929e-16
-2.134847407722081545e-16
-1.676114931738478976e-16
-1.342326811959959377e-16
-1.100439644715868207e-16
-9.257986457723360673e-17
-8.012645982040171778e-17
-7.141983287308598721e-17
-6.549881320547646721e-17
-6.167159893810091954e-17
-5.937111886587879781e-17
-5.810562102572910875e-17
-5.746236352569781140e-17
-5.714345309939839162e-17
