# bin_1_2
-4.056151010504255247e-10
-4.103448105863733689e-10
-4.156704386401592945e-10
-4.216291188776847876e-10
-4.282530590066746070e-10
-4.355746697368853202e-10
-4.436264587664834510e-10
-4.524453410242163241e-10
-4.620521347366867700e-10
-4.724130632968517970e-10
-4.834265269371338306e-10
-4.949466076323541362e-10
-5.067639936783162663e-10
-5.185523840340805279e-10
-5.298017558109284074e-10
-5.399459187501981340e-10
-5.485545258492668809e-10
-5.555959326030800948e-10
-5.612295831352187578e-10
-5.651968771925688848e-10
-5.664863450219508177e-10
-5.643588547385240416e-10
-5.596548597223741612e-10
-5.528102865857173365e-10
-5.431921223257028678e-10
-5.305760035440422121e-10
-5.153721844616569642e-10
-4.972634521243534214e-10
-4.756057030574015594e-10
-4.506931806183948722e-10
-4.221232560386975812e-10
-3.903621865073474984e-10
-3.558252742587893996e-10
-3.195835620040708379e-10
-2.829078335088462978e-10
-2.472824639287635404e-10
-2.139941851480318366e-10
-1.838566253064095504e-10
-1.570040855585254553e-10
-1.330845056698761443e-10
-1.117950321433964048e-10
-9.300754495606592562e-11
-7.659680260377047827e-11
-6.254586351686272284e-11
-5.093731694992259192e-11
-4.159608535062438652e-11
-3.392275974365018942e-11
-2.758513681042847833e-11
-2.251797818291822872e-11
-1.841919352867290003e-11
-1.510814500092556214e-11
-1.243466116648264333e-11
-1.026729943442411694e-11
-8.500034702055230770e-12
-7.049009034740360202e-12
-5.846995352218118101e-12
-4.842139406846646088e-12
-3.994977274773627616e-12
-3.276345015544419481e-12
-2.665215347408874875e-12
-2.146575886322700225e-12
-1.709452913256799797e-12
-1.345152973417599327e-12
-1.045938160294531543e-12
-8.042198429921689609e-13
-6.122654515741980877e-13
-4.623011889642573469e-13
-3.468215557605250815e-13
-2.589471320926941186e-13
-1.926862847717451453e-13
-1.430560695960641764e-13
-1.060636873390780173e-13
-7.859074742092622743e-14
-5.823969108618507194e-14
-4.318562030932128121e-14
-3.205558980169914007e-14
-2.381770269117547688e-14
-1.770644689147348033e-14
-1.316631838032427471e-14
-9.793044378799998472e-15
-7.285064633186113002e-15
-5.422475008540762553e-15
-4.038485256190114158e-15
-3.011328024219366841e-15
-2.249852821791227754e-15
-1.685763059125997776e-15
-1.268544415835702967e-15
-9.606626735759964402e-16
-7.335699793427389516e-16
-5.665752140316760020e-16
-4.440791485230930504e-16
-3.544468720664493848e-16
-2.892932040894528411e-16
-2.423942284454992056e-16
-2.091559464405283195e-16
-1.864797691204133281e-16
-1.719175701756996956e-16
-1.633713515267848238e-16
-1.588566023078905055e-16
-1.570097624668331121e-16
