# bin_4_2
-1.333277399420720629e-09
-1.355993112612123451e-09
-1.382004511199796129e-09
-1.411689494787790574e-09
-1.445453160214922846e-09
-1.483746495174113836e-09
-1.527074946557179482e-09
-1.576021217525036894e-09
-1.631200721945300100e-09
-1.693190621221966512e-09
-1.762505627527855058e-09
-1.839708875076229969e-09
-1.925526894943385268e-09
-2.020639605247825340e-09
-2.125459699100780773e-09
-2.240065328133410886e-09
-2.364144548282777876e-09
-2.497068582157319942e-09
-2.638656954000739605e-09
-2.790255208993890918e-09
-2.954024189393104566e-09
-3.130240324193255958e-09
-3.315915153780808453e-09
-3.508609448882769101e-09
-3.709682122769908050e-09
-3.916936868946161803e-09
-4.123945340628851173e-09
-4.323600469211226278e-09
-4.509309952809772479e-09
-4.669920007699262249e-09
-4.792746480140523152e-09
-4.866072642455857573e-09
-4.875632485693007628e-09
-4.810650570124793414e-09
-4.662602967516730806e-09
-4.429713931561860854e-09
-4.118014781365741493e-09
-3.743843018568509748e-09
-3.333177012719599021e-09
-2.918223892774032529e-09
-2.530282248044465589e-09
-2.187895314347623101e-09
-1.888103683149580323e-09
-1.612680319979194791e-09
-1.349370350014953742e-09
-1.104524806196237405e-09
-8.920391546427065849e-10
-7.199286802135743404e-10
-5.838356614044677122e-10
-4.697464730187882504e-10
-3.757041375929524370e-10
-3.017573586570458329e-10
-2.428644100458938172e-10
-1.961289403110288875e-10
-1.593370137471093648e-10
-1.302218456846557799e-10
-1.071315316096664857e-10
-8.866926907628397955e-11
-7.373978637933211844e-11
-6.149507247449488409e-11
-5.129253736562488354e-11
-4.266158439450735410e-11
-3.527110820870602881e-11
-2.890006745043933974e-11
-2.340882016975461641e-11
-1.871062114996376314e-11
-1.474566709962355250e-11
-1.146039074255841122e-11
-8.794485178947807990e-12
-6.676480614869849223e-12
-5.026312837262397053e-12
-3.761522090813557402e-12
-2.804075593543187867e-12
-2.085462230386047167e-12
-1.549099631801201093e-12
-1.150356857477780750e-12
-8.549059579198383757e-13
-6.364303620461206387e-13
-4.748637882047219587e-13
-3.549589701242414832e-13
-2.655074078406369288e-13
-1.985917214003828076e-13
-1.485185425448028202e-13
-1.110622145831818588e-13
-8.304823109110131129e-14
-6.210243481425262014e-14
-4.644706158016569466e-14
-3.474794393856866991e-14
-2.600788693978164293e-14
-1.948012465196197660e-14
-1.460579780004788978e-14
-1.096745089002553957e-14
-8.253137979363738919e-15
-6.229584577405006269e-15
-4.723264742610282451e-15
-3.605576776744881729e-15
-2.780934564243561648e-15
-2.178594286011390071e-15
-1.745122301376723430e-15
-1.448535364363339268e-15
