# bin_4_1
-6.352584748871847098e-09
-6.457756138954883777e-09
-6.577865379455565280e-09
-6.714488389247802592e-09
-6.869271132251844605e-09
-7.043990628543107369e-09
-7.240549560037839675e-09
-7.461083614396929623e-09
-7.707685922352687682e-09
-7.982014601931792270e-09
-8.285131849675583981e-09
-8.617972935048316978e-09
-8.981860197652518396e-09
-9.377229732638251337e-09
-9.802969089953531052e-09
-1.025533668478026846e-08
-1.072768901909354072e-08
-1.121032042431269640e-08
-1.169334400286080053e-08
-1.217221292652849431e-08
-1.264737921155812436e-08
-1.311181871010869004e-08
-1.354114745237401181e-08
-1.390896631839891204e-08
-1.421085017674854282e-08
-1.443737605999138767e-08
-1.456082544176345189e-08
-1.455665023921952657e-08
-1.441456983963206665e-08
-1.412114895534630969e-08
-1.366005278520743797e-08
-1.303931226186249751e-08
-1.226257933442308339e-08
-1.135371642424496738e-08
-1.034212702263768676e-08
-9.269491723648709625e-09
-8.181345312320185034e-09
-7.126806295485886160e-09
-6.146856714102639685e-09
-5.263623509469485014e-09
-4.477828802833553990e-09
-3.778306375991019074e-09
-3.153735535242370922e-09
-2.596697541361732165e-09
-2.113657656802502155e-09
-1.718516950021246172e-09
-1.398467512116518307e-09
-1.132495264214526318e-09
-9.190266767953271268e-10
-7.470908355662059041e-10
-6.084364879097828322e-10
-4.979559786841499146e-10
-4.091920423483224865e-10
-3.377543538389499668e-10
-2.798549957025937606e-10
-2.324992598905723909e-10
-1.933638856063060492e-10
-1.606689066716543993e-10
-1.330846196864796249e-10
-1.096408664315980585e-10
-8.964224947140855035e-11
-7.259594894575577754e-11
-5.814615429531466225e-11
-4.601885761876239449e-11
-3.597870883843457153e-11
-2.779982799915295206e-11
-2.125170943124355098e-11
-1.609823924515972785e-11
-1.210558500350966419e-11
-9.053319914345230314e-12
-6.744565544758935639e-12
-5.011914946708053228e-12
-3.718875639000575413e-12
-2.757731437605902772e-12
-2.045220834333841929e-12
-1.517936685598097907e-12
-1.128018756678169529e-12
-8.392709186221924595e-13
-6.248933053701282916e-13
-4.654350967269676695e-13
-3.466935530247120665e-13
-2.582532981612987398e-13
-1.923714595481774370e-13
-1.433322566972358636e-13
-1.068215955470110732e-13
-7.966076555463334073e-14
-5.946425871792304585e-14
-4.445381661529859098e-14
-3.330739684302575548e-14
-2.504326648825588556e-14
-1.892449598994276941e-14
-1.440815814658107107e-14
-1.108805696438709483e-14
-8.666909591760502784e-15
-6.918996449354243655e-15
-5.675684290369319410e-15
-4.813899290552865787e-15
-4.247604529244286841e-15
-3.895402950353189212e-15
-3.703387294458043986e-15
