# bin_2_2
-3.118785350419721273e-10
-3.161126386952516044e-10
-3.209181517932586989e-10
-3.263466666861381406e-10
-3.324496346337327505e-10
-3.392828360321247990e-10
-3.469064075686822195e-10
-3.553887837447008588e-10
-3.647932273723000573e-10
-3.751543377926551869e-10
-3.864593840365763586e-10
-3.986890614923507115e-10
-4.117811575064778433e-10
-4.256009480474017534e-10
-4.398870589842829554e-10
-4.543230733805544684e-10
-4.686413325172166660e-10
-4.828254325497067805e-10
-4.970465921126626739e-10
-5.112752368318491493e-10
-5.249082978008446738e-10
-5.372554737956173443e-10
-5.486307695876355900e-10
-5.593628841410895139e-10
-5.688350546295351351e-10
-5.764392584156579994e-10
-5.819174073205405535e-10
-5.846616975526583061e-10
-5.833567940672769642e-10
-5.773968942732741804e-10
-5.656041122118882973e-10
-5.472883367875456850e-10
-5.219282972555873516e-10
-4.896472733598944258e-10
-4.512057116818835956e-10
-4.081873104411322406e-10
-3.627766866242418527e-10
-3.175092611430679477e-10
-2.747185353862374564e-10
-2.360390022847602594e-10
-2.021475516314659148e-10
-1.724429097177207264e-10
-1.453284937290438075e-10
-1.198144655513538349e-10
-9.698089745623870949e-11
-7.856761370084664077e-11
-6.405921385790449253e-11
-5.187303665251403226e-11
-4.183472545732046926e-11
-3.382786455829586324e-11
-2.743007940345096181e-11
-2.231118125841181308e-11
-1.823844211549070381e-11
-1.498516693818816934e-11
-1.237775270601569219e-11
-1.027115673037261255e-11
-8.551471309946573888e-12
-7.129801565316458166e-12
-5.938596286151158860e-12
-4.928122884060189071e-12
-4.063046409110213535e-12
-3.319281857588452982e-12
-2.680940892886715857e-12
-2.137435112218557284e-12
-1.680904162581886454e-12
-1.304176122904613565e-12
-9.994796248104159833e-13
-7.580053504501654419e-13
-5.701873562251561124e-13
-4.263754395116847597e-13
-3.175688570086672225e-13
-2.359358630647576510e-13
-1.750293355301198923e-13
-1.297544688460176323e-13
-9.619179588210895021e-14
-7.137274323065962934e-14
-5.304709970400855581e-14
-3.949208127853780050e-14
-2.942426439636888410e-14
-2.192664997338393545e-14
-1.633836583070996420e-14
-1.217477254639317249e-14
-9.072749195062568409e-15
-6.763179758727126017e-15
-5.043901198547655362e-15
-3.764689070108584547e-15
-2.813432041155930182e-15
-2.106498752924661220e-15
-1.581488843012884621e-15
-1.191823822334213002e-15
-9.028471030524355418e-16
-6.887954950370576217e-16
-5.305561862275340138e-16
-4.139572628744779174e-16
-3.285341073993501106e-16
-2.667992737203485913e-16
-2.231907610756097194e-16
-1.935437098172869785e-16
-1.743930997291466481e-16
-1.639207302069331554e-16
