# bin_6_3
-5.820054843222491383e-10
-5.906685062182998827e-10
-6.005254473869372624e-10
-6.116895864846929324e-10
-6.242761852370486667e-10
-6.384125744152584405e-10
-6.542394684533349233e-10
-6.719195837412303590e-10
-6.916193618551979676e-10
-7.134644786679311266e-10
-7.375303952934657290e-10
-7.638905486954419843e-10
-7.926662217406782751e-10
-8.239633808926154362e-10
-8.576434745115121278e-10
-8.934368303604737416e-10
-9.308951787446815540e-10
-9.695339965656388383e-10
-1.009342186153351023e-09
-1.051192970442686759e-09
-1.096078416489495314e-09
-1.143826700207227512e-09
-1.193249622529169608e-09
-1.244699622094746203e-09
-1.300018451653341256e-09
-1.358836935166361457e-09
-1.419828271057408959e-09
-1.482116673997463530e-09
-1.545180248641888042e-09
-1.606213182943771686e-09
-1.663362892869707904e-09
-1.714071039055605762e-09
-1.755198040038149212e-09
-1.783792421213686881e-09
-1.796242490337626713e-09
-1.788782747165393228e-09
-1.757325896105382323e-09
-1.698026175268685426e-09
-1.608179434625295236e-09
-1.487676594610681040e-09
-1.341199101578873553e-09
-1.179608020300512331e-09
-1.018972616691202210e-09
-8.760505530239988791e-10
-7.602588634097074588e-10
-6.650078329461024064e-10
-5.708707814100184569e-10
-4.673323314184093167e-10
-3.702679769346055500e-10
-2.992933095848583350e-10
-2.458457932033322431e-10
-1.956261036613176454e-10
-1.550036317657027563e-10
-1.237049087274043159e-10
-9.819212236080492193e-11
-7.818132895535436741e-11
-6.242492133494846820e-11
-5.008364047296800367e-11
-4.039755340938571509e-11
-3.278303983155637079e-11
-2.676716249848803849e-11
-2.197788104672125098e-11
-1.812552104643570852e-11
-1.498737753722614838e-11
-1.239387428521921388e-11
-1.021919717312260768e-11
-8.373622940737587035e-12
-6.796681120798367903e-12
-5.450162230547661610e-12
-4.310421564008441211e-12
-3.360873492406212171e-12
-2.585978612545920500e-12
-1.967724211717212116e-12
-1.484856151954335967e-12
-1.114315341042853717e-12
-8.335507901069538768e-13
-6.224927850682275354e-13
-4.645982868512945910e-13
-3.469118551301001861e-13
-2.596119710061759315e-13
-1.950704737549284815e-13
-1.470340674942867749e-13
-1.109135510721340112e-13
-8.365692374549376174e-14
-6.308967410532024632e-14
-4.757461655934232488e-14
-3.587483165966908913e-14
-2.705489132832393906e-14
-2.040774570405302882e-14
-1.539942487459889222e-14
-1.162704402181806777e-14
-8.786230885834465572e-15
-6.647777151728666242e-15
-5.038820576452822249e-15
-3.829186711476602471e-15
-2.920736756961703405e-15
-2.239662867969324579e-15
-1.730074018935843396e-15
-1.349703634919116275e-15
-1.066828981190247147e-15
