# bin_4_4
-1.460154671243530691e-09
-1.479787843695828510e-09
-1.501952849950246583e-09
-1.526815263988733451e-09
-1.554518987693986894e-09
-1.585204184953965120e-09
-1.619003817540548383e-09
-1.656074937379016949e-09
-1.696514874504316019e-09
-1.740236715236200522e-09
-1.786927811459238744e-09
-1.836213301225931327e-09
-1.887843997975384461e-09
-1.941319212057813263e-09
-1.995715483945703983e-09
-2.049405020861954048e-09
-2.100037544211533758e-09
-2.144574012878041812e-09
-2.180299790731737725e-09
-2.206682762325063218e-09
-2.225377610943765438e-09
-2.236390614967632337e-09
-2.235039831562646784e-09
-2.216782196722301940e-09
-2.184688169154429660e-09
-2.140831127201592781e-09
-2.081942915020203274e-09
-2.005989856615725576e-09
-1.915411340073569319e-09
-1.811300701025747962e-09
-1.693007252898478173e-09
-1.565933928678191149e-09
-1.431684958628548329e-09
-1.295160133121707525e-09
-1.159417719037423870e-09
-1.027736190901098708e-09
-9.016616746812569970e-10
-7.828924793754763182e-10
-6.729165318537395034e-10
-5.730696414770137184e-10
-4.841834346313031388e-10
-4.063104118660899754e-10
-3.388402455922676733e-10
-2.808622998104214316e-10
-2.318118772010086272e-10
-1.908749782011597787e-10
-1.564090629856460783e-10
-1.273943613226058311e-10
-1.039176249664258186e-10
-8.514150917020704321e-11
-6.970817776787143813e-11
-5.707152787456701664e-11
-4.686842119520043497e-11
-3.852268993331375411e-11
-3.168231951095199931e-11
-2.604979861646109122e-11
-2.138561809850658399e-11
-1.750708916496256091e-11
-1.427278796955846732e-11
-1.157416341923187126e-11
-9.326337941251207171e-12
-7.461428298750659878e-12
-5.923379229753949664e-12
-4.664427219526182138e-12
-3.642888490252799297e-12
-2.821890570257402906e-12
-2.168684834383684657e-12
-1.654296140978481198e-12
-1.253361924151129043e-12
-9.439694740267688619e-13
-7.074687137620695852e-13
-5.282304960982913857e-13
-3.933767063253284697e-13
-2.924930731875094549e-13
-2.173267473898443108e-13
-1.614681069886711106e-13
-1.200194573909783651e-13
-8.927869420736162556e-14
-6.646620461612108723e-14
-4.953198232054271210e-14
-3.694799422669421163e-14
-2.758071006731131989e-14
-2.059474300960216808e-14
-1.539343046914851030e-14
-1.151661176017711867e-14
-8.633027811881580957e-15
-6.490028664477320992e-15
-4.898803907278387212e-15
-3.719188181272793866e-15
-2.847176133078042716e-15
-2.203801319882328178e-15
-1.731346819406037635e-15
-1.386387886860167362e-15
-1.137421121942003426e-15
-9.600863127692434141e-16
-8.358259328175587757e-16
-7.504902055893942263e-16
-6.930224021088728329e-16
-6.550932231041412088e-16
-6.311447267004026715e-16
