# bin_3_1
-5.236160459687849564e-09
-5.319586779124349042e-09
-5.414803711979107515e-09
-5.523059950351777722e-09
-5.645659205325128507e-09
-5.784003060684825172e-09
-5.939617232426216354e-09
-6.114188406619157851e-09
-6.309384539970065928e-09
-6.526524913530227431e-09
-6.766399853109618501e-09
-7.029466207200619798e-09
-7.316319623256873719e-09
-7.626345434465615958e-09
-7.956700120424535305e-09
-8.302824888915583323e-09
-8.658328963987660863e-09
-9.016868668848877858e-09
-9.375742324009184912e-09
-9.734384852569721709e-09
-1.008674052243548866e-08
-1.041554037374878087e-08
-1.070253860887333859e-08
-1.094486613369092083e-08
-1.113567201675231580e-08
-1.125492028893704158e-08
-1.128534729050887142e-08
-1.121867773689743271e-08
-1.104323321089361785e-08
-1.074500140442269821e-08
-1.032626479253873590e-08
-9.786008788460853854e-09
-9.137586094851729691e-09
-8.398809167310280477e-09
-7.597349135025309250e-09
-6.764519472816348196e-09
-5.935683759270355686e-09
-5.145182886969904717e-09
-4.420075298331271530e-09
-3.772420765300627712e-09
-3.198624870858129415e-09
-2.688571177529357338e-09
-2.234624957246574702e-09
-1.832828003181750383e-09
-1.487991744004881628e-09
-1.208889996719329467e-09
-9.845034382211068190e-10
-7.982600998617511565e-10
-6.484267216043069465e-10
-5.279749953715391402e-10
-4.312375643288367776e-10
-3.538918923448102760e-10
-2.916114452751263356e-10
-2.413228922773332794e-10
-2.003620479464688384e-10
-1.666804708767939102e-10
-1.386858269162516235e-10
-1.151729633038957003e-10
-9.524948372267670724e-11
-7.826928306650162277e-11
-6.377144628059307736e-11
-5.142777422395967246e-11
-4.099615285650597705e-11
-3.228227507088212652e-11
-2.511099493733035753e-11
-1.930854961288834831e-11
-1.469581723080304670e-11
-1.109053218872704292e-11
-8.314905877637622701e-12
-6.204394800429835767e-12
-4.614765860171645882e-12
-3.425532403797938408e-12
-2.539976969278363953e-12
-1.882715193474063909e-12
-1.395970257938761826e-12
-1.035972509779041592e-12
-7.698222086278383161e-13
-5.726632128767811143e-13
-4.262221971565526424e-13
-3.172767346837544231e-13
-2.361845922261671441e-13
-1.758118740349936561e-13
-1.308933319535601160e-13
-9.746902457237297317e-14
-7.261462438180739688e-14
-5.414045919737023072e-14
-4.041511810815098875e-14
-3.022564644827467348e-14
-2.267166060262773707e-14
-1.707709032969383038e-14
-1.294478715102313916e-14
-9.901054489191256849e-15
-7.673346350034510105e-15
-6.055708708664530452e-15
-4.896601511451243401e-15
-4.081346790352267151e-15
-3.524478754952474935e-15
-3.168004365992438500e-15
-2.954446156975116820e-15
-2.845585888679627995e-15
