# bin_2_3
-1.206477470668100499e-10
-1.220282868574582375e-10
-1.235797181764208808e-10
-1.253115333201534878e-10
-1.272311828581334851e-10
-1.293458995229628304e-10
-1.316625221260117989e-10
-1.341891101254468714e-10
-1.369286702058105307e-10
-1.398683259084077712e-10
-1.429708516687048063e-10
-1.461934430312736488e-10
-1.494715966852228670e-10
-1.527062119723402106e-10
-1.557398927876097257e-10
-1.583911570114699167e-10
-1.605038441009798673e-10
-1.620421266567763557e-10
-1.630651071222414084e-10
-1.635542619179661833e-10
-1.632485809468006868e-10
-1.618718243479700928e-10
-1.596362277052590537e-10
-1.567966190324926471e-10
-1.532172227368505777e-10
-1.488122521845680173e-10
-1.437067932411545208e-10
-1.379234443876547283e-10
-1.312225469640809909e-10
-1.237430202563939261e-10
-1.154026405938583417e-10
-1.063402114147530931e-10
-9.670293566220787341e-11
-8.676984958311063115e-11
-7.684437701995935407e-11
-6.725858376966618726e-11
-5.827335592370558560e-11
-5.008201740967735199e-11
-4.276454028193482458e-11
-3.627713829398002717e-11
-3.053653640090934554e-11
-2.547066958315851137e-11
-2.103274802382959082e-11
-1.722405001680802399e-11
-1.406634258252468178e-11
-1.150811259945355533e-11
-9.409137634507893734e-12
-7.669975484387660466e-12
-6.257881025951496987e-12
-5.116186290777618471e-12
-4.196162783710229370e-12
-3.448678362167634212e-12
-2.840928763611753144e-12
-2.345781619892579625e-12
-1.939370860662365902e-12
-1.603381491661458855e-12
-1.323523701798729399e-12
-1.088713551454911886e-12
-8.906608163837581041e-13
-7.232534976232221963e-13
-5.819957181733333346e-13
-4.635092988611467909e-13
-3.650958576361820512e-13
-2.844061965727900606e-13
-2.192293456820436622e-13
-1.674011641273259276e-13
-1.268076596886434509e-13
-9.544235950910287694e-14
-7.148163077818158268e-14
-5.334074218875210751e-14
-3.969889343214106577e-14
-2.949261149273277584e-14
-2.188688700423057022e-14
-1.623648721928412154e-14
-1.204771404808549882e-14
-8.946265512701642847e-15
-6.648964075788056984e-15
-4.944394218266557730e-15
-3.677857129281338145e-15
-2.736937961537053497e-15
-2.037431742617103777e-15
-1.517858864706250863e-15
-1.131579731760611508e-15
-8.448698664311631739e-16
-6.320777993800729769e-16
-4.743681289491923057e-16
-3.576716215778085419e-16
-2.714841154770615857e-16
-2.079519371439610194e-16
-1.611946917072404263e-16
-1.268560880325404668e-16
-1.017165121945739904e-16
-8.342232258453032483e-17
-7.025125605251783378e-17
-6.092545032813690366e-17
-5.451536216820373450e-17
-5.030568511470581595e-17
-4.772350690997454791e-17
-4.627276611552434128e-17
-4.557823960793285949e-17
