# bin_5_3
-5.639363771315137450e-10
-5.719843833269546421e-10
-5.811193764235207200e-10
-5.914355606850879900e-10
-6.030258109846417661e-10
-6.159914799764015049e-10
-6.304432025713498015e-10
-6.465091038387655141e-10
-6.643154605598019011e-10
-6.839405826469455105e-10
-7.054043887865090610e-10
-7.287168171768844148e-10
-7.539279616517329746e-10
-7.810628125396053628e-10
-8.098866766898183811e-10
-8.400203951913733656e-10
-8.708916565087775497e-10
-9.018804045960847464e-10
-9.328395300620987560e-10
-9.645157160390533453e-10
-9.977714897541399790e-10
-1.032280835133439302e-09
-1.066686309663239332e-09
-1.101216109215659163e-09
-1.137642294663695660e-09
-1.175523051723199020e-09
-1.213506970027392320e-09
-1.250802753321837720e-09
-1.287093202749312749e-09
-1.319863993382328311e-09
-1.347762851041493168e-09
-1.368943140310393071e-09
-1.381213337397831261e-09
-1.382853601425607473e-09
-1.371767338969981518e-09
-1.345984570198238619e-09
-1.303421117760832482e-09
-1.242274580817833497e-09
-1.161595307149440891e-09
-1.062197335770917577e-09
-9.481392406360356351e-10
-8.274723277847347109e-10
-7.112183182168588642e-10
-6.100068688919554431e-10
-5.285473166664486417e-10
-4.601525069917458636e-10
-3.909181746977350394e-10
-3.163329884300035608e-10
-2.503774808836986697e-10
-2.041261063034023635e-10
-1.673777829530992610e-10
-1.323224785754203194e-10
-1.055701965049403853e-10
-8.437989999394602419e-11
-6.719783001846176558e-11
-5.374706526071239525e-11
-4.311918502271203713e-11
-3.475932443279121893e-11
-2.816666889940989806e-11
-2.294813960135815077e-11
-1.879230902632902213e-11
-1.545507356162968638e-11
-1.274738446293339246e-11
-1.052448523849816567e-11
-8.676330169660531120e-12
-7.121537270744857729e-12
-5.802026467573896842e-12
-4.678424113580609408e-12
-3.725207126468296875e-12
-2.925457056062086672e-12
-2.265940486465072870e-12
-1.733424471402065700e-12
-1.312815203731828878e-12
-9.871579608865547726e-13
-7.389528165954539152e-13
-5.517899390500222447e-13
-4.115466296051853019e-13
-3.068591357035544235e-13
-2.289654620530303899e-13
-1.712803893713470977e-13
-1.286514996103037172e-13
-9.686436394222086132e-14
-7.295333749638414201e-14
-5.493745262839902578e-14
-4.136727219157446399e-14
-3.114869948876493172e-14
-2.345686679443035591e-14
-1.766893036620372412e-14
-1.331486354782666191e-14
-1.004034827014477911e-14
-7.578612223219814567e-15
-5.728360512607125898e-15
-4.338423434804594591e-15
-3.294995499080769693e-15
-2.512579002693665824e-15
-1.926820411281764416e-15
-1.489450622759529578e-15
-1.163876589977447171e-15
-9.224092043170340860e-16
-7.443243214690981731e-16
