# bin_5_1
-7.784844192598179292e-09
-7.916562221910934218e-09
-8.067074865441483662e-09
-8.238379129049043691e-09
-8.432532760150544315e-09
-8.651770293131454383e-09
-8.898509891948516825e-09
-9.175419891215495038e-09
-9.485100859014599544e-09
-9.829581449463211825e-09
-1.021009183515082962e-08
-1.062779257675805882e-08
-1.108458411524628478e-08
-1.158169008309383901e-08
-1.211823244550269862e-08
-1.269197316057873276e-08
-1.329623689158408891e-08
-1.391991555301617211e-08
-1.454863744186572210e-08
-1.517062302570813445e-08
-1.578393865119236966e-08
-1.638816188828058240e-08
-1.696458428935949424e-08
-1.747430321573436049e-08
-1.789298283511026141e-08
-1.821944243117397027e-08
-1.842704635280276342e-08
-1.847925459341481315e-08
-1.835072538637937784e-08
-1.803487134138381564e-08
-1.750712085291650203e-08
-1.676686347321029508e-08
-1.582639472677314047e-08
-1.470424171085697695e-08
-1.344193546351139540e-08
-1.208682587632730523e-08
-1.069998017979473562e-08
-9.344750989832971225e-09
-8.076637908499172113e-09
-6.928233101585335408e-09
-5.903820067663039087e-09
-4.990771900007872184e-09
-4.174154655384109030e-09
-3.443450832187874843e-09
-2.807080663485966403e-09
-2.284025123071360695e-09
-1.858541582666704235e-09
-1.504216285432164540e-09
-1.219977271397656887e-09
-9.911034462070934617e-10
-8.061779237271202685e-10
-6.588584021597919930e-10
-5.406759205893984055e-10
-4.456883305878706373e-10
-3.688708219994003049e-10
-3.062039075993720215e-10
-2.545599434781331645e-10
-2.115322202834250947e-10
-1.753151601684403063e-10
-1.445854239972655056e-10
-1.183921140311320118e-10
-9.606141593673076981e-11
-7.711062609500978935e-11
-6.117428365939505582e-11
-4.794568124059832296e-11
-3.713589396711886170e-11
-2.845242012342796235e-11
-2.159535454185876589e-11
-1.626594126220828472e-11
-1.218029904956052311e-11
-9.082701738274057134e-12
-6.753874393110850395e-12
-5.013651113697584239e-12
-3.718918514200358627e-12
-2.758515513674303319e-12
-2.047508452397589004e-12
-1.521636752190229979e-12
-1.132216878333186892e-12
-8.431580066110181660e-13
-6.281814225094137721e-13
-4.680732517873398000e-13
-3.487924402244783461e-13
-2.599109248694447864e-13
-1.937020413348015068e-13
-1.444024294292769821e-13
-1.077067178271657634e-13
-8.040050125160400012e-14
-6.009713614034071738e-14
-4.501400515639173803e-14
-3.382065061897117483e-14
-2.552428611601784550e-14
-1.939498722176858329e-14
-1.488206225784795577e-14
-1.158083938150908299e-14
-9.192304114331310168e-15
-7.485098545271374020e-15
-6.294118673040931833e-15
-5.501420369355174937e-15
-5.000942376907258131e-15
-4.720791194422716836e-15
