# bin_5_2
-1.698867166778387066e-09
-1.728716795013546628e-09
-1.762948728898177356e-09
-1.802085300499434986e-09
-1.846691962765841337e-09
-1.897401078511796546e-09
-1.954923736117600312e-09
-2.020078687244280539e-09
-2.093740562529363488e-09
-2.176756585083342402e-09
-2.269919108280002738e-09
-2.374099984448124675e-09
-2.490389378742924781e-09
-2.619844492798087590e-09
-2.763224674824886835e-09
-2.920908722609272259e-09
-3.092825075357924816e-09
-3.278534297686614029e-09
-3.478138965498475153e-09
-3.693564950317178000e-09
-3.927690552852273723e-09
-4.181081854112569094e-09
-4.450303405123273069e-09
-4.732457314759683916e-09
-5.029035590285078530e-09
-5.337023128783972045e-09
-5.648022935801889201e-09
-5.952461262701702334e-09
-6.240941603814690480e-09
-6.498055343382714707e-09
-6.705991157671765458e-09
-6.847524131802433524e-09
-6.901841715780716337e-09
-6.851980311772830121e-09
-6.683671733131305022e-09
-6.391322654946029101e-09
-5.980109374322616986e-09
-5.469982663313663640e-09
-4.895758467910896701e-09
-4.303281874618598424e-09
-3.739839146570896218e-09
-3.237141170847257828e-09
-2.797112457157068195e-09
-2.397097052009690941e-09
-2.017048394908426726e-09
-1.659723237608090101e-09
-1.342537274814432533e-09
-1.081770009944775686e-09
-8.767969550344845320e-10
-7.067149369760567224e-10
-5.649964624369986390e-10
-4.527500557739241913e-10
-3.639506550600024320e-10
-2.931864949296161811e-10
-2.376056097746404386e-10
-1.936606211083963031e-10
-1.589115996052545644e-10
-1.312282208439278425e-10
-1.089455941888587096e-10
-9.076687222150775354e-11
-7.570231558846360924e-11
-6.302029514835431447e-11
-5.219987756279872017e-11
-4.288808632544152014e-11
-3.485886252572006537e-11
-2.797209634644271446e-11
-2.213547761943114541e-11
-1.727292412953412210e-11
-1.330310873520019266e-11
-1.013004767012333480e-11
-7.644303791441454849e-12
-5.730492750740308193e-12
-4.276877733685910337e-12
-3.183363314074588957e-12
-2.365939792946572553e-12
-1.757577075618293069e-12
-1.306394533948786447e-12
-9.725569259431622900e-13
-7.256803517018563504e-13
-5.425957100302018441e-13
-4.060933499512844484e-13
-3.039506341160151170e-13
-2.274642925926563113e-13
-1.702072514993546935e-13
-1.273529034884045833e-13
-9.528739436292809944e-14
-7.130246494966032525e-14
-5.336506295305003100e-14
-3.995402356475556681e-14
-2.992952703107848958e-14
-2.243799676978990064e-14
-1.684120132705234605e-14
-1.266181576984232040e-14
-9.542664613856383901e-15
-7.217630309365170935e-15
-5.489066356408537708e-15
-4.209880190480042027e-15
-3.271053071734644401e-15
-2.590519360906010550e-15
-2.117692666167819248e-15
