# bin_3_4
-1.226864491572253607e-09
-1.242635194924985431e-09
-1.260430438675195239e-09
-1.280387247889482285e-09
-1.302627046248065253e-09
-1.327268050487508724e-09
-1.354431053569631934e-09
-1.384252233779666213e-09
-1.416826606569620532e-09
-1.452106151467602947e-09
-1.489849698387845755e-09
-1.529697694579482439e-09
-1.571342213956207789e-09
-1.614121452891905780e-09
-1.656728192401399749e-09
-1.697420031153864270e-09
-1.734036327404441788e-09
-1.764660687214361916e-09
-1.788838772288303449e-09
-1.807195974965054394e-09
-1.819111261042150343e-09
-1.820977807241173384e-09
-1.809481837520927470e-09
-1.786743572575153408e-09
-1.754127715443260940e-09
-1.709239805962765486e-09
-1.650797522626638873e-09
-1.580396447776797160e-09
-1.498446543559380328e-09
-1.404252086370185671e-09
-1.301432572780384817e-09
-1.191240113618711474e-09
-1.077544668195362291e-09
-9.632640957785783577e-10
-8.518763570490769812e-10
-7.455227797048545161e-10
-6.458317373063285509e-10
-5.538649741880443932e-10
-4.705814646110826861e-10
-3.966867577182337504e-10
-3.322897075569996068e-10
-2.768352130971869428e-10
-2.293022662053036708e-10
-1.886394362066269688e-10
-1.543706302392561189e-10
-1.261706082957311870e-10
-1.031275252349378244e-10
-8.428805489827880405e-11
-6.905829656025673497e-11
-5.666773042076238679e-11
-4.656524926941627773e-11
-3.838118543949596799e-11
-3.168275024919708250e-11
-2.618072187815614420e-11
-2.163153570328581835e-11
-1.784632754312105591e-11
-1.467878095737218291e-11
-1.201814073552335251e-11
-9.780167811317051214e-12
-7.900567258507316075e-12
-6.328837082688243783e-12
-5.023697461816990182e-12
-3.949804665607237588e-12
-3.075688274710002521e-12
-2.372646787261372283e-12
-1.814272758805767645e-12
-1.376381448506649670e-12
-1.037126649197560215e-12
-7.772062857568391941e-13
-5.799935139009683421e-13
-4.315519246070536302e-13
-3.205054113693289127e-13
-2.377965639250727484e-13
-1.763697701528361466e-13
-1.308262168926937398e-13
-9.709060834567715470e-14
-7.211592699612760894e-14
-5.360756942662957168e-14
-3.987385303690228710e-14
-2.967260293685114147e-14
-2.209116801394316852e-14
-1.645062730466317073e-14
-1.226106314265922873e-14
-9.146587385085063530e-15
-6.835760667184395632e-15
-5.122932179766260715e-15
-3.854753386125190918e-15
-2.917504775832242837e-15
-2.227026092123116313e-15
-1.719206838805726083e-15
-1.347708188702829168e-15
-1.077200724806613016e-15
-8.824663396146737796e-16
-7.441589501024940731e-16
-6.481108692614236874e-16
-5.831952263926515536e-16
-5.406476175178357055e-16
-5.137865622574137743e-16
-4.975094406494212349e-16
-4.885285919996810729e-16
