# bin_6_1
-7.701580042338900709e-09
-7.834603632847905976e-09
-7.986675382273029526e-09
-8.159810479299526334e-09
-8.356092149774182280e-09
-8.577792899723317291e-09
-8.827343021142875801e-09
-9.107394097430603293e-09
-9.420523012582853701e-09
-9.768577634163638613e-09
-1.015250007508456667e-08
-1.057313242862643696e-08
-1.103226512303982978e-08
-1.153134779668187500e-08
-1.207017923530395846e-08
-1.264762897319032794e-08
-1.326014123483532809e-08
-1.389853594683756384e-08
-1.454864858512618145e-08
-1.519331469576052253e-08
-1.582084210125453601e-08
-1.643192448480247059e-08
-1.702404869699788503e-08
-1.756900470256740636e-08
-1.802253180553952099e-08
-1.836823187412450226e-08
-1.860191881317249127e-08
-1.868915637979341000e-08
-1.859375354902648547e-08
-1.829892763992118296e-08
-1.780124347229422885e-08
-1.707992305003326345e-08
-1.615300477130722279e-08
-1.503844165347842490e-08
-1.377311263824500976e-08
-1.240788500460243366e-08
-1.100263418780007711e-08
-9.622770382428873067e-09
-8.327143806902999459e-09
-7.150335748566470181e-09
-6.098845768468164761e-09
-5.160951505266540788e-09
-4.321298003198785330e-09
-3.568626802040085186e-09
-2.911643086964958941e-09
-2.370264470151936431e-09
-1.928849855135136795e-09
-1.560765966418106339e-09
-1.265452810424491838e-09
-1.027672159072405177e-09
-8.354014860901737214e-10
-6.822309201965576496e-10
-5.594172759358195959e-10
-4.607917672546495790e-10
-3.811182559573335065e-10
-3.162135639406901696e-10
-2.628073947618601012e-10
-2.183800019885202202e-10
-1.810354168377793482e-10
-1.493809616000910850e-10
-1.224139281841282456e-10
-9.942389697899575001e-11
-7.990345656046883350e-11
-6.347182315459912648e-11
-4.981335911630768886e-11
-3.863395051667944039e-11
-2.963741252817297322e-11
-2.252010350059288023e-11
-1.697870194444967085e-11
-1.272380834555849120e-11
-9.493553881613688548e-12
-7.062392254246514081e-12
-5.244231810362466743e-12
-3.890718625223767118e-12
-2.886299146729373745e-12
-2.142507291405663696e-12
-1.592312879693359738e-12
-1.184845526967760074e-12
-8.824430471387933359e-13
-6.575579149197358189e-13
-4.900661132629908401e-13
-3.652354907046471721e-13
-2.722326761358181594e-13
-2.029195017747150670e-13
-1.513022027923905000e-13
-1.128581659826497935e-13
-8.425880883062148394e-14
-6.298139078381924079e-14
-4.716643238774644162e-14
-3.542477787550821350e-14
-2.671902614966812200e-14
-2.028200789492057944e-14
-1.553769004737948951e-14
-1.206561946783470216e-14
-9.547649295024881238e-15
-7.744008486347889220e-15
-6.480553422211306626e-15
-5.635532180106730406e-15
-5.096842165537887777e-15
-4.791422247549874996e-15
