# bin_4_3
-4.409620095259295095e-10
-4.469084328535956793e-10
-4.536350179407352006e-10
-4.611999399796185915e-10
-4.696571301799162755e-10
-4.790640137937268511e-10
-4.894817071058056891e-10
-5.009813544465622986e-10
-5.136273978540677866e-10
-5.274385237014851905e-10
-5.423783127796365976e-10
-5.583950113821004720e-10
-5.754627931866718642e-10
-5.935267435015190932e-10
-6.123068494902964319e-10
-6.313938764272437156e-10
-6.502088948714083743e-10
-6.681247694786138068e-10
-6.849009906428812026e-10
-7.010364076602759249e-10
-7.171241524981459172e-10
-7.327695854378637722e-10
-7.467279322693315952e-10
-7.590918306958276359e-10
-7.712674294461171661e-10
-7.828614884151247823e-10
-7.927949810403372650e-10
-8.005540892236734302e-10
-8.061162036127032936e-10
-8.077629282731353949e-10
-8.049231013793342216e-10
-7.968076558945109006e-10
-7.825555637509408629e-10
-7.619326613526724647e-10
-7.346266073613168730e-10
-7.006389435517457414e-10
-6.599986414328280259e-10
-6.129014585274125553e-10
-5.598397181375020340e-10
-5.018222014338046903e-10
-4.409516323148780601e-10
-3.805930493838910294e-10
-3.247981573607769904e-10
-2.770048008325730595e-10
-2.379960260114016755e-10
-2.041843064945577210e-10
-1.703298820098301283e-10
-1.365227303268690235e-10
-1.089838357489137057e-10
-8.947716039703024047e-11
-7.269112412807233470e-11
-5.762305844125342790e-11
-4.645816055362165515e-11
-3.722335590985066479e-11
-2.993765864919405418e-11
-2.413015132478116315e-11
-1.953191462250507016e-11
-1.587204824126329313e-11
-1.294852798800062361e-11
-1.059935386961921625e-11
-8.697964156315354946e-12
-7.146580014737473105e-12
-5.870324101581223107e-12
-4.812044687272649370e-12
-3.928238629596632006e-12
-3.186273418844303909e-12
-2.562039537785576424e-12
-2.038081914144643498e-12
-1.601668616561669446e-12
-1.242864621042486697e-12
-9.528947812158855906e-13
-7.230529221052859963e-13
-5.443088708274885273e-13
-4.075623770701063610e-13
-3.042154427600977395e-13
-2.267167348987022633e-13
-1.688607599999139083e-13
-1.257823823558145960e-13
-9.379196105054089578e-14
-7.012947335202652866e-14
-5.261537231365389254e-14
-3.952871289673745235e-14
-2.969921463325862664e-14
-2.231338092408530744e-14
-1.676582185697852903e-14
-1.260013209332612109e-14
-9.473587473255656410e-15
-7.127932729069295734e-15
-5.368705054822026399e-15
-4.049735496361078748e-15
-3.061377736377185947e-15
-2.320993475626064113e-15
-1.766867697133565308e-15
-1.352667960340230700e-15
-1.043742927330247922e-15
-8.140687785748550862e-16
-6.442278053674413703e-16
-5.194139497829867040e-16
-4.283764949112643018e-16
-3.627332013304938826e-16
