# bin_2_1
1.041838966579573544e-08
1.057604666232934609e-08
1.075490917727168423e-08
1.095661113978511624e-08
1.118264612520240453e-08
1.143453910149455305e-08
1.171382527644601429e-08
1.202221964216811806e-08
1.236079749333201828e-08
1.272894614891630860e-08
1.312395640451745824e-08
1.354262817974698712e-08
1.398342896255414047e-08
1.444436738697479700e-08
1.492093959952323858e-08
1.540780180472177631e-08
1.589724104830291482e-08
1.637297725399988542e-08
1.680992613193661387e-08
1.717601424940276219e-08
1.744440440861697910e-08
1.761320180159083219e-08
1.769686547565203269e-08
1.767984483289832985e-08
1.750383364182026554e-08
1.714189447143830051e-08
1.663215737450284933e-08
1.597786749598208100e-08
1.516538277850172815e-08
1.420261825923158356e-08
1.314261062116559369e-08
1.199867683375891169e-08
1.080519520893914152e-08
9.611952527161004865e-09
8.442901481912638703e-09
7.337943254613382522e-09
6.313565036049672401e-09
5.386108007850213579e-09
4.558238134070531302e-09
3.827505982999969460e-09
3.189219422900430831e-09
2.637722464755853492e-09
2.167974629526808909e-09
1.774462106285739208e-09
1.449538192873756083e-09
1.183852764887715829e-09
9.679019675571390146e-10
7.929575288688652314e-10
6.512539734543699350e-10
5.364712688701799343e-10
4.433381838785695526e-10
3.673647703803218379e-10
3.049434218425503131e-10
2.532551848876566902e-10
2.101052724189766445e-10
1.738211571815668581e-10
1.431463574289427544e-10
1.171454810709119187e-10
9.512109962733608816e-11
7.654055109088715765e-11
6.097899403638750061e-11
4.807700386586147685e-11
3.750990444410483532e-11
2.897211394381495254e-11
2.217084227158519665e-11
1.682779582225458902e-11
1.268458447364042952e-11
9.508610924475956788e-12
7.097723346277257586e-12
5.281966118500430098e-12
3.922709632595748078e-12
2.909749861314981496e-12
2.157259274516476606e-12
1.599417241340337137e-12
1.186312657735691646e-12
8.804322874967672338e-13
6.538084034596402032e-13
4.857409961261480783e-13
3.610417134952169958e-13
2.684282353463363110e-13
1.996025604405233265e-13
1.484518705112049317e-13
1.105028455285312102e-13
8.232198478318421707e-14
6.140753869004582982e-14
4.591998883117859482e-14
3.445550158287988307e-14
2.598146020547827208e-14
1.974377285574600015e-14
1.517556579865599062e-14
1.185024219875401969e-14
9.446934075528627439e-15
7.735371824125534842e-15
6.537783269136000596e-15
5.721907955796259925e-15
5.185342927300952871e-15
4.849931061542945774e-15
4.653202109586899156e-15
4.548251690826150549e-15
4.497625709392112918e-15
