# bin_3_1
1.124875685778723356e-08
1.142498512626670175e-08
1.162530997965538804e-08
1.185185611168321276e-08
1.210653261896067243e-08
1.239139755386382690e-08
1.270855705447330021e-08
1.306035430547467959e-08
1.344853400268974870e-08
1.387324113628379150e-08
1.433260592868716310e-08
1.482425130576430402e-08
1.534748756221457322e-08
1.590106639774478064e-08
1.648140094703009907e-08
1.708360995416019890e-08
1.769666996502541100e-08
1.830438907779799883e-08
1.888436841282535982e-08
1.939830108427224699e-08
1.982326877193639346e-08
2.015416797327517775e-08
2.040045086072114051e-08
2.054347382796249605e-08
2.050942017801665629e-08
2.027971173317324073e-08
1.988282500600633766e-08
1.931167025879308484e-08
1.854489743221186758e-08
1.759001397972230108e-08
1.649478714283689775e-08
1.526513014974357633e-08
1.394245700804918549e-08
1.257617718834343515e-08
1.119833012907256768e-08
9.857815363390683840e-09
8.582647185154414047e-09
7.399947892097903928e-09
6.323137730027231783e-09
5.356978319255086434e-09
4.501560370817948148e-09
3.753308005298135996e-09
3.107637638321370191e-09
2.558523897582475297e-09
2.097559486317327750e-09
1.714508628400242626e-09
1.399272031749974633e-09
1.142366386427871916e-09
9.341757016684198300e-10
7.657163570247650674e-10
6.292366056667667831e-10
5.184329249741493024e-10
4.282158304695343718e-10
3.542900182653379524e-10
2.932727715737772335e-10
2.425494643086060998e-10
2.000963659682848824e-10
1.643883622225762713e-10
1.342780585149464826e-10
1.088987577401367778e-10
8.758255207686422946e-11
6.979536827192060359e-11
5.508638396144044631e-11
4.305584224159133438e-11
3.333568565993759320e-11
2.558214241785783064e-11
1.947559805154181662e-11
1.472403211882170948e-11
1.106744580121965283e-11
8.280725777971330485e-12
6.174323243168039204e-12
4.592742650101319520e-12
3.411346348643969372e-12
2.532188304887801521e-12
1.879551102145562552e-12
1.395683415326487984e-12
1.037036280376679093e-12
7.710878513824434408e-13
5.737820645238343743e-13
4.272063864131129872e-13
3.181895592249142053e-13
2.370445762986881355e-13
1.766953685956557886e-13
1.317681520368561696e-13
9.834921291651784332e-14
7.351177862453877020e-14
5.507126018894152635e-14
4.138836544802956755e-14
3.126258932350330442e-14
2.379373855244167540e-14
1.830626064623037696e-14
1.429325263412037000e-14
1.139200220191469018e-14
9.314773447767830371e-15
7.852951377280638377e-15
6.850663230966557529e-15
6.182781898054270939e-15
5.756667212719150914e-15
5.498312449160941856e-15
5.351144434128833693e-15
