# bin_2_2
1.200943692750751954e-08
1.220325624301133458e-08
1.242391472443490724e-08
1.267391106101901237e-08
1.295556589894976776e-08
1.327137133369241739e-08
1.362395534827958668e-08
1.401614753275559318e-08
1.445019420558181417e-08
1.492674677255773454e-08
1.544429820697477199e-08
1.600084015629872557e-08
1.659596255345082777e-08
1.722861951764609289e-08
1.789522584057057359e-08
1.859129626466535323e-08
1.930575217014177234e-08
2.002173952973508191e-08
2.071612580667846312e-08
2.134832317257913552e-08
2.189025957361487357e-08
2.233181755743736780e-08
2.267923295149286390e-08
2.291547062966058069e-08
2.296159417662944489e-08
2.278416639712147517e-08
2.240943170675583155e-08
2.182796984672717037e-08
2.101588573436871191e-08
1.997193509817160255e-08
1.874636443666244297e-08
1.735175200113738905e-08
1.582982250210405446e-08
1.424495709368566458e-08
1.263927234172979680e-08
1.107668012483735632e-08
9.596633609456511247e-09
8.236004082778934849e-09
7.010323776380882707e-09
5.921741750650737616e-09
4.963288785178586636e-09
4.124469640424808091e-09
3.397929283258423840e-09
2.779689665059674464e-09
2.265240650738990056e-09
1.844855083590952732e-09
1.503942422460464764e-09
1.227534046451819979e-09
1.003734102301963275e-09
8.233481745171316554e-10
6.779677460153897117e-10
5.602556162438311717e-10
4.643971998740888479e-10
3.857413434725902143e-10
3.206191149913427405e-10
2.662125187823020548e-10
2.203890566460686925e-10
1.815643412758016452e-10
1.485741824150639100e-10
1.205613943385330864e-10
9.688104101798404945e-11
7.702435884065889180e-11
6.055839981594178263e-11
4.708721490992054557e-11
3.622939254688872859e-11
2.761171043973655535e-11
2.087340079641469545e-11
1.567589410855239090e-11
1.171355913130833898e-11
8.721349451445152665e-12
6.478008965656014314e-12
4.804901790207557707e-12
3.561634116970325553e-12
2.640034004585896078e-12
1.957857738623372469e-12
1.453116486169975732e-12
1.079433488728687710e-12
8.023969339381188255e-13
5.967470527415390529e-13
4.438864036190470338e-13
3.301954318534197090e-13
2.456370610432573144e-13
1.828202214337478374e-13
1.361310106033628043e-13
1.014448480424730971e-13
7.571364311203857636e-14
5.663175780927739537e-14
4.249511963676179247e-14
3.205171296731508251e-14
2.436418624309516862e-14
1.873001618166559115e-14
1.462260845074663541e-14
1.166101147845014102e-14
9.554741900473090120e-15
8.088658456576350235e-15
7.098254866864938604e-15
6.458955363389647339e-15
6.071386306619745328e-15
5.859428424952720535e-15
5.758392713133396914e-15
