# bin_4_4
1.565123886714478382e-08
1.594389941572545921e-08
1.627957657543661518e-08
1.666324322249925293e-08
1.709998512533432645e-08
1.759544448643978087e-08
1.815585978232965085e-08
1.878815725370572337e-08
1.949878547219425841e-08
2.029254921447171046e-08
2.117164442295380380e-08
2.213756337280938136e-08
2.319374659502964811e-08
2.434293500476556697e-08
2.558513186188875954e-08
2.692162319114737755e-08
2.835303424248026418e-08
2.987467470066843642e-08
3.147084212806986652e-08
3.311727817152692530e-08
3.477173187179175891e-08
3.637961366009675742e-08
3.791394806168680346e-08
3.937161142230349782e-08
4.074389346452225154e-08
4.193606266170568437e-08
4.284130633321782934e-08
4.345480951331763251e-08
4.375020579459199979e-08
4.366462617872206669e-08
4.312968314023336319e-08
4.215022450601254823e-08
4.072547852817138050e-08
3.883736065047729209e-08
3.655152653907090838e-08
3.390722695476998583e-08
3.099995342936788432e-08
2.792541104172761129e-08
2.480052874067317731e-08
2.173424913890881868e-08
1.882682761179654356e-08
1.614963750314476626e-08
1.374005109548197823e-08
1.160219421704344702e-08
9.717386299646250568e-09
8.061117391646974222e-09
6.618462464325734512e-09
5.386596948502766126e-09
4.363416005443148883e-09
3.531974996441400035e-09
2.859581307241173580e-09
2.313953780648317841e-09
1.873585487032675988e-09
1.521238699644840296e-09
1.239136210113058007e-09
1.012588296975782590e-09
8.300620801135406586e-10
6.820571661742840086e-10
5.611639797536016114e-10
4.616260852447542856e-10
3.790587966017292639e-10
3.101562096296644297e-10
2.524458656924442925e-10
2.040736317709191042e-10
1.636280619743940948e-10
1.300000310055779781e-10
1.022769863371578222e-10
7.966839605279176469e-11
6.145992880907161015e-11
4.699053680346484996e-11
3.564657716074142264e-11
2.686617568424089997e-11
2.014742651269468624e-11
1.505548075289752444e-11
1.122556790305132085e-11
8.360949925916589415e-12
6.226545744466800192e-12
4.639990981762717748e-12
3.461911681039046022e-12
2.586890968004007539e-12
1.935822742440789472e-12
1.450048591255682768e-12
1.086662491142959114e-12
8.144703175254146836e-13
6.105232234276966178e-13
4.576734783547276008e-13
3.432405004514916729e-13
2.575251227816311240e-13
1.933894557495016689e-13
1.454277350470226505e-13
1.095856944187519641e-13
8.283585232282686649e-14
6.291519992144274895e-14
4.812177422374300006e-14
3.717938189046926016e-14
2.913285668682924581e-14
2.326950466047913430e-14
1.905225200660939846e-14
1.607805846003782930e-14
1.403697483262723469e-14
