# bin_4_2
1.339552210465830683e-08
1.362282662784409215e-08
1.388232447220620603e-08
1.417731621026281501e-08
1.451102602123173287e-08
1.488696045642126515e-08
1.530887635585471929e-08
1.578084607462571829e-08
1.630647757710087516e-08
1.688789075210447933e-08
1.752513733777911422e-08
1.821784116252740510e-08
1.896726311374930005e-08
1.977400745593853688e-08
2.063604424689206936e-08
2.155023928162135994e-08
2.250649015356380815e-08
2.348840292648372852e-08
2.447260641256352398e-08
2.541724737975817706e-08
2.629204074259352773e-08
2.708345264093478001e-08
2.779283190547556886e-08
2.839615633326116420e-08
2.880460280528260167e-08
2.897344325867109674e-08
2.891624801787457097e-08
2.860859742762371210e-08
2.800995124292800201e-08
2.710250981673541605e-08
2.592173467974964774e-08
2.446710775520480612e-08
2.277264702369049060e-08
2.090224020923000682e-08
1.890555867059857051e-08
1.686435503466915647e-08
1.484414465991282598e-08
1.291389905512463282e-08
1.112161896585083730e-08
9.496009142768859780e-09
8.045573190379571164e-09
6.762727272056070231e-09
5.634675544948075942e-09
4.651571084765186658e-09
3.809184600707792487e-09
3.103868338799144685e-09
2.525406532064980215e-09
2.055175410799115155e-09
1.672789917190294547e-09
1.362933976448461281e-09
1.113674945902619222e-09
9.132277807192517350e-10
7.513734986203053801e-10
6.202501630267910625e-10
5.133032286578355476e-10
4.253598378840535139e-10
3.524098827749883052e-10
2.913907092000002557e-10
2.400054778127962777e-10
1.965504925575720089e-10
1.597673073830130943e-10
1.287157929789590234e-10
1.026670463534845003e-10
8.102225790967189629e-11
6.325344077051192597e-11
4.886777028143162779e-11
3.739167289168281446e-11
2.836998849100661562e-11
2.137460082874570837e-11
1.601583225570591419e-11
1.195203200070012585e-11
8.894628152179043118e-12
6.607996066090172939e-12
4.905099682750840652e-12
3.640639561763067170e-12
2.703417011030909559e-12
2.009207777998355243e-12
1.494764402756333721e-12
1.113059703345641578e-12
8.292948520377806095e-13
6.180224751983710183e-13
4.606228636199617020e-13
3.434012857453379426e-13
2.560671842209619747e-13
1.910166122385721688e-13
1.426048352922578318e-13
1.065846923519834751e-13
7.980052525239317986e-14
5.991625332900384172e-14
4.518450609752727701e-14
3.429749648036608739e-14
2.627632724960438275e-14
2.040389253620210791e-14
1.613867964804198160e-14
1.307939877703549436e-14
1.092324183210021835e-14
9.443616697408777319e-15
8.464787079077263649e-15
7.854704463013809564e-15
7.503035128251312139e-15
