# bin_3_3
1.486191469375863304e-08
1.512434955628311344e-08
1.542462600235265788e-08
1.576683223291076466e-08
1.615521986261836182e-08
1.659438655692871581e-08
1.708929924340672065e-08
1.764537758463365910e-08
1.826775885047035665e-08
1.896023552530417260e-08
1.972470767706559438e-08
2.056282014916058536e-08
2.147783748260703701e-08
2.247239251639165127e-08
2.354609178671341871e-08
2.469663516945481955e-08
2.591811837714579929e-08
2.719348527580388337e-08
2.849493270992806468e-08
2.978543504209723776e-08
3.103206521244447950e-08
3.222454467199482544e-08
3.335980697184492622e-08
3.439413339383774562e-08
3.523839876656292676e-08
3.583938598885396439e-08
3.619947644476740361e-08
3.627335288200809867e-08
3.600190130513586881e-08
3.535316911818152081e-08
3.434240866414514860e-08
3.294582163062209927e-08
3.118890794232647227e-08
2.911868564116005060e-08
2.678629913413041853e-08
2.427926643107381472e-08
2.168405663986948910e-08
1.910002192432411379e-08
1.661634391909463078e-08
1.430410773178401285e-08
1.220824791763209969e-08
1.034274559416564898e-08
8.696742901808060473e-09
7.248160832164801246e-09
5.979169927442082964e-09
4.884767072785509468e-09
3.966845413943501919e-09
3.217951159094510856e-09
2.613129829576665009e-09
2.121879765268132048e-09
1.723457128184698583e-09
1.403865530365918413e-09
1.147817039440627507e-09
9.417936810571417510e-10
7.755117722775964961e-10
6.404265536514031808e-10
5.297928781322289640e-10
4.383809942482059677e-10
3.621953549374015441e-10
2.982333515367349486e-10
2.442671351367368140e-10
1.986526790980616759e-10
1.601657143176501721e-10
1.278680359031784291e-10
1.010015449041360293e-10
7.891117824264832447e-11
6.099503785552136530e-11
4.667889802284357914e-11
3.541074917504992878e-11
2.666815282765500342e-11
1.997143513682470234e-11
1.489634244127539500e-11
1.108196924873233264e-11
8.232340132340242135e-12
6.112195056692560935e-12
4.538965693589076751e-12
3.373297420416372408e-12
2.509934102645740757e-12
1.869998297268753961e-12
1.394630103394049829e-12
1.040604459974730257e-12
7.765151303228773737e-13
5.794994447321681136e-13
4.324870370878147136e-13
3.228316298005543754e-13
2.410733202896993197e-13
1.801436576551844939e-13
1.347503883655416465e-13
1.009666643701400170e-13
7.585579624657842234e-14
5.722095506202757106e-14
4.341872706465807685e-14
3.324433459453289212e-14
2.577739505161084652e-14
2.034121734026348912e-14
1.643452399689119890e-14
1.367171528337544163e-14
1.176967813875196951e-14
1.050897262925359043e-14
9.721727084931925284e-15
