# bin_4_1
1.120854618652093864e-08
1.139295491511414690e-08
1.160301351164710908e-08
1.184107236603393567e-08
1.210925615228823555e-08
1.240987683139509625e-08
1.274544855005621273e-08
1.311877308197976978e-08
1.353177785630656677e-08
1.398434152309437417e-08
1.447339584386379844e-08
1.499486129395976841e-08
1.554636956776202304e-08
1.612476447718257336e-08
1.672427113460175925e-08
1.734074500755075379e-08
1.797010760268381330e-08
1.860428240148435548e-08
1.922625245352704666e-08
1.981300266159280243e-08
2.032711036315608785e-08
2.072293622877761601e-08
2.098590430908882669e-08
2.112997542302072435e-08
2.116977986614865380e-08
2.104462153298061180e-08
2.068899716120367080e-08
2.014061421369453845e-08
1.942290228642492215e-08
1.852838378984811372e-08
1.744637034409149615e-08
1.623078837250478140e-08
1.492358909325829094e-08
1.353703400703064971e-08
1.214125645206400341e-08
1.075860984664860442e-08
9.434761832744799804e-09
8.190680370449106012e-09
7.046642503705905990e-09
6.007828652557963305e-09
5.078309859870458770e-09
4.257092343693803471e-09
3.542090559832923713e-09
2.929541018914335158e-09
2.412199336125947123e-09
1.979509663989413571e-09
1.620366168823598372e-09
1.324287700071281953e-09
1.081759573262295845e-09
8.846448163222775761e-10
7.251646619721155052e-10
5.957754409258418960e-10
4.903540018323511581e-10
4.042255161645380428e-10
3.335227982476911971e-10
2.750903459987429532e-10
2.265132353407865360e-10
1.859219793370195165e-10
1.518960292068739312e-10
1.233522254892648254e-10
9.945621747772084890e-11
7.954578364441142565e-11
6.307598400876607106e-11
4.957677253420939803e-11
3.862829586893863953e-11
2.984782743122658367e-11
2.288571938379068706e-11
1.742579857507651452e-11
1.318782719125930965e-11
9.929016789246753218e-12
7.443907249279886732e-12
5.562445943429370449e-12
4.146667859082713445e-12
3.086568226853190351e-12
2.295757247729092690e-12
1.707308737856991039e-12
1.270033292930930518e-12
9.452431768978666925e-13
7.039632002917541254e-13
5.246739477955177073e-13
3.913492533415371098e-13
2.920718619519017667e-13
2.180748864132542541e-13
1.629287781583448045e-13
1.218356297077279742e-13
9.117187252319256592e-14
6.838667089537457643e-14
5.140811915947560608e-14
3.881021466923794296e-14
2.948022645333637010e-14
2.258690600380724465e-14
1.751836890877952107e-14
1.382055074881961005e-14
1.114821634218285169e-14
9.240760553556968103e-15
7.902459520192722185e-15
6.985792206702801881e-15
6.376039402478051399e-15
5.984688207699505047e-15
5.741858849243627535e-15
