# bin_3_2
1.319142745847979596e-08
1.341283393364279446e-08
1.366545694631631610e-08
1.395245163186566550e-08
1.427687519454188610e-08
1.464206136808736641e-08
1.505150879139723922e-08
1.550907110842141458e-08
1.601811345394807235e-08
1.658047367079218047e-08
1.719602633913844843e-08
1.786413555715932733e-08
1.858580305534235199e-08
1.936131182913422489e-08
2.018832716698474378e-08
2.106275781131324365e-08
2.197364328111879441e-08
2.290395780694573727e-08
2.382931205001785606e-08
2.470779417270004129e-08
2.551170777388203677e-08
2.622968284545091321e-08
2.686317866007555809e-08
2.738274177819559665e-08
2.769993629292219047e-08
2.778140685842670123e-08
2.764031941060698059e-08
2.725248154156122441e-08
2.657867712016685584e-08
2.561170119648820672e-08
2.438926341090011840e-08
2.291070727478610902e-08
2.122017139492479610e-08
1.937901537484987056e-08
1.743958568536465168e-08
1.548083304426425222e-08
1.356475441807696406e-08
1.175270233910614185e-08
1.008565198678299056e-08
8.584136717322012240e-09
7.250997678722744097e-09
6.075973255092868997e-09
5.046246119378776302e-09
4.153265784746205076e-09
3.393283850077892784e-09
2.761590945217017601e-09
2.246294503296776196e-09
1.828583538678884158e-09
1.489629100016556926e-09
1.215546706235704137e-09
9.951374457740514540e-10
8.177202956394330673e-10
6.743194852684600049e-10
5.578332471212955885e-10
4.624756843268639395e-10
3.837379522377840448e-10
3.181329170355623700e-10
2.630262252724416094e-10
2.164555427219229071e-10
1.769742314611985607e-10
1.435154505642524753e-10
1.152773583951618224e-10
9.162770376879136447e-11
7.203340004060811260e-11
5.601116947401056236e-11
4.310036280332560971e-11
3.285371632481882219e-11
2.484093332845751798e-11
1.865949902492135085e-11
1.394640209861913024e-11
1.038684029008294210e-11
7.717917685255011393e-12
5.727270293591381310e-12
4.247920134406823548e-12
3.151164301095064480e-12
2.339113486219294302e-12
1.737989336363390194e-12
1.292625206586892908e-12
9.621823984972729544e-13
7.165138706408391115e-13
5.336352586530742085e-13
3.974423536136213697e-13
2.960912003170895092e-13
2.206329793436921966e-13
1.644867880712635602e-13
1.227351639122236388e-13
9.171052915295686747e-14
6.866720716654231095e-14
5.158297399232145571e-14
3.894594261718364258e-14
2.962500230978855487e-14
2.277379298916298770e-14
1.778101819425717217e-14
1.417115336079540541e-14
1.159816423667629386e-14
9.805734623885196012e-15
8.591571072261799013e-15
7.806633458170775700e-15
7.331218696781228475e-15
7.070778036120627057e-15
